       0
       0
       0
       0
       0
       0
       0
       0
       0
       0
       0
       0
       0
       0
       0
       0
       0
       0
       0
       0
       0
       0
       0
       0
       0
       0
       0
       0
       0
       0
       0
       0
       0
       0
       0
       0
       0
       0
       0
       0
       0
       0
       0
       0
       0
       0
       0
       0
       0
       0
       0
       0
       0
       0
       0
       0
       0
       0
       0
       0
       0
       0
       0
       0
       0
       0
       0
       0
       0
       0
       0
       0
       0
       0
       0
       0
       0
       0
       0
       0
       0
       0
       0
       0
       0
       0
       0
       0
       0
       0
       0
       0
       0
       0
       1
       5
      30
     135
     160
     147
     169
     161
     167
     150
     152
     129
     129
     135
     134
     128
     145
     123
     144
     134
     130
     135
     159
     144
     130
     149
     141
     132
     154
     113
     144
     136
     139
     147
     148
     159
     139
     139
     157
     174
     178
     152
     147
     129
     152
     156
     148
     162
     158
     190
     169
     150
     171
     178
     181
     190
     180
     187
     183
     182
     227
     190
     229
     222
     234
     234
     213
     215
     220
     208
     200
     234
     213
     235
     231
     253
     228
     215
     214
     235
     254
     262
     245
     249
     260
     380
     599
     841
     778
     626
     562
     768
    1163
    1227
     912
     515
     275
     194
     207
     216
     190
     192
     216
     207
     201
     209
     203
     193
     189
     217
     244
     214
     250
     266
     264
     424
     579
     660
     595
     441
     349
     324
     325
     393
     377
     351
     300
     283
     251
     256
     242
     248
     248
     266
     252
     233
     274
     265
     252
     246
     268
     243
     244
     213
     271
     255
     257
     236
     258
     258
     242
     284
     239
     278
     259
     262
     254
     306
     251
     260
     233
     264
     234
     240
     235
     232
     249
     232
     258
     222
     244
     221
     249
     241
     232
     222
     238
     231
     231
     242
     216
     197
     195
     204
     201
     211
     209
     182
     184
     182
     197
     192
     205
     195
     175
     209
     180
     192
     188
     191
     190
     167
     189
     175
     220
     183
     345
     866
    2036
    3262
    3852
    2917
    1643
     663
     275
     187
     170
     158
     151
     165
     144
     157
     185
     151
     151
     177
     126
     158
     152
     177
     153
     177
     170
     165
     163
     179
     173
     156
     148
     178
     164
     163
     207
     264
     400
     570
     555
     482
     361
     201
     163
     151
     184
     178
     175
     170
     154
     157
     148
     137
     162
     166
     176
     172
     202
     164
     161
     151
     169
     177
     151
     153
     165
     168
     159
     186
     162
     191
     172
     160
     177
     177
     164
     139
     187
     172
     182
     172
     156
     174
     176
     169
     154
     176
     162
     179
     159
     166
     180
     180
     156
     155
     185
     180
     185
     172
     188
     183
     165
     172
     153
     170
     161
     156
     162
     170
     182
     172
     181
     148
     160
     167
     177
     172
     164
     166
     168
     178
     153
     196
     150
     181
     174
     178
     180
     209
     200
     212
     186
     183
     194
     181
     173
     180
     179
     176
     163
     170
     186
     211
     211
     183
     203
     167
     172
     205
     194
     191
     201
     180
     195
     178
     173
     174
     196
     201
     195
     188
     209
     190
     200
     200
     177
     210
     158
     208
     185
     217
     167
     210
     213
     207
     216
     218
     210
     176
     215
     202
     220
     203
     199
     216
     210
     241
     232
     223
     210
     204
     220
     217
     208
     204
     239
     222
     204
     230
     195
     232
     208
     231
     225
     240
     214
     205
     186
     203
     242
     221
     197
     220
     242
     237
     223
     208
     209
     192
     197
     231
     183
     187
     172
     189
     205
     216
     166
     172
     196
     205
     196
     174
     214
     215
     183
     192
     190
     174
     196
     181
     211
     182
     223
     201
     203
     192
     181
     214
     193
     182
     203
     185
     204
     200
     211
     194
     202
     195
     202
     196
     212
     179
     203
     207
     225
     200
     208
     204
     173
     198
     210
     219
     184
     196
     207
     213
     187
     207
     198
     185
     194
     206
     206
     204
     173
     183
     190
     219
     196
     190
     194
     189
     186
     208
     178
     159
     175
     177
     174
     159
     165
     166
     168
     174
     179
     158
     145
     146
     170
     162
     175
     144
     155
     170
     162
     152
     171
     149
     140
     145
     138
     157
     136
     135
     133
     141
     141
     158
     133
     140
     125
     134
     158
     116
     160
     124
     131
     127
     114
     148
     138
     146
     115
     122
     126
     141
     141
     120
     126
     115
     118
     125
     136
     123
     118
     126
     135
     130
     122
     117
     124
     129
     127
     121
     134
     123
     121
     131
     121
     125
     120
     141
     141
     121
     115
     100
     110
     118
     125
     122
     105
     114
     104
     126
     100
     102
     109
     133
     125
     121
      97
     123
     129
     119
     109
      94
      99
     116
     113
     116
     112
     111
     121
     102
     118
     122
     109
     117
     105
      98
     104
     112
     102
     108
     104
     109
     108
     109
     112
      96
     130
      85
     102
      96
     116
     122
      93
     113
     108
      90
      96
     109
     112
     104
     118
     106
     115
     104
     110
     113
     119
     105
     107
      89
     117
     111
     106
     105
     101
     107
     101
     116
     104
     119
     107
     104
     116
      97
     116
     105
      91
     114
     103
      93
     123
     106
     118
      99
      97
     121
     102
      97
      96
      99
      84
     124
     100
     103
     114
     112
      96
     102
     108
     118
     131
     121
     119
     108
     102
      89
     110
     100
      96
      92
     109
      98
     114
     107
      94
     113
      98
     101
     105
     104
      99
     118
      94
      93
     106
     104
      89
      94
     106
     114
     100
     106
     106
     112
     115
     100
      98
     100
     113
     105
      93
      97
     126
      95
     114
     102
      94
      83
     119
     112
      89
     107
     111
      90
      97
     110
      82
     104
     115
      89
      76
      89
      93
      93
      97
     106
      87
      72
      74
      87
      94
      89
      83
      68
      76
      90
      65
      73
      86
      80
      89
      70
      88
      90
      81
      79
      69
      84
      81
      85
      90
      80
      83
      77
      94
      83
      71
      73
      82
      80
      66
      89
      65
      95
      80
      60
      64
      77
      95
      72
      90
      86
      59
      74
      74
      78
      85
      57
      64
      75
      70
      60
      76
      65
      62
      70
      74
      68
      70
      74
      87
      69
      67
      60
      62
      70
      69
      84
      61
      78
      88
      71
      62
      60
      73
      61
      57
      68
      59
      79
      75
      70
      77
      65
      60
      65
      75
      72
      54
      63
      81
      72
      61
      69
      55
      51
      59
      76
      63
      65
      57
      66
      54
      54
      61
      56
      65
      73
      71
      62
      49
      71
      78
      56
      61
      74
      63
      61
      52
      68
      62
      72
      57
      71
      68
      77
      58
      60
      63
      64
      54
      63
      73
      66
      64
      56
      56
      63
      59
      66
      44
      53
      80
      59
      43
      62
      54
      46
      60
      61
      55
      75
      56
      58
      52
      59
      49
      61
      54
      44
      54
      60
      47
      55
      59
      65
      57
      53
      58
      63
      54
      51
      57
      50
      56
      66
      57
      59
      53
      52
      60
      44
      51
      56
      48
      59
      53
      48
      48
      52
      58
      64
      65
      50
      49
      48
      61
      65
      57
      59
      62
      62
      47
      51
      50
      53
      46
      48
      49
      54
      65
      66
      53
      55
      73
      59
      61
      61
      51
      50
      52
      46
      51
      43
      48
      43
      48
      50
      62
      46
      56
      58
      50
      58
      55
      43
      41
      51
      41
      53
      46
      38
      44
      54
      45
      60
      53
      51
      46
      51
      48
      57
      46
      63
      46
      56
      51
      57
      49
      37
      51
      51
      55
      58
      60
      55
      44
      59
      55
      47
      49
      46
      51
      49
      55
      58
      63
      49
      53
      46
      57
      47
      57
      62
      55
      46
      41
      46
      49
      62
      67
      51
      67
      45
      55
      46
      64
      38
      39
      53
      60
      49
      40
      67
      47
      45
      48
      55
      54
      65
      56
      62
      59
      52
      44
      64
      55
      52
      41
      52
      48
      64
      58
      47
      55
      49
      61
      51
      64
      46
      57
      48
      49
      54
      47
      50
      44
      62
      58
      52
      42
      52
      48
      53
      43
      47
      61
      59
      52
      58
      58
      57
      63
      56
      48
      55
      56
      60
      55
      42
      58
      50
      53
      61
      47
      53
      71
      56
      52
      62
      39
      55
      52
      54
      50
      52
      62
      57
      59
      56
      60
      50
      57
      62
      59
      60
      52
      59
      65
      58
      39
      48
      59
      52
      60
      52
      56
      55
      71
      67
      72
      86
     107
     126
     178
     266
     374
     543
     744
     961
    1189
    1522
    1494
    1644
    1527
    1264
    1060
     746
     553
     349
     217
     154
     130
     110
      60
      49
      61
      52
      49
      51
      50
      47
      61
      62
      53
      53
      59
      58
      52
      62
      47
      61
      57
      51
      54
      52
      56
      59
      64
      62
      59
      56
      58
      53
      55
      71
      65
      49
      46
      61
      59
      56
      46
      65
      58
      62
      70
      65
      49
      60
      54
      60
      50
      49
      74
      52
      78
      61
      40
      65
      78
      45
      64
      50
      55
      53
      66
      70
      51
      52
      62
      70
      65
      64
      72
      67
      50
      63
      67
      68
      68
      54
      55
      61
      67
      58
      60
      65
      51
      56
      65
      57
      62
      56
      56
      67
      77
      80
      67
      63
      58
      61
      65
      76
      57
      80
      64
      76
      64
      64
      71
      63
      57
      64
      60
      62
      69
      73
      72
      74
      65
      83
      72
      63
      65
      68
      71
      79
      69
      69
      91
      64
      55
      60
      74
      59
      72
      60
      78
      75
      75
      76
      74
      68
      71
      74
      70
      78
      77
      73
      76
      71
      82
      81
      76
      56
      76
      71
      78
      72
      77
      77
      68
      68
      70
      82
      69
      54
      88
      70
      89
      67
      66
      78
      85
      85
      87
      75
      67
      76
      61
      83
      64
      75
      63
      85
      85
      94
      77
      74
      77
      66
      77
      80
      73
      70
      72
      80
      77
      84
      78
      96
      86
      92
      80
      69
      94
      94
      65
      87
      86
      78
      83
      85
      71
      71
      75
      84
      80
      89
      74
      84
      82
      75
      90
      99
      83
      81
      83
      97
      79
      80
      90
      69
      78
      84
      89
      69
      84
      82
      63
      83
      90
      86
      86
      82
      69
      77
      71
      86
      79
      77
      85
      79
      58
      52
      61
      60
      55
      56
      81
      57
      57
      43
      49
      60
      52
      39
      59
      49
      33
      46
      42
      47
      51
      40
      36
      69
      43
      47
      42
      35
      46
      40
      52
      47
      52
      49
      42
      49
      46
      37
      53
      40
      34
      43
      36
      40
      37
      57
      50
      37
      37
      41
      31
      40
      41
      41
      40
      40
      47
      45
      32
      40
      42
      34
      33
      39
      41
      33
      44
      37
      27
      37
      42
      39
      35
      38
      34
      41
      36
      38
      33
      41
      41
      32
      41
      37
      31
      34
      33
      30
      36
      48
      46
      35
      29
      36
      36
      34
      32
      42
      28
      44
      28
      37
      28
      34
      38
      30
      25
      26
      34
      29
      29
      28
      31
      35
      31
      30
      31
      43
      35
      31
      21
      37
      32
      29
      24
      42
      36
      35
      24
      36
      23
      37
      37
      28
      32
      29
      39
      27
      34
      25
      34
      33
      34
      28
      18
      29
      27
      23
      28
      27
      25
      24
      25
      26
      24
      18
      26
      16
      20
      26
      16
      28
      25
      13
      35
      20
      20
      17
      23
      23
      18
      24
      20
      26
      18
      18
      17
      20
      31
      24
      21
      15
      19
      10
      23
      28
      11
      28
      19
      18
      18
      17
      25
      16
      25
      17
      17
      18
      21
      17
      12
      17
      14
      20
      16
      17
      17
      12
       7
      14
      19
      16
      14
      16
      16
      15
      16
      16
      19
      14
      12
      13
      10
      15
       9
       8
      18
       8
      17
      10
      15
      16
      12
       9
      13
      17
      12
      12
      12
       9
      14
      12
      17
       9
      16
      13
      10
      16
      11
      10
       6
       5
       9
      15
       7
      11
       7
      10
       5
       9
      13
      17
       7
      13
      10
       6
      12
      13
      11
      10
       7
      12
      10
      10
      15
       4
      12
       9
       4
       8
       8
      11
       9
       8
       6
      12
      11
       9
      14
       4
       7
      12
      10
       6
       3
       8
       8
       7
       2
       7
       6
       9
       9
       6
       8
       7
      22
      10
       7
       8
      10
      15
       9
      12
       9
       8
      21
       9
      14
      12
       8
       8
       8
       8
       7
      11
      13
       7
      14
       6
       9
       9
       7
      10
      10
       9
       9
       7
       5
       5
       8
       7
       5
       9
       5
       9
       7
       8
      12
       6
       3
      11
       4
       9
       9
       8
      10
       8
      10
      12
       5
       6
      10
       2
       8
       8
       8
      10
       5
       8
       7
       9
      11
      10
       6
       7
       3
       8
       4
       6
      10
      11
       9
       5
      10
      11
       9
       3
       8
       9
       6
       6
       3
       6
       9
       9
       6
       6
       9
       7
       8
       6
      12
       7
       6
      12
       6
       6
       2
       6
       3
      10
       4
       8
      10
       4
       9
       6
       6
       1
       9
       4
      12
       8
       5
       8
       5
       9
       8
      13
       8
       5
       7
       5
       6
       9
      10
       7
       7
       2
       7
       4
       5
       6
       9
      11
       9
       6
       9
       6
       3
       6
       4
       6
      11
       7
       8
       5
       7
      11
      13
       8
       8
       9
       8
      13
       9
      16
      31
      31
      66
     106
     169
     275
     380
     513
     799
    1135
    1640
    2070
    2581
    2886
    2952
    2867
    2534
    2054
    1386
     818
     490
     241
     116
      65
      28
      10
       4
       4
       3
       5
       4
       2
       4
       5
       2
       0
       4
       3
       2
       6
       1
       6
       2
       4
       1
       6
       3
       5
       4
       4
       2
       4
       5
       2
       3
       4
       3
       7
       3
       1
       5
       3
       2
       4
       5
       4
       1
       5
       3
       2
       4
       3
       4
       6
       2
       7
      11
       4
       6
       2
       6
       7
       4
       1
       3
       5
       2
       2
       3
       7
       4
       5
       5
       8
      11
      15
      17
      34
      37
      49
      65
      84
      87
      99
      90
     106
      75
      52
      33
      22
      12
       8
      10
       7
       4
       5
       4
       2
       2
       5
       3
       3
       2
       1
       7
       3
       4
       7
       3
       3
       3
       6
       3
       1
       0
       4
       2
       5
       7
      15
       6
      13
      19
      21
      20
      12
      15
      14
      14
      13
      10
       7
       1
       4
       2
       3
       4
       3
       2
       1
       2
       2
       1
       1
       4
       3
       2
       3
       4
       3
       3
       3
       0
       2
       3
       1
       3
       1
       1
       1
       4
       3
       7
       1
       1
       2
       0
       1
       5
       6
       6
       4
       2
       5
       3
       3
       4
       3
       0
       0
       4
       2
       3
       1
       0
       5
       2
       3
       1
       0
       2
       3
       3
       5
       4
       5
       1
       5
       4
       2
       1
       4
       2
       2
       4
       1
       0
       5
       1
       3
       1
       4
       6
       8
       2
       4
       4
       7
       1
       4
       4
       0
       5
       4
       1
       1
       3
       4
       3
       4
       2
       3
       5
       2
       3
       1
       6
       3
       1
       1
       2
       4
       2
       2
       1
       3
       7
       2
       4
       4
       5
       2
       3
       6
       2
       0
       2
       2
       1
       1
       2
       2
       3
       2
       2
       4
       8
       2
       2
       1
       1
       3
       6
       1
       5
       1
       7
       3
       5
       1
       2
       3
       3
       3
       2
       5
       0
       3
       3
       5
       2
       0
       3
       4
       4
       3
       5
       2
       2
       3
       5
       4
       4
       6
       6
       4
       5
       3
       0
       4
       3
       4
       1
       5
       4
       4
       2
       1
       5
       4
       3
       3
       5
       1
       4
       2
       2
       3
       5
       1
       4
       4
       1
       4
       5
       4
       2
       3
       5
       0
       3
       1
       3
       2
       3
       6
       1
       2
       2
       3
       3
       2
       2
       2
       2
       1
       0
       3
       2
       3
       2
       4
       1
       5
       2
       0
       3
       2
       3
       2
       1
       2
       3
       2
       4
       3
       2
       4
       7
       3
       0
       2
       2
       0
       4
       3
       3
       1
       3
       3
       3
       6
       6
       4
       3
       3
       3
       4
       4
       2
       4
       2
       3
       6
       2
       4
       2
       7
       4
       3
       4
       5
       6
       3
       3
       2
       2
       1
       3
       5
       5
       5
       4
       3
       2
       2
       2
       6
       2
       2
       1
       5
       4
       3
       4
       2
       4
       4
       4
       2
       3
       0
       2
       4
       1
       4
       1
       3
       2
       2
       2
       7
       3
       3
       2
       2
       5
       5
       2
       4
       2
       5
       3
       2
       4
       4
       5
       2
       4
       4
       2
       3
       1
       5
       5
       3
       4
       2
       1
       6
       2
       4
       6
       3
       3
       3
       2
       3
       0
       1
       5
       2
       4
       2
       3
       3
       6
       1
       3
       2
       5
       1
       4
       6
       3
       2
       3
       5
       6
       3
       3
       4
       4
       2
       2
       5
       1
       2
       1
       3
       3
       3
       2
       2
       1
       2
       3
       3
       3
       2
       2
       1
       1
       0
       2
       4
       1
       2
       1
       1
       4
       5
       4
       2
       2
       4
       4
       2
       1
       6
       6
       6
      14
      12
      10
      12
       5
      11
      10
      11
       9
      10
       6
       5
       3
       1
       5
       1
       2
       4
       5
       1
       3
       3
       0
       2
       2
       0
       3
       3
       3
       0
       3
       1
       4
       0
       1
       2
       2
       1
       0
       2
       2
       1
       3
       2
       1
       0
       2
       2
       3
       2
       4
       4
       3
       0
       2
       1
       1
       3
       0
       4
       1
       2
       0
       3
       2
       1
       2
       3
       0
       1
       2
       1
       1
       0
       3
       2
       3
       5
       5
       2
       1
       0
       4
       0
       2
       2
       4
       2
       4
       3
       1
       3
       2
       0
       1
       1
       2
       2
       2
       1
       2
       2
       0
       0
       0
       3
       3
       6
       1
       0
       2
       2
       1
       3
       4
       2
       4
       2
       2
       1
       2
       1
       5
       0
       5
       3
       2
       2
       1
       1
       4
       1
       3
       4
       3
       4
       1
       3
       3
       2
       0
       1
       1
       2
       2
       2
       1
       2
       3
       3
       1
       1
       2
       1
       0
       1
       0
       1
       0
       5
       1
       0
       1
       0
       2
       3
       2
       4
       3
       2
       2
       2
       0
       0
       3
       3
       1
       1
       3
       0
       1
       1
       2
       3
       3
       2
       2
       2
       1
       2
       2
       1
       3
       3
       0
       5
       4
       3
       3
       0
       3
       2
       1
       0
       0
       1
       2
       3
       0
       4
       1
       4
       1
       3
       3
       4
       4
       3
       1
       1
       0
       3
       2
       1
       1
       2
       1
       2
       0
       1
       1
       2
       2
       2
       0
       2
       1
       1
       1
       3
       2
       1
       2
       1
       1
       2
       0
       2
       1
       1
       4
       1
       0
       3
       2
       1
       4
       1
       1
       3
       2
       2
       1
       1
       0
       0
       1
       2
       1
       2
       1
       4
       1
       0
       1
       2
       4
       1
       1
       6
       0
       0
       2
       2
       1
       2
       3
       0
       6
       1
       2
       1
       2
       0
       1
       4
       4
       0
       0
       1
       0
       2
       0
       4
       2
       0
       2
       1
       0
       3
       1
       1
       1
       0
       1
       2
       1
       2
       2
       0
       5
       1
       2
       0
       0
       1
       1
       2
       1
       2
       2
       2
       2
       5
       1
       3
       3
       4
       4
       5
       3
       5
       3
       7
       3
       6
       6
       3
       3
       0
       3
       3
       1
       0
       2
       1
       1
       1
       1
       1
       2
       1
       1
       2
       0
       0
       2
       1
       0
       1
       0
       2
       3
       2
       0
       3
       0
       0
       1
       2
       3
       0
       1
       2
       3
       1
       6
       3
       1
       0
       0
       1
       0
       0
       2
       3
       0
       0
       0
       1
       1
       2
       1
       1
       2
       0
       2
       3
       1
       2
       2
       0
       1
       4
       0
       3
       0
       2
       0
       2
       0
       3
       1
       1
       1
       1
       1
       2
       2
       1
       2
       0
       1
       2
       1
       0
       1
       2
       1
       1
       2
       2
       1
       1
       3
       0
       0
       1
       1
       2
       1
       1
       2
       1
       2
       0
       0
       1
       0
       1
       4
       1
       2
       1
       1
       1
       1
       3
       2
       3
       5
       1
       2
       0
       1
       0
       1
       3
       1
       1
       0
       0
       1
       1
       6
       1
       2
       6
       1
       4
       6
       4
       8
      12
      13
      13
      20
      20
      29
      46
      30
      40
      37
      36
      34
      31
      26
      22
      13
       9
       6
       6
       3
       3
       4
       1
       3
       2
       0
       1
       1
       1
       2
       0
       1
       0
       0
       1
       1
       0
       2
       1
       1
       1
       2
       1
       0
       1
       0
       2
       2
       0
       2
       1
       0
       0
       0
       0
       2
       5
       2
       1
       0
       1
       3
       1
       1
       0
       2
       2
       2
       2
       2
       1
       0
       1
       1
       0
       0
       1
       0
       1
       3
       0
       1
       0
       3
       1
       3
       1
       2
       2
       0
       0
       1
       1
       2
       2
       3
       1
       2
       3
       3
       4
       2
       1
       0
       6
       1
       1
       2
       0
       1
       2
       2
       0
       0
       3
       1
       2
       1
       2
       1
       1
       0
       0
       2
       2
       0
       1
       2
       0
       2
       0
       0
       1
       0
       2
       0
       2
       0
       1
       1
       1
       1
       2
       0
       1
       1
       2
       0
       2
       0
       2
       2
       2
       1
       0
       1
       5
       3
       1
       3
       0
       0
       2
       1
       2
       0
       3
       1
       1
       1
       0
       0
       1
       1
       2
       1
       2
       3
       0
       0
       3
       3
       2
       1
       2
       0
       0
       2
       2
       2
       2
       0
       1
       0
       2
       1
       1
       4
       1
       3
       3
       3
       1
       0
       0
       2
       3
       4
       1
       2
       2
       2
       0
       7
       3
       3
       6
       0
       1
       0
       3
       2
       0
       3
       3
       1
       3
       1
       2
       1
       2
       0
       0
       1
       3
       1
       1
       4
       4
       0
       1
       5
       3
       5
       6
       3
       6
       2
       2
       3
       0
       2
       3
       1
       1
       1
       1
       2
       0
       1
       3
       0
       0
       1
       1
       0
       0
       1
       0
       2
       0
       1
       1
       1
       2
       0
       1
       1
       0
       0
       0
       0
       1
       1
       2
       1
       1
       1
       2
       1
       2
       2
       1
       2
       0
       0
       0
       0
       0
       1
       2
       0
       4
       2
       2
       2
       0
       5
       1
       2
       3
       1
       2
       3
       1
       0
       2
       0
       2
       2
       2
       2
       1
       0
       1
       0
       0
       0
       0
       1
       1
       1
       2
       0
       2
       2
       0
       1
       0
       2
       1
       1
       2
       2
       4
       0
       1
       0
       0
       2
       1
       1
       1
       1
       0
       0
       0
       2
       4
       2
       0
       1
       2
       0
       2
       0
       2
       3
       0
       0
       0
       1
       0
       1
       0
       0
       1
       0
       0
       0
       3
       2
       2
       2
       1
       1
       2
       1
       1
       3
       0
       1
       1
       0
       0
       1
       0
       2
       0
       1
       0
       0
       1
       3
       1
       0
       1
       1
       0
       2
       0
       0
       2
       1
       0
       4
       1
       0
       1
       0
       0
       1
       0
       2
       1
       1
       0
       2
       1
       1
       0
       2
       1
       1
       2
       4
       0
       1
       1
       1
       0
       1
       1
       3
       0
       1
       2
       0
       0
       0
       3
       1
       0
       1
       0
       1
       1
       1
       0
       4
       1
       0
       1
       0
       0
       1
       1
       2
       2
       0
       2
       1
       0
       2
       0
       0
       1
       1
       0
       1
       2
       1
       1
       1
       1
       1
       1
       3
       1
       1
       2
       5
       2
       0
       0
       0
       1
       2
       1
       1
       2
       3
       1
       0
       0
       3
       0
       1
       0
       0
       3
       2
       2
       0
       1
       2
       1
       1
       0
       3
       0
       1
       0
       1
       1
       2
       1
       0
       1
       1
       1
       3
       0
       1
       1
       0
       1
       0
       0
       1
       2
       1
       0
       3
       1
       1
       1
       2
       3
       0
       0
       2
       1
       0
       0
       1
       2
       2
       0
       4
       2
       0
       1
       2
       0
       4
       0
       2
       3
       3
       1
       1
       1
       1
       1
       1
       1
       1
       2
       2
       1
       0
       1
       0
       0
       0
       1
       1
       0
       0
       1
       5
       0
       3
       0
       0
       1
       3
       1
       2
       1
       1
       0
       1
       0
       1
       0
       0
       0
       0
       0
       2
       2
       0
       0
       1
       1
       0
       1
       2
       2
       1
       1
       0
       1
       0
       1
       1
       1
       0
       1
       1
       0
       2
       0
       1
       2
       1
       1
       0
       1
       0
       1
       1
       1
       2
       2
       2
       1
       0
       1
       1
       1
       2
       0
       1
       1
       1
       0
       0
       3
       0
       2
       2
       2
       1
       0
       1
       1
       1
       0
       0
       0
       0
       2
       3
       2
       1
       1
       2
       1
       1
       2
       3
       0
       0
       1
       0
       0
       0
       2
       2
       0
       1
       4
       0
       1
       1
       1
       3
       0
       4
       1
       1
       2
       2
       1
       2
       0
       0
       0
       0
       1
       0
       1
       1
       0
       3
       1
       1
       0
       2
       0
       1
       1
       1
       3
       0
       3
       2
       1
       1
       2
       0
       1
       1
       1
       1
       1
       2
       0
       1
       0
       0
       0
       2
       0
       0
       2
       1
       1
       1
       1
       0
       0
       1
       0
       3
       2
       0
       1
       0
       1
       0
       0
       0
       0
       1
       2
       0
       1
       6
       1
       1
       0
       0
       0
       1
       0
       0
       1
       1
       2
       0
       0
       0
       0
       2
       0
       0
       0
       0
       0
       2
       0
       1
       0
       1
       0
       0
       0
       0
       1
       0
       2
       1
       2
       1
       1
       0
       0
       0
       1
       0
       1
       1
       0
       0
       0
       1
       1
       0
       1
       3
       0
       0
       0
       1
       2
       2
       0
       0
       0
       0
       0
       0
       0
       1
       0
       0
       0
       1
       2
       2
       0
       2
       2
       0
       1
       1
       1
       0
       1
       1
       0
       0
       0
       1
       0
       1
       0
       1
       1
       0
       1
       1
       0
       0
       0
       2
       0
       0
       1
       0
       1
       1
       3
       1
       0
       0
       1
       1
       0
       0
       2
       2
       0
       1
       0
       1
       0
       2
       1
       1
       0
       2
       0
       1
       1
       0
       0
       1
       1
       0
       0
       0
       0
       3
       1
       0
       0
       1
       0
       2
       0
       0
       0
       0
       1
       1
       2
       0
       0
       0
       1
       0
       0
       0
       0
       0
       0
       0
       1
       1
       0
       0
       0
       1
       1
       1
       0
       2
       0
       0
       0
       2
       2
       0
       1
       0
       0
       0
       1
       0
       0
       0
       2
       2
       0
       1
       1
       0
       1
       0
       0
       0
       0
       0
       1
       3
       2
       1
       0
       1
       1
       0
       0
       0
       1
       0
       0
       1
       0
       1
       1
       0
       1
       1
       0
       0
       1
       2
       0
       2
       1
       1
       1
       1
       0
       0
       0
       1
       0
       1
       0
       1
       1
       0
       1
       0
       0
       0
       1
       0
       1
       0
       1
       0
       0
       1
       2
       1
       0
       1
       4
       0
       0
       1
       0
       3
       1
       0
       0
       4
       0
       1
       1
       1
       2
       1
       1
       0
       3
       0
       2
       3
       1
       1
       0
       0
       0
       0
       0
       1
       0
       0
       1
       0
       0
       0
       0
       0
       1
       1
       0
       0
       0
       0
       1
       0
       0
       0
       1
       2
       2
       0
       2
       1
       1
       2
       0
       5
       3
       1
       5
       4
       9
       8
       4
       5
       3
       7
       6
       6
       5
       3
       6
       1
       5
       4
       2
       1
       1
       0
       1
       0
       1
       0
       0
       1
       0
       0
       1
       0
       0
       0
       2
       1
       0
       1
       2
       0
       0
       1
       3
       0
       1
       2
       1
       0
       0
       0
       0
       0
       0
       0
       1
       1
       0
       1
       1
       0
       0
       0
       0
       0
       0
       1
       0
       1
       1
       1
       0
       1
       0
       0
       0
       0
       0
       0
       0
       1
       0
       1
       1
       1
       3
       1
       0
       1
       0
       0
       2
       1
       0
       1
       0
       0
       0
       0
       0
       0
       0
       0
       0
       0
       0
       1
       2
       1
       0
       1
       0
       0
       1
       0
       0
       0
       0
       2
       0
       1
       0
       1
       1
       2
       0
       2
       0
       1
       1
       0
       0
       0
       2
       1
       0
       0
       0
       0
       3
       0
       2
       1
       0
       0
       0
       0
       2
       0
       0
       0
       1
       1
       1
       0
       1
       0
       0
       2
       0
       0
       0
       1
       1
       3
       2
       0
       0
       1
       1
       0
       0
       0
       1
       0
       1
       0
       0
       0
       0
       0
       1
       2
       1
       1
       0
       0
       1
       1
       1
       2
       0
       0
       0
       0
       0
       1
       0
       1
       1
       1
       1
       0
       0
       0
       2
       0
       0
       1
       1
       2
       0
       0
       0
       0
       0
       1
       0
       0
       3
       0
       1
       1
       0
       1
       1
       1
       1
       0
       0
       1
       0
       0
       1
       1
       0
       0
       2
       2
       2
       1
       3
       1
       2
       5
       5
       1
       6
       7
       4
       5
       3
       7
       6
       2
       8
       3
       4
       2
       2
       2
       1
       0
       0
       2
       0
       2
       3
       2
       0
       0
       0
       1
       0
       0
       3
       1
       0
       2
       0
       0
       1
       0
       1
       1
       0
       3
       0
       2
       0
       0
       0
       0
       1
       1
       0
       0
       0
       0
       0
       0
       1
       0
       0
       1
       0
       2
       0
       1
       0
       1
       0
       2
       1
       2
       0
       0
       0
       0
       2
       0
       0
       0
       0
       0
       0
       2
       1
       2
       0
       0
       2
       0
       0
       0
       1
       0
       0
       1
       0
       0
       0
       0
       1
       0
       2
       0
       1
       1
       1
       0
       1
       0
       0
       0
       0
       0
       1
       0
       1
       0
       1
       0
       0
       0
       2
       1
       0
       0
       1
       1
       0
       1
       0
       0
       1
       2
       0
       1
       0
       1
       0
       1
       1
       0
       0
       0
       1
       0
       1
       0
       0
       0
       2
       0
       0
       0
       1
       0
       1
       0
       0
       1
       0
       1
       0
       0
       0
       0
       0
       0
       2
       0
       0
       0
       1
       0
       0
       0
       1
       0
       0
       1
       0
       1
       1
       0
       1
       1
       0
       0
       2
       2
       0
       0
       0
       1
       0
       0
       1
       0
       0
       1
       0
       0
       0
       1
       0
       1
       1
       0
       2
       0
       2
       0
       0
       0
       0
       0
       0
       0
       0
       1
       1
       0
       0
       0
       0
       0
       0
       1
       0
       1
       0
       0
       1
       0
       0
       0
       0
       0
       0
       0
       1
       0
       1
       0
       0
       0
       1
       0
       3
       0
       1
       0
       0
       2
       0
       1
       0
       0
       0
       0
       1
       0
       0
       1
       1
       0
       1
       0
       0
       0
       1
       1
       0
       1
       0
       0
       0
       0
       0
       1
       0
       1
       1
       0
       1
       1
       0
       0
       0
       0
       0
       1
       0
       0
       0
       0
       1
       0
       1
       0
       0
       0
       0
       1
       0
       0
       0
       0
       0
       0
       1
       1
       1
       0
       1
       0
       2
       0
       0
       1
       0
       0
       0
       0
       0
       0
       1
       1
       1
       1
       1
       0
       0
       1
       1
       0
       0
       0
       0
       0
       0
       0
       0
       1
       0
       1
       1
       0
       1
       0
       0
       1
       0
       0
       1
       0
       0
       0
       0
       0
       0
       1
       1
       0
       0
       1
       0
       0
       2
       0
       0
       1
       0
       0
       1
       0
       0
       0
       0
       0
       0
       0
       0
       0
       1
       1
       1
       2
       1
       0
       0
       0
       0
       0
       3
       0
       1
       0
       0
       0
       0
       0
       0
       0
       1
       0
       0
       0
       0
       0
       1
       0
       0
       0
       1
       0
       0
       1
       0
       2
       0
       1
       0
       0
       1
       1
       0
       1
       3
       0
       1
       0
       0
       0
       1
       0
       0
       1
       0
       1
       0
       0
       0
       1
       0
       0
       0
       0
       0
       2
       0
       2
       1
       0
       0
       0
       0
       0
       0
       0
       0
       0
       0
       0
       0
       0
       0
       0
       1
       0
       0
       0
       1
       0
       1
       2
       0
       0
       1
       0
       3
       1
       0
       0
       0
       0
       0
       1
       0
       1
       0
       0
       0
       0
       1
       0
       0
       0
       0
       0
       2
       0
       0
       0
       0
       1
       0
       0
       0
       0
       1
       0
       0
       0
       2
       0
       0
       0
       0
       2
       0
       0
       0
       0
       0
       0
       0
       0
       0
       0
       0
       0
       0
       1
       0
       0
       1
       1
       0
       0
       0
       0
       1
       0
       0
       1
       2
       0
       0
       0
       0
       0
       1
       0
       0
       0
       1
       1
       1
       0
       0
       0
       1
       0
       2
       0
       1
       0
       1
       1
       0
       0
       0
       0
       1
       0
       1
       0
       0
       1
       0
       0
       0
       0
       2
       0
       0
       1
       0
       1
       0
       0
       2
       1
       0
       0
       2
       1
       0
       0
       1
       0
       0
       0
       1
       0
       0
       3
       0
       7
       1
       1
       0
       1
       0
       1
       0
       2
       0
       0
       2
       1
       0
       0
       1
       0
       3
       0
       0
       0
       0
       1
       1
       1
       1
       0
       0
       2
       1
       2
       2
       0
       0
       0
       1
       1
       3
       1
       1
       1
       1
       2
       1
       2
       4
       1
       2
       0
       2
       4
       0
       5
       2
       2
       4
       1
       3
       1
       0
       2
       0
       3
       2
       1
       1
       0
       0
       0
       0
       0
       0
       1
       0
       0
       2
       0
       1
       0
       1
       0
       0
       0
       0
       1
       0
       0
       0
       2
       1
       0
       0
       0
       1
       1
       0
       1
       1
       1
       0
       1
       1
       0
       0
       1
       0
       0
       0
       1
       0
       2
       0
       0
       1
       0
       0
       4
       0
       0
       0
       0
       1
       0
       0
       1
       2
       0
       0
       0
       0
       0
       0
       0
       0
       0
       0
       0
       0
       0
       0
       0
       0
       1
       1
       0
       1
       0
       0
       0
       0
       0
       0
       1
       0
       0
       0
       1
       0
       0
       1
       0
       0
       2
       0
       0
       0
       1
       1
       0
       0
       0
       0
       1
       1
       0
       1
       1
       1
       0
       1
       0
       0
       2
       0
       1
       0
       1
       0
       1
       0
       0
       1
       0
       0
       0
       0
       0
       0
       0
       0
       0
       0
       2
       1
       0
       0
       0
       0
       0
       0
       0
       0
       1
       1
       0
       0
       0
       0
       1
       0
       1
       1
       1
       0
       0
       0
       0
       0
       0
       0
       0
       0
       0
       0
       2
       0
       0
       1
       0
       1
       0
       1
       0
       1
       1
       1
       0
       1
       0
       0
       0
       0
       0
       0
       0
       0
       0
       0
       1
       0
       1
       0
       0
       0
       0
       0
       0
       1
       0
       0
       0
       0
       1
       0
       0
       0
       1
       0
       1
       0
       0
       1
       0
       1
       0
       0
       1
       0
       0
       0
       0
       1
       0
       0
       0
       1
       2
       1
       1
       0
       0
       1
       1
       0
       1
       0
       0
       0
       0
       1
       0
       1
       0
       0
       2
       0
       0
       0
       1
       0
       0
       0
       0
       0
       0
       0
       0
       1
       1
       0
       0
       1
       2
       0
       0
       0
       1
       0
       0
       1
       0
       0
       0
       1
       1
       0
       1
       0
       0
       0
       0
       1
       0
       3
       0
       0
       1
       0
       0
       2
       0
       1
       0
       0
       0
       0
       0
       0
       0
       0
       3
       0
       0
       0
       0
       0
       0
       2
       0
       0
       1
       1
       1
       0
       3
       1
       0
       0
       0
       0
       0
       0
       0
       1
       0
       0
       0
       1
       0
       0
       1
       0
       0
       1
       1
       1
       0
       0
       0
       2
       0
       0
       0
       0
       0
       0
       1
       2
       0
       0
       0
       0
       0
       0
       1
       1
       0
       0
       1
       0
       0
       0
       0
       0
       0
       1
       0
       0
       0
       0
       0
       0
       0
       0
       0
       0
       1
       0
       1
       0
       0
       0
       0
       2
       0
       1
       0
       0
       1
       0
       0
       0
       0
       0
       0
       0
       0
       0
       0
       0
       0
       0
       0
       1
       0
       0
       0
       0
       1
       0
       0
       0
       0
       0
       0
       1
       0
       0
       0
       1
       1
       0
       1
       1
       0
       2
       1
       1
       0
       0
       1
       1
       0
       0
       0
       0
       1
       1
       0
       1
       1
       0
       0
       0
       0
       0
       1
       1
       0
       1
       0
       0
       2
       1
       2
       0
       1
       1
       1
       0
       0
       0
       0
       0
       1
       1
       1
       0
       0
       0
       0
       1
       0
       0
       0
       0
       0
       0
       0
       1
       0
       0
       0
       0
       2
       0
       0
       0
       0
       0
       0
       1
       0
       2
       0
       1
       0
       0
       0
       0
       1
       0
       0
       0
       0
       0
       0
       0
       0
       2
       3
       0
       0
       0
       0
       0
       1
       1
       0
       2
       0
       1
       1
       0
       0
       3
       0
       0
       0
       1
       0
       1
       0
       0
       0
       3
       0
       0
       0
       0
       0
       0
       0
       0
       0
       0
       2
       0
       1
       0
       0
       0
       0
       0
       1
       0
       1
       0
       0
       0
       0
       0
       0
       0
       1
       0
       1
       0
       0
       0
       0
       1
       0
       0
       1
       0
       0
       0
       0
       0
       0
       0
       0
       0
       1
       1
       0
       0
       2
       0
       0
       0
       1
       0
       0
       0
       0
       0
       0
       0
       0
       0
       0
       0
       0
       0
       0
       0
       1
       0
       0
       1
       0
       0
       2
       0
       1
       2
       0
       0
       0
       2
       0
       0
       0
       0
       0
       2
       0
       0
       1
       0
       0
       0
       0
       0
       0
       0
       2
       0
       1
       0
       0
       0
       0
       0
       0
       0
       0
       0
       0
       0
       0
       0
       0
       2
       0
       1
       1
       0
       0
       0
       2
       0
       1
       0
       1
       0
       0
       0
       0
       0
       0
       0
       2
       0
       0
       0
       0
       0
       0
       0
       0
       0
       1
       0
       0
       0
       0
       0
       0
       0
       1
       0
       0
       0
       0
       0
       1
       0
       0
       0
       0
       0
       2
       0
       0
       0
       0
       0
       0
       0
       0
       0
       0
       0
       0
       0
       0
       0
       0
       0
       0
       0
       0
       0
       1
       0
       1
       0
       0
       0
       1
       1
       0
       0
       1
       0
       1
       0
       1
       3
       0
       0
       2
       0
       0
       1
       0
       1
       0
       0
       0
       1
       0
       0
       0
       0
       0
       0
       0
       0
       0
       1
       1
       0
       0
       0
       0
       1
       1
       0
       0
       0
       0
       0
       1
       1
       0
       0
       1
       0
       1
       0
       0
       1
       0
       0
       1
       1
       0
       0
       0
       1
       0
       0
       0
       0
       0
       0
       0
       1
       0
       1
       1
       0
       0
       1
       1
       1
       2
       1
       0
       0
       0
       0
       0
       0
       1
       0
       0
       1
       2
       0
       0
       1
       0
       0
       0
       0
       1
       0
       0
       1
       1
       0
       0
       0
       1
       1
       0
       0
       2
       0
       0
       1
       2
       0
       0
       0
       0
       1
       1
       0
       0
       0
       0
       0
       0
       1
       0
       0
       0
       0
       0
       0
       0
       0
       0
       0
       0
       0
       0
       0
       0
       0
       0
       0
       0
       0
       0
       0
       0
       0
       0
       0
       0
       0
       1
       0
       0
       1
       0
       1
       0
       0
       1
       0
       0
       0
       0
       0
       0
       0
       0
       0
       0
       0
       1
       0
       0
       0
       1
       0
       0
       0
       0
       1
       0
       0
       1
       0
       0
       0
       0
       0
       0
       0
       0
       0
       0
       0
       0
       1
       0
       0
       0
       1
       1
       1
       0
       0
       0
       0
       0
       0
       0
       0
       0
       0
       0
       0
       0
       0
       0
       0
       1
       1
       0
       1
       0
       1
       0
       1
       0
       0
       0
       0
       0
       1
       1
       0
       0
       0
       0
       0
       0
       0
       0
       0
       0
       0
       0
       0
       0
       1
       0
       0
       1
       0
       0
       0
       0
       0
       0
       0
       0
       0
       1
       0
       0
       0
       1
       0
       1
       0
       1
       0
       0
       0
       1
       0
       1
       0
       0
       0
       0
       0
       0
       0
       0
       0
       0
       0
       0
       0
       0
       0
       0
       2
       0
       1
       0
       0
       1
       0
       0
       0
       1
       1
       0
       1
       2
       1
       1
       0
       0
       0
       1
       0
       1
       2
       0
       0
       0
       1
       1
       0
       0
       0
       0
       0
       1
       0
       0
       0
       0
       1
       0
       0
       0
       0
       0
       0
       0
       0
       0
       0
       0
       0
       0
       0
       1
       0
       0
       0
       0
       0
       0
       0
       1
       0
       0
       0
       0
       1
       0
       0
       0
       0
       0
       1
       0
       0
       1
       0
       0
       0
       0
       0
       0
       0
       0
       0
       1
       0
       0
       1
       0
       3
       0
       0
       1
       0
       0
       1
       0
       0
       0
       0
       0
       0
       1
       0
       1
       0
       0
       0
       0
       0
       0
       0
       0
       0
       1
       0
       0
       1
       0
       1
       0
       0
       0
       1
       0
       1
       0
       0
       1
       1
       0
       1
       0
       0
       0
       1
       0
       0
       0
       0
       0
       0
       0
       0
       0
       0
       0
       0
       0
       0
       0
       0
       0
       0
       0
       0
       1
       0
       1
       0
       1
       0
       0
       0
       1
       0
       0
       2
       0
       0
       1
       0
       0
       0
       0
       0
       0
       0
       0
       0
       1
       1
       1
       0
       0
       0
       0
       0
       0
       1
       1
       0
       0
       0
       0
       0
       1
       1
       1
       1
       0
       0
       0
       0
       0
       1
       0
       0
       1
       1
       0
       2
       0
       1
       1
       0
       1
       2
       1
       0
       0
       0
       1
       0
       0
       0
       0
       0
       0
       0
       0
       0
       0
       0
       0
       1
       0
       0
       0
       0
       2
       0
       0
       0
       0
       0
       0
       0
       1
       0
       0
       0
       0
       0
       0
       0
       0
       0
       0
       0
       0
       1
       0
       0
       0
       0
       0
       0
       0
       0
       1
       0
       0
       0
       0
       0
       0
       0
       0
       0
       1
       0
       0
       0
       0
       1
       0
       0
       1
       1
       0
       0
       0
       0
       0
       0
       1
       0
       1
       0
       0
       0
       0
       0
       1
       0
       0
       0
       0
       0
       0
       1
       0
       0
       0
       0
       0
       0
       0
       0
       1
       1
       1
       2
       1
       1
       0
       0
       0
       0
       2
       3
       2
       2
       1
       2
       1
       2
       3
       3
       4
       2
       4
       4
       4
       0
       0
       3
       3
       0
       3
       3
       3
       4
       1
       3
       3
       1
       1
       3
       2
       2
       0
       0
       1
       1
       0
       2
       0
       0
       0
       0
       2
       0
       1
       0
       0
       0
       1
       0
       0
       0
       0
       0
       1
       0
       2
       0
       0
       1
       0
       0
       1
       0
       1
       2
       0
       1
       0
       0
       0
       0
       0
       0
       0
       0
       0
       1
       0
       0
       0
       0
       0
       0
       0
       0
       1
       0
       0
       0
       0
       0
       0
       0
       0
       0
       0
       0
       0
       0
       1
       0
       0
       0
       2
       0
       0
       0
       0
       0
       0
       0
       0
       0
       0
       0
       0
       0
       1
       0
       0
       0
       0
       0
       1
       1
       0
       0
       0
       0
       0
       0
       0
       0
       0
       0
       1
       0
       0
       0
       0
       0
       0
       0
       0
       0
       1
       0
       1
       0
       0
       0
       0
       0
       1
       0
       0
       0
       0
       1
       1
       1
       0
       0
       0
       0
       0
       0
       0
       0
       0
       1
       1
       0
       0
       0
       1
       0
       1
       0
       0
       0
       0
       1
       0
       1
       0
       0
       0
       0
       0
       0
       0
       1
       1
       0
       1
       0
       0
       0
       0
       0
       0
       0
       0
       2
       1
       1
       0
       0
       0
       0
       0
       0
       0
       0
       0
       0
       0
       0
       0
       0
       0
       0
       1
       0
       1
       0
       0
       0
       0
       0
       2
       0
       0
       1
       1
       0
       0
       0
       0
       0
       0
       0
       0
       0
       0
       1
       0
       0
       0
       0
       1
       0
       0
       0
       0
       1
       1
       0
       0
       0
       0
       0
       0
       0
       0
       0
       0
       0
       0
       0
       0
       0
       0
       0
       0
       0
       0
       1
       0
       0
       0
       0
       0
       0
       0
       1
       0
       0
       2
       0
       0
       0
       0
       0
       1
       1
       0
       0
       0
       1
       0
       0
       0
       0
       0
       0
       1
       1
       0
       1
       0
       0
       1
       1
       0
       0
       0
       0
       0
       0
       0
       0
       1
       0
       0
       0
       0
       1
       1
       0
       1
       0
       0
       0
       0
       1
       1
       0
       0
       0
       1
       0
       0
       0
       0
       0
       0
       0
       0
       0
       0
       0
       0
       1
       1
       1
       0
       0
       0
       0
       0
       1
       0
       1
       0
       1
       0
       1
       0
       0
       0
       0
       1
       0
       1
       0
       0
       0
       0
       0
       0
       0
       0
       0
       0
       0
       0
       0
       1
       0
       0
       1
       1
       0
       0
       0
       0
       0
       0
       1
       2
       0
       0
       0
       0
       1
       1
       0
       2
       0
       0
       0
       0
       0
       0
       0
       0
       0
       0
       0
       0
       0
       0
       0
       0
       0
       0
       2
       1
       1
       0
       0
       0
       0
       0
       0
       1
       0
       0
       0
       0
       0
       0
       0
       0
       0
       1
       0
       0
       0
       0
       0
       0
       0
       0
       0
       0
       0
       0
       1
       0
       0
       0
       0
       0
       0
       1
       0
       0
       0
       0
       0
       0
       0
       0
       1
       1
       0
       1
       0
       0
       0
       0
       0
       0
       0
       2
       1
       0
       0
       0
       0
       0
       0
       0
       0
       1
       0
       0
       0
       0
       0
       0
       1
       0
       0
       0
       0
       0
       0
       0
       1
       0
       0
       0
       0
       0
       0
       0
       1
       0
       0
       1
       0
       0
       0
       0
       0
       0
       0
       0
       0
       0
       0
       0
       0
       0
       0
       0
       0
       0
       0
       0
       1
       0
       0
       0
       0
       0
       0
       0
       1
       0
       0
       0
       0
       0
       0
       0
       0
       0
       0
       0
       0
       0
       0
       0
       0
       0
       0
       0
       1
       0
       0
       0
       1
       0
       0
       0
       0
       0
       0
       0
       0
       0
       2
       0
       1
       0
       0
       0
       1
       0
       0
       0
       1
       0
       0
       0
       0
       0
       0
       0
       0
       0
       0
       0
       0
       0
       0
       0
       0
       0
       0
       0
       2
       0
       0
       0
       1
       0
       0
       0
       0
       0
       0
       0
       0
       0
       0
       1
       0
       0
       0
       1
       0
       0
       1
       0
       1
       1
       0
       1
       0
       0
       0
       0
       0
       1
       1
       0
       0
       0
       0
       1
       1
       0
       1
       0
       1
       0
       0
       1
       0
       0
       0
       1
       1
       1
       0
       0
       1
       0
       0
       1
       0
       0
       0
       0
       1
       0
       0
       1
       0
       1
       1
       0
       0
       0
       0
       0
       0
       0
       0
       0
       0
       0
       0
       1
       0
       0
       0
       0
       0
       0
       0
       0
       0
       0
       0
       0
       1
       0
       0
       0
       0
       0
       0
       0
       0
       0
       1
       0
       0
       0
       1
       0
       0
       1
       2
       0
       0
       0
       0
       0
       0
       0
       0
       0
       0
       0
       0
       0
       0
       0
       0
       0
       0
       0
       0
       0
       0
       0
       0
       0
       0
       0
       0
       0
       0
       0
       0
       0
       0
       0
       0
       0
       0
       1
       0
       0
       0
       0
       1
       3
       0
       0
       0
       0
       0
       0
       0
       0
       0
       0
       0
       0
       0
       0
       0
       0
       0
       1
       0
       0
       0
       0
       0
       0
       0
       0
       0
       1
       0
       0
       0
       0
       0
       1
       0
       0
       0
       0
       0
       0
       0
       0
       0
       0
       0
       1
       0
       1
       0
       1
       1
       0
       0
       0
       0
       0
       0
       3
       0
       0
       0
       0
       0
       1
       0
       0
       0
       0
       0
       0
       0
       0
       1
       0
       0
       0
       0
       0
       0
       0
       0
       0
       0
       0
       0
       0
       0
       0
       1
       0
       0
       0
       0
       0
       0
       1
       0
       0
       0
       0
       0
       0
       0
       0
       0
       0
       0
       0
       0
       0
       0
       0
       0
       0
       1
       0
       0
       0
       0
       0
       0
       0
       0
       0
       0
       1
       0
       0
       0
       0
       1
       0
       0
       0
       0
       0
       1
       1
       0
       0
       0
       1
       1
       0
       0
       1
       0
       0
       0
       0
       2
       0
       0
       0
       0
       0
       0
       1
       0
       0
       0
       0
       0
       0
       0
       0
       0
       0
       0
       0
       0
       0
       1
       1
       0
       0
       0
       0
       1
       0
       0
       0
       0
       0
       0
       0
       1
       0
       1
       0
       0
       0
       0
       0
       0
       0
       1
       0
       0
       0
       0
       2
       1
       0
       0
       0
       1
       0
       0
       0
       0
       0
       0
       1
       0
       0
       1
       0
       0
       0
       0
       0
       1
       0
       0
       0
       0
       1
       0
       0
       0
       0
       0
       2
       0
       0
       0
       0
       0
       0
       0
       0
       0
       0
       0
       0
       0
       0
       0
       0
       0
       0
       0
       0
       1
       0
       1
       0
       0
       1
       1
       0
       0
       0
       0
       0
       0
       0
       0
       0
       0
       0
       0
       0
       0
       0
       0
       1
       0
       0
       0
       1
       0
       0
       0
       0
       0
       0
       0
       0
       0
       0
       0
       0
       0
       0
       0
       1
       0
       0
       0
       0
       1
       1
       0
       0
       0
       0
       0
       1
       0
       0
       0
       1
       0
       0
       0
       0
       0
       0
       0
       0
       0
       0
       0
       0
       0
       0
       0
       0
       1
       1
       0
       0
       0
       0
       0
       0
       0
       0
       0
       0
       0
       0
       0
       0
       0
       0
       0
       1
       0
       0
       0
       0
       2
       0
       0
       2
       1
       1
       0
       0
       0
       0
       0
       1
       1
       0
       0
       0
       0
       0
       0
       0
       0
       0
       0
       0
       0
       0
       0
       1
       0
       0
       0
       0
       0
       0
       0
       0
       0
       0
       0
       0
       0
       0
       0
       0
       1
       1
       0
       1
       0
       0
       0
       1
       0
       0
       0
       0
       0
       0
       0
       1
       0
       0
       0
       0
       0
       0
       0
       0
       0
       0
       0
       0
       0
       0
       1
       1
       0
       0
       0
       0
       0
       2
       0
       1
       1
       0
       0
       0
       0
       0
       1
       0
       0
       0
       0
       0
       0
       0
       0
       0
       0
       0
       0
       0
       1
       0
       0
       1
       0
       0
       0
       0
       2
       1
       0
       1
       0
       0
       0
       0
       0
       0
       0
       0
       0
       0
       0
       0
       0
       0
       3
       1
       0
       0
       0
       0
       1
       0
       2
       0
       0
       0
       0
       0
       0
       0
       0
       0
       0
       0
       0
       1
       0
       1
       0
       0
       1
       0
       0
       0
       0
       0
       0
       0
       0
       0
       1
       0
       0
       0
       0
       0
       0
       0
       0
       1
       0
       0
       0
       0
       0
       0
       0
       0
       1
       0
       0
       1
       0
       0
       0
       0
       0
       0
       0
       0
       0
       0
       0
       0
       0
       0
       0
       0
       0
       0
       0
       0
       0
       1
       0
       0
       0
       0
       0
       0
       0
       0
       0
       0
       1
       2
       0
       0
       0
       0
       0
       1
       0
       0
       0
       0
       0
       0
       0
       0
       0
       0
       0
       1
       0
       0
       0
       1
       0
       0
       0
       0
       0
       0
       1
       1
       0
       1
       0
       0
       0
       0
       0
       0
       0
       0
       0
       0
       0
       0
       0
       0
       0
       0
       0
       0
       0
       0
       0
       0
       0
       0
       0
       0
       0
       0
       0
       0
       0
       0
       0
       0
       0
       0
       0
       0
       0
       1
       0
       0
       0
       1
       1
       0
       0
       0
       0
       0
       0
       0
       0
       0
       0
       0
       0
       0
       0
       0
       0
       1
       1
       0
       0
       0
       0
       0
       0
       0
       0
       1
       0
       0
       0
       0
       1
       0
       0
       0
       0
       0
       0
       0
       0
       0
       0
       0
       0
       0
       0
       0
       0
       0
       0
       0
       0
       0
       0
       0
       0
       0
       0
       0
       0
       0
       1
       0
       0
       0
       0
       1
       0
       0
       0
       1
       1
       1
       0
       1
       1
       0
       1
       0
       0
       1
       0
       1
       0
       0
       0
       1
       0
       1
       1
       2
       0
       0
       1
       0
       0
       0
       0
       0
       0
       0
       0
       0
       0
       0
       0
       0
       0
       0
       0
       0
       0
       1
       0
       0
       0
       0
       0
       0
       1
       0
       0
       0
       0
       0
       0
       0
       0
       0
       0
       0
       0
       0
       0
       0
       0
       0
       0
       0
       0
       0
       0
       0
       0
       0
       0
       0
       0
       0
       0
       0
       0
       0
       0
       0
       0
       0
       0
       0
       0
       0
       0
       0
       0
       0
       0
       0
       0
       0
       0
       0
       0
       0
       0
       0
       0
       0
       0
       0
       0
       0
       0
       0
       0
       0
       0
       0
       0
       0
       0
       0
       0
       0
       0
       0
       0
       0
       0
       0
       0
       0
       0
       0
       0
       0
       0
       0
       0
       0
       0
       0
       0
       0
       0
       0
       0
       0
       0
       0
       0
       0
       0
       0
       0
       0
       0
       0
       0
       0
       0
       0
       0
       0
       0
       0
       0
       0
       0
       0
       0
       0
       0
       0
       0
       0
       0
       0
       0
       0
       0
       0
       0
       0
       0
       0
       0
       0
       0
       0
       0
       0
       0
       0
       0
       0
       0
       0
       0
       0
       0
       0
       0
       0
       0
       0
       0
       0
       0
       0
       0
       0
       0
       0
       0
       0
       0
       0
       0
       0
       0
       0
       0
       0
       0
       0
       0
       0
       0
       0
       0
       0
       0
       0
       0
       0
       0
       0
       0
       0
       0
       0
       0
       0
       0
       0
       0
       0
       0
       0
       0
       0
       0
       0
       0
       0
       0
       0
       0
       0
       0
       0
       0
       0
       0
       0
       0