#             0.000000e+00 7.668300e-01 8.078900e-01 1.123000e+00 1.145000e+00 1.146990e+00 1.297120e+00 1.316000e+00 1.391300e+00 1.404400e+00 1.639000e+00 1.717000e+00 1.745000e+00 1.797600e+00 1.798000e+00 1.857100e+00 1.878200e+00 2.002300e+00 2.148200e+00 2.207500e+00 2.232000e+00 2.381300e+00 2.408600e+00 2.410300e+00 2.499400e+00 2.529400e+00 2.641900e+00 2.650000e+00 0.000000e+00 0.000000e+00 0.000000e+00 0.000000e+00 0.000000e+00 0.000000e+00 0.000000e+00 0.000000e+00 0.000000e+00 0.000000e+00 0.000000e+00 0.000000e+00 0.000000e+00 2.651000e+00
 1.000000e+00 9.271025e-09 2.030957e-09 1.893343e-09 2.560687e-09 2.007056e-09 1.862662e-09 1.479551e-09 3.422523e-10 2.941277e-10 1.189735e-09 1.036761e-09 6.279599e-10 7.873313e-10 7.034172e-10 1.187329e-10 6.414897e-10 5.978811e-10 1.800124e-10 3.137276e-10 2.495421e-10 2.331813e-10 1.173248e-10 1.401739e-10 1.394646e-10 1.063923e-10 1.554657e-11 1.651180e-11 5.224407e-11 0.000000e+00 0.000000e+00 0.000000e+00 0.000000e+00 0.000000e+00 0.000000e+00 0.000000e+00 0.000000e+00 0.000000e+00 0.000000e+00 0.000000e+00 0.000000e+00 0.000000e+00 2.151869e-05
 3.500000e+00 3.074250e-01 1.472740e-01 1.419368e-01 2.345609e-01 2.244361e-01 2.174906e-01 1.733597e-01 5.818593e-02 5.602297e-02 1.606516e-01 1.833798e-01 1.376624e-01 1.789957e-01 1.649595e-01 4.431231e-02 1.639458e-01 1.729062e-01 7.969756e-02 1.376145e-01 1.287923e-01 1.266171e-01 8.852802e-02 1.110735e-01 1.109253e-01 1.032136e-01 2.427190e-02 5.052734e-02 6.969699e-02 0.000000e+00 0.000000e+00 0.000000e+00 0.000000e+00 0.000000e+00 0.000000e+00 0.000000e+00 0.000000e+00 0.000000e+00 0.000000e+00 0.000000e+00 0.000000e+00 0.000000e+00 2.226849e+00
 6.000000e+00 3.481200e-01 1.770683e-01 1.714172e-01 3.378707e-01 3.679284e-01 3.587301e-01 2.331992e-01 7.960607e-02 7.838580e-02 2.225442e-01 2.750123e-01 2.086385e-01 3.011020e-01 2.594320e-01 7.158776e-02 2.627041e-01 3.009292e-01 1.373403e-01 2.457378e-01 2.360688e-01 2.346368e-01 1.772888e-01 2.242006e-01 2.240992e-01 2.187585e-01 5.858115e-02 2.511350e-01 1.639845e-01 0.000000e+00 0.000000e+00 0.000000e+00 0.000000e+00 0.000000e+00 0.000000e+00 0.000000e+00 0.000000e+00 0.000000e+00 0.000000e+00 0.000000e+00 0.000000e+00 0.000000e+00 1.737040e+01
 8.500000e+00 1.501222e-01 7.418391e-02 7.149701e-02 1.598170e-01 1.873323e-01 1.820959e-01 1.023014e-01 3.352446e-02 3.314486e-02 9.773994e-02 1.276121e-01 9.341725e-02 1.478023e-01 1.210213e-01 3.106788e-02 1.237275e-01 1.495448e-01 6.164650e-02 1.184386e-01 1.137997e-01 1.133614e-01 8.394444e-02 1.101806e-01 1.101498e-01 1.085306e-01 2.724312e-02 1.797747e-01 8.001405e-02 0.000000e+00 0.000000e+00 0.000000e+00 0.000000e+00 0.000000e+00 0.000000e+00 0.000000e+00 0.000000e+00 0.000000e+00 0.000000e+00 0.000000e+00 0.000000e+00 0.000000e+00 2.880191e+01
 1.100000e+01 5.801619e-02 2.762648e-02 2.641950e-02 6.475538e-02 8.024826e-02 7.746066e-02 3.910505e-02 1.228419e-02 1.215598e-02 3.710769e-02 5.049450e-02 3.564156e-02 6.050066e-02 4.766715e-02 1.146294e-02 4.915801e-02 6.183350e-02 2.331867e-02 4.736121e-02 4.523231e-02 4.508607e-02 3.250535e-02 4.402977e-02 4.401958e-02 4.348523e-02 1.022078e-02 9.075314e-02 3.123208e-02 0.000000e+00 0.000000e+00 0.000000e+00 0.000000e+00 0.000000e+00 0.000000e+00 0.000000e+00 0.000000e+00 0.000000e+00 0.000000e+00 0.000000e+00 0.000000e+00 0.000000e+00 3.233283e+01
 1.350000e+01 2.369186e-02 1.083104e-02 1.025744e-02 2.736858e-02 3.578096e-02 3.420593e-02 1.564872e-02 4.710965e-03 4.662607e-03 1.471606e-02 2.079476e-02 1.414900e-02 2.559998e-02 1.946667e-02 4.403205e-03 2.026148e-02 2.641125e-02 9.168967e-03 1.955136e-02 1.851400e-02 1.845722e-02 1.295546e-02 1.804847e-02 1.804454e-02 1.783870e-02 3.945635e-03 4.542528e-02 1.247780e-02 0.000000e+00 0.000000e+00 0.000000e+00 0.000000e+00 0.000000e+00 0.000000e+00 0.000000e+00 0.000000e+00 0.000000e+00 0.000000e+00 0.000000e+00 0.000000e+00 0.000000e+00 2.672718e+01
 1.600000e+01 1.047646e-02 4.567801e-03 4.283212e-03 1.252009e-02 1.734148e-02 1.640141e-02 6.737853e-03 1.939367e-03 1.919468e-03 6.279486e-03 9.222875e-03 6.035996e-03 1.168183e-02 8.551876e-03 1.813166e-03 8.983030e-03 1.216019e-02 3.865803e-03 8.665849e-03 8.130802e-03 8.105848e-03 5.528677e-03 7.926704e-03 7.924985e-03 7.835100e-03 1.627402e-03 2.452657e-02 5.327683e-03 0.000000e+00 0.000000e+00 0.000000e+00 0.000000e+00 0.000000e+00 0.000000e+00 0.000000e+00 0.000000e+00 0.000000e+00 0.000000e+00 0.000000e+00 0.000000e+00 0.000000e+00 1.964402e+01
 1.850000e+01 4.991194e-03 2.059603e-03 1.915640e-03 6.180369e-03 9.091544e-03 8.515935e-03 3.107622e-03 8.530136e-04 8.441653e-04 2.871624e-03 4.390467e-03 2.758248e-03 5.744046e-03 4.036054e-03 7.971857e-04 4.272999e-03 6.028189e-03 1.740247e-03 4.118791e-03 3.832970e-03 3.821007e-03 2.525043e-03 3.735342e-03 3.734522e-03 3.691684e-03 7.161801e-04 1.431691e-02 2.433681e-03 0.000000e+00 0.000000e+00 0.000000e+00 0.000000e+00 0.000000e+00 0.000000e+00 0.000000e+00 0.000000e+00 0.000000e+00 0.000000e+00 0.000000e+00 0.000000e+00 0.000000e+00 1.477824e+01
 2.100000e+01 2.415761e-03 9.601366e-04 8.883754e-04 3.204505e-03 4.989923e-03 4.640424e-03 1.507732e-03 3.948492e-04 3.916106e-04 1.388254e-03 2.221779e-03 1.340977e-03 3.007626e-03 2.026648e-03 3.721887e-04 2.158259e-03 3.173022e-03 8.290547e-04 2.075599e-03 1.918854e-03 1.912785e-03 1.223598e-03 1.869337e-03 1.868921e-03 1.847201e-03 3.339531e-04 8.767393e-03 1.179277e-03 0.000000e+00 0.000000e+00 0.000000e+00 0.000000e+00 0.000000e+00 0.000000e+00 0.000000e+00 0.000000e+00 0.000000e+00 0.000000e+00 0.000000e+00 0.000000e+00 0.000000e+00 1.156545e+01
 2.350000e+01 1.205887e-03 4.467512e-04 4.115191e-04 1.632462e-03 2.663903e-03 2.466654e-03 7.149682e-04 1.784962e-04 1.768584e-04 6.546471e-04 1.084821e-03 6.312323e-04 1.522817e-03 9.880627e-04 1.681668e-04 1.058038e-03 1.617832e-03 3.848191e-04 1.023022e-03 9.424400e-04 9.397622e-04 5.842333e-04 9.224826e-04 9.223273e-04 9.141928e-04 1.538918e-04 5.179790e-03 5.682304e-04 0.000000e+00 0.000000e+00 0.000000e+00 0.000000e+00 0.000000e+00 0.000000e+00 0.000000e+00 0.000000e+00 0.000000e+00 0.000000e+00 0.000000e+00 0.000000e+00 0.000000e+00 9.241905e+00
 2.600000e+01 6.068922e-04 2.111729e-04 1.941088e-04 8.376082e-04 1.417238e-03 1.309628e-03 3.457032e-04 8.295307e-05 8.219461e-05 3.158240e-04 5.396541e-04 3.044522e-04 7.805411e-04 4.902574e-04 7.817111e-05 5.261797e-04 8.309807e-04 1.819320e-04 5.086129e-04 4.674153e-04 4.660746e-04 2.812788e-04 4.564917e-04 4.564001e-04 4.516183e-04 7.127523e-05 2.925582e-03 2.722539e-04 0.000000e+00 0.000000e+00 0.000000e+00 0.000000e+00 0.000000e+00 0.000000e+00 0.000000e+00 0.000000e+00 0.000000e+00 0.000000e+00 0.000000e+00 0.000000e+00 0.000000e+00 7.470386e+00
 2.850000e+01 3.018511e-04 1.007246e-04 9.248196e-05 4.228868e-04 7.349210e-04 6.787345e-04 1.661449e-04 3.874235e-05 3.833741e-05 1.514046e-04 2.634001e-04 1.451490e-04 3.895903e-04 2.384832e-04 3.620594e-05 2.558223e-04 4.140114e-04 8.492913e-05 2.459686e-04 2.256792e-04 2.249335e-04 1.325274e-04 2.196183e-04 2.195676e-04 2.169269e-04 3.259694e-05 1.557905e-03 1.276852e-04 0.000000e+00 0.000000e+00 0.000000e+00 0.000000e+00 0.000000e+00 0.000000e+00 0.000000e+00 0.000000e+00 0.000000e+00 0.000000e+00 0.000000e+00 0.000000e+00 0.000000e+00 6.076275e+00
 3.100000e+01 1.446882e-04 4.701912e-05 4.321739e-05 2.064249e-04 3.654107e-04 3.377015e-04 7.850382e-05 1.800835e-05 1.782392e-05 7.162296e-05 1.263268e-04 6.869788e-05 1.902336e-04 1.144932e-04 1.685251e-05 1.227175e-04 2.020122e-04 3.977261e-05 1.180329e-04 1.083990e-04 1.080434e-04 6.278694e-05 1.054922e-04 1.054681e-04 1.042090e-04 1.520382e-05 8.076607e-04 6.052206e-05 0.000000e+00 0.000000e+00 0.000000e+00 0.000000e+00 0.000000e+00 0.000000e+00 0.000000e+00 0.000000e+00 0.000000e+00 0.000000e+00 0.000000e+00 0.000000e+00 0.000000e+00 4.981385e+00
 3.350000e+01 6.787138e-05 2.167936e-05 1.996905e-05 9.797433e-05 1.753141e-04 1.622575e-04 3.648474e-05 8.301086e-06 8.218264e-06 3.335750e-05 5.927481e-05 3.202241e-05 9.038440e-05 5.383718e-05 7.782735e-06 5.761136e-05 9.585026e-05 1.841266e-05 5.545625e-05 5.102827e-05 5.086446e-05 2.933803e-05 4.969710e-05 4.968598e-05 4.910595e-05 7.047383e-06 3.996146e-04 2.829832e-05 0.000000e+00 0.000000e+00 0.000000e+00 0.000000e+00 0.000000e+00 0.000000e+00 0.000000e+00 0.000000e+00 0.000000e+00 0.000000e+00 0.000000e+00 0.000000e+00 0.000000e+00 4.151637e+00
 3.600000e+01 3.166054e-05 1.001438e-05 9.247490e-06 4.608846e-05 8.292255e-05 7.689085e-05 1.693940e-05 3.842171e-06 3.804686e-06 1.552568e-05 2.767743e-05 1.491428e-05 4.256095e-05 2.519928e-05 3.607396e-06 2.691104e-05 4.505288e-05 8.533799e-06 2.591731e-05 2.390186e-05 2.382622e-05 1.368375e-05 2.328725e-05 2.328212e-05 2.301438e-05 3.273922e-06 1.927702e-04 1.321173e-05 0.000000e+00 0.000000e+00 0.000000e+00 0.000000e+00 0.000000e+00 0.000000e+00 0.000000e+00 0.000000e+00 0.000000e+00 0.000000e+00 0.000000e+00 0.000000e+00 0.000000e+00 3.514892e+00
 3.850000e+01 1.486331e-05 4.668993e-06 4.322406e-06 2.175648e-05 3.924726e-05 3.646532e-05 7.926176e-06 1.796365e-06 1.779266e-06 7.283111e-06 1.300139e-05 7.002018e-06 2.011712e-05 1.186727e-05 1.689336e-06 1.264804e-05 2.125673e-05 3.992991e-06 1.219004e-05 1.126811e-05 1.123318e-05 6.436724e-06 1.098428e-05 1.098191e-05 1.085825e-05 1.537420e-06 9.258464e-05 6.219821e-06 0.000000e+00 0.000000e+00 0.000000e+00 0.000000e+00 0.000000e+00 0.000000e+00 0.000000e+00 0.000000e+00 0.000000e+00 0.000000e+00 0.000000e+00 0.000000e+00 0.000000e+00 3.009714e+00
 4.100000e+01 7.055103e-06 2.207051e-06 2.048145e-06 1.036560e-05 1.870720e-05 1.741416e-05 3.755739e-06 8.516032e-07 8.436425e-07 3.458875e-06 6.174654e-06 3.327281e-06 9.594420e-06 5.648954e-06 8.017659e-07 6.009031e-06 1.012047e-05 1.892385e-06 5.794332e-06 5.367578e-06 5.351176e-06 3.062606e-06 5.234303e-06 5.233190e-06 5.175134e-06 7.310350e-07 4.449128e-05 2.961105e-06 0.000000e+00 0.000000e+00 0.000000e+00 0.000000e+00 0.000000e+00 0.000000e+00 0.000000e+00 0.000000e+00 0.000000e+00 0.000000e+00 0.000000e+00 0.000000e+00 0.000000e+00 2.593517e+00
 4.350000e+01 3.414144e-06 1.063375e-06 9.888999e-07 5.029464e-06 9.078941e-06 8.465637e-06 1.813354e-06 4.112318e-07 4.074443e-07 1.673353e-06 2.987420e-06 1.610439e-06 4.659053e-06 2.738491e-06 3.875288e-07 2.908167e-06 4.907008e-06 9.136059e-07 2.805447e-06 2.603672e-06 2.595813e-06 1.483951e-06 2.539814e-06 2.539281e-06 2.511461e-06 3.539075e-07 2.173379e-05 1.435442e-06 0.000000e+00 0.000000e+00 0.000000e+00 0.000000e+00 0.000000e+00 0.000000e+00 0.000000e+00 0.000000e+00 0.000000e+00 0.000000e+00 0.000000e+00 0.000000e+00 0.000000e+00 2.246905e+00
 4.600000e+01 1.679009e-06 5.215931e-07 4.859488e-07 2.478394e-06 4.470170e-06 4.174303e-06 8.909146e-07 2.021602e-07 2.003187e-07 8.235359e-07 1.469612e-06 7.928567e-07 2.297620e-06 1.349429e-06 1.906354e-07 1.430972e-06 2.416722e-06 4.488833e-07 1.380883e-06 1.283604e-06 1.279767e-06 7.311677e-07 1.252425e-06 1.252164e-06 1.238581e-06 1.742911e-07 1.073424e-05 7.075139e-07 0.000000e+00 0.000000e+00 0.000000e+00 0.000000e+00 0.000000e+00 0.000000e+00 0.000000e+00 0.000000e+00 0.000000e+00 0.000000e+00 0.000000e+00 0.000000e+00 0.000000e+00 1.956006e+00
 4.850000e+01 8.441893e-07 2.616672e-07 2.441504e-07 1.249409e-06 2.252714e-06 2.106193e-06 4.475335e-07 1.015097e-07 1.005907e-07 4.142569e-07 7.393282e-07 3.988998e-07 1.158765e-06 6.797763e-07 9.575986e-08 7.199846e-07 1.217466e-06 2.253215e-07 6.949126e-07 6.467953e-07 6.448727e-07 3.680322e-07 6.311733e-07 6.310428e-07 6.231633e-07 8.735648e-08 5.421540e-06 3.554357e-07 0.000000e+00 0.000000e+00 0.000000e+00 0.000000e+00 0.000000e+00 0.000000e+00 0.000000e+00 0.000000e+00 0.000000e+00 0.000000e+00 0.000000e+00 0.000000e+00 0.000000e+00 1.710189e+00
 5.100000e+01 4.248788e-07 1.316160e-07 1.229709e-07 6.291496e-07 1.131948e-06 1.059649e-06 2.252325e-07 5.113574e-08 5.067516e-08 2.087455e-07 3.721709e-07 2.010492e-07 5.838751e-07 3.426408e-07 4.825432e-08 3.624969e-07 6.128122e-07 1.134193e-07 3.499569e-07 3.261267e-07 3.245424e-07 1.851331e-07 3.177146e-07 3.176496e-07 3.142575e-07 4.403204e-08 2.721760e-06 1.792384e-07 0.000000e+00 0.000000e+00 0.000000e+00 0.000000e+00 0.000000e+00 0.000000e+00 0.000000e+00 0.000000e+00 0.000000e+00 0.000000e+00 0.000000e+00 0.000000e+00 0.000000e+00 1.503193e+00
 5.350000e+01 2.214533e-07 6.850599e-08 6.407585e-08 3.281711e-07 5.895446e-07 5.524556e-07 1.173224e-07 2.663653e-08 2.639710e-08 1.088444e-07 1.939781e-07 1.048407e-07 3.046691e-07 1.787668e-07 2.513865e-08 1.889517e-07 3.194853e-07 5.883045e-08 1.820198e-07 1.697942e-07 1.692960e-07 9.651884e-08 1.657455e-07 1.657117e-07 1.639475e-07 2.293130e-08 1.415997e-06 9.345266e-08 0.000000e+00 0.000000e+00 0.000000e+00 0.000000e+00 0.000000e+00 0.000000e+00 0.000000e+00 0.000000e+00 0.000000e+00 0.000000e+00 0.000000e+00 0.000000e+00 0.000000e+00 1.315467e+00
