$SPEC_ID:
Cs137
$SPEC_REM:
DET# 2
DETDESC# DETECTOR 2
AP# Maestro Version 7.01
$DATE_MEA:
02/19/2017 13:54:48
$MEAS_TIM:
9384 9388
$DATA:
0 8191
       0
       0
       0
       0
       0
       0
       0
       0
       0
       0
       0
       0
       0
       0
       0
       0
       0
       0
       0
       0
       0
       0
       0
       0
       0
       0
       0
       0
       0
       0
       0
       0
       0
       0
       0
       0
       0
       0
       0
       0
       0
       0
       0
       0
       0
       0
       0
       0
       0
       0
       0
       0
       0
       0
       0
       0
       0
       0
       0
       0
       0
       0
       0
       0
       0
       0
       0
       0
       0
       0
       0
       0
       0
       0
       0
       0
       0
       0
       0
       0
       0
       0
       0
       0
       0
       0
       0
       0
       0
       0
       0
       0
       0
       0
       0
      12
      29
      96
     151
     136
     133
     124
     121
     120
     113
     110
     126
     132
     109
     111
      88
      90
     114
      93
     103
     102
     103
     110
     104
     128
     155
     147
     125
     106
     111
     115
     112
     103
     117
     115
     117
     135
     134
     126
     121
     138
     118
     128
     116
     138
     121
     127
     133
     128
     108
     135
     126
     145
     146
     140
     121
     143
     144
     154
     145
     156
     132
     158
     148
     161
     157
     146
     171
     178
     208
     241
     187
     177
     172
     141
     156
     161
     170
     167
     162
     173
     151
     163
     161
     143
     155
     162
     177
     183
     183
     164
     189
     221
     416
     628
     597
     343
     211
     344
     739
    1052
     790
     337
     190
     151
     127
     148
     129
     142
     139
     138
     149
     152
     138
     137
     142
     144
     169
     147
     145
     133
     182
     165
     214
     306
     472
     472
     356
     227
     177
     184
     211
     274
     232
     204
     196
     156
     145
     151
     144
     151
     152
     155
     163
     184
     227
     228
     218
     172
     138
     144
     150
     144
     134
     180
     171
     151
     151
     133
     149
     168
     174
     162
     147
     141
     151
     140
     159
     159
     153
     170
     144
     152
     175
     145
     141
     165
     165
     164
     168
     161
     167
     139
     174
     162
     147
     167
     147
     159
     177
     168
     134
     131
     144
     159
     149
     132
     136
     154
     115
     151
     172
     140
     138
     141
     153
     129
     122
     146
     150
     171
     170
     136
     154
     144
     131
     141
     134
     163
     149
     208
     499
    1140
    1472
     967
     368
     149
     146
     144
     167
     147
     150
     137
     136
     129
     146
     117
     136
     143
     152
     140
     146
     151
     147
     144
     138
     130
     155
     148
     139
     164
     152
     144
     147
     155
     137
     143
     160
     159
     190
     299
     295
     194
     159
     136
     136
     140
     165
     132
     154
     162
     142
     141
     136
     169
     141
     155
     142
     149
     139
     132
     144
     134
     150
     154
     141
     142
     143
     144
     142
     136
     131
     122
     139
     140
     142
     117
     152
     132
     145
     152
     152
     117
     151
     124
     155
     138
     129
     140
     144
     139
     139
     156
     140
     125
     151
     137
     127
     129
     147
     142
     152
     149
     128
     157
     134
     143
     150
     148
     166
     150
     153
     128
     135
     119
     159
     162
     144
     141
     136
     131
     122
     133
     138
     166
     164
     147
     157
     145
     136
     149
     146
     148
     160
     137
     161
     127
     157
     154
     139
     168
     163
     159
     142
     146
     143
     140
     164
     164
     171
     153
     162
     158
     151
     147
     169
     156
     168
     167
     154
     175
     141
     125
     140
     156
     138
     134
     160
     195
     202
     188
     162
     148
     136
     151
     135
     148
     162
     127
     131
     151
     135
     133
     167
     154
     165
     150
     147
     142
     145
     143
     157
     143
     159
     137
     153
     145
     137
     156
     155
     156
     173
     160
     148
     150
     136
     161
     165
     158
     166
     169
     153
     166
     133
     159
     160
     165
     159
     156
     168
     169
     163
     155
     142
     151
     156
     147
     150
     171
     161
     167
     156
     165
     146
     162
     166
     161
     143
     155
     133
     153
     161
     147
     180
     177
     146
     140
     171
     168
     151
     154
     141
     165
     143
     149
     147
     156
     140
     148
     170
     141
     139
     133
     169
     152
     147
     151
     151
     169
     154
     150
     132
     168
     180
     133
     163
     158
     145
     163
     156
     144
     165
     146
     177
     156
     167
     152
     160
     165
     179
     148
     162
     157
     155
     163
     150
     167
     159
     175
     165
     145
     153
     174
     161
     174
     167
     179
     167
     168
     187
     169
     153
     147
     148
     184
     163
     139
     171
     163
     171
     142
     158
     155
     164
     151
     154
     130
     137
     122
     167
     145
     178
     126
     171
     123
     145
     141
     151
     131
     119
     141
     140
     149
     156
     140
     135
     166
     134
     168
     153
     131
     129
     113
     142
     132
     136
     126
     131
     131
     141
     139
     139
     134
     123
     107
     124
     119
     134
     113
     134
     149
     147
     142
     159
     123
     131
     130
     113
     125
     137
     132
     119
     119
     114
     119
     138
     124
     135
     124
     109
     129
     135
     125
     119
     129
     111
     120
     121
     118
     109
      98
     121
      92
      96
     125
     100
      99
      97
     125
     117
     113
     103
     114
     108
     114
     107
      93
      97
     131
      96
     102
     115
     112
     103
     103
     106
     111
     120
     103
     100
     116
      87
      95
      98
     112
     101
     104
     104
     102
      90
     109
      98
     114
     108
     108
      86
     110
      89
      93
     100
     111
      91
      83
      95
     119
     110
      97
      96
      77
      89
      96
      91
      98
     107
     104
     100
     102
     113
      99
      97
      96
     104
      99
      91
      91
     101
     104
     101
      77
      99
     107
     103
      94
      97
      92
      96
     105
     105
      78
     101
      76
      83
      98
      94
     109
     118
      93
     101
     100
      95
      97
      97
      73
      81
     112
     106
      83
     117
      94
      99
     108
      96
     111
      75
     105
      98
      94
      96
      88
     120
      91
      84
      90
      96
      93
     102
      81
      96
     107
      80
     111
     100
      93
     105
      65
      94
     102
      85
      79
      73
     112
      85
     101
      97
     100
      78
     101
      87
      77
     109
      95
     103
      85
      87
      94
      88
      74
      91
      91
      81
      98
      77
     100
      82
     101
     102
      81
      80
      83
      94
      86
      70
      79
      90
      89
      84
      64
      83
      75
      86
      72
      67
      91
      54
      76
      60
      58
      83
      72
      72
      80
      82
      71
      79
      66
      63
      67
      72
      65
      74
      73
      73
      81
      78
      75
      71
      73
      74
      52
      52
      61
      52
      70
      67
      72
      72
      52
      72
      62
      74
      51
      71
      64
      75
      64
      54
      76
      71
      66
      69
      74
      51
      65
      59
      52
      71
      53
      58
      42
      71
      62
      80
      76
      47
      72
      72
      63
      55
      48
      74
      50
      56
      54
      54
      61
      53
      52
      77
      51
      60
      62
      54
      54
      56
      65
      50
      50
      55
      64
      61
      60
      57
      63
      63
      51
      55
      70
      49
      61
      62
      67
      63
      54
      69
      46
      58
      56
      58
      51
      41
      52
      48
      48
      53
      56
      52
      52
      49
      66
      55
      52
      51
      67
      60
      52
      53
      55
      59
      52
      57
      52
      48
      64
      57
      47
      45
      62
      50
      59
      47
      68
      66
      54
      42
      51
      52
      59
      45
      58
      52
      54
      52
      42
      45
      50
      43
      57
      48
      50
      47
      56
      49
      57
      47
      57
      63
      34
      57
      59
      47
      40
      64
      52
      56
      47
      51
      35
      44
      44
      50
      59
      44
      51
      52
      41
      42
      51
      39
      59
      51
      47
      51
      45
      48
      50
      55
      55
      39
      43
      45
      41
      48
      44
      52
      46
      52
      60
      39
      46
      35
      37
      50
      39
      46
      60
      53
      45
      39
      37
      46
      44
      49
      48
      41
      44
      50
      52
      56
      42
      35
      46
      52
      42
      48
      46
      39
      43
      39
      34
      43
      45
      39
      42
      41
      38
      47
      55
      58
      41
      58
      42
      45
      51
      40
      48
      35
      46
      48
      42
      34
      37
      46
      53
      37
      41
      42
      48
      55
      55
      40
      46
      51
      35
      38
      46
      41
      48
      49
      37
      44
      40
      45
      42
      44
      48
      45
      50
      40
      41
      48
      55
      32
      42
      24
      59
      43
      37
      39
      47
      38
      47
      39
      46
      39
      34
      52
      40
      29
      38
      42
      39
      44
      47
      52
      48
      45
      41
      51
      42
      41
      42
      45
      43
      41
      43
      46
      33
      49
      53
      34
      45
      40
      43
      44
      32
      40
      48
      36
      40
      34
      39
      34
      36
      49
      49
      42
      36
      37
      43
      40
      48
      43
      36
      44
      47
      38
      43
      43
      46
      36
      24
      38
      29
      42
      53
      42
      42
      57
      35
      33
      45
      40
      40
      37
      43
      43
      46
      48
      42
      37
      47
      38
      45
      45
      33
      28
      55
      39
      38
      35
      35
      41
      37
      35
      43
      42
      35
      33
      40
      33
      43
      41
      48
      42
      53
      55
      46
      43
      43
      39
      46
      41
      35
      45
      46
      42
      51
      47
      53
      40
      44
      41
      48
      52
      46
      65
      72
      91
      99
     174
     274
     473
     677
    1015
    1298
    1573
    1722
    1622
    1413
    1137
     845
     566
     341
     206
     143
     105
      72
      71
      42
      42
      43
      44
      32
      36
      50
      46
      38
      41
      44
      44
      29
      31
      45
      55
      46
      43
      28
      45
      53
      38
      41
      37
      43
      42
      32
      34
      43
      33
      39
      34
      51
      27
      37
      38
      39
      33
      44
      32
      30
      31
      39
      38
      39
      36
      41
      40
      39
      35
      33
      42
      29
      44
      35
      42
      33
      37
      38
      36
      43
      35
      42
      33
      35
      44
      43
      28
      40
      51
      36
      34
      38
      41
      35
      46
      36
      41
      33
      42
      31
      41
      39
      42
      37
      37
      40
      34
      34
      38
      41
      36
      41
      31
      42
      43
      28
      41
      33
      39
      46
      41
      42
      30
      44
      44
      42
      33
      37
      28
      43
      43
      46
      43
      38
      45
      33
      29
      48
      44
      37
      45
      38
      36
      42
      39
      55
      34
      52
      40
      29
      45
      37
      32
      40
      32
      35
      39
      43
      35
      51
      47
      47
      38
      42
      44
      53
      58
      31
      40
      37
      39
      40
      40
      41
      44
      45
      35
      36
      35
      44
      41
      36
      40
      36
      41
      41
      54
      35
      44
      28
      39
      32
      41
      42
      38
      49
      45
      48
      50
      36
      37
      55
      47
      36
      48
      45
      43
      33
      41
      42
      55
      45
      34
      45
      56
      48
      44
      46
      52
      55
      47
      60
      41
      53
      40
      36
      48
      43
      50
      50
      37
      43
      44
      49
      42
      52
      37
      38
      47
      54
      47
      56
      59
      42
      56
      43
      48
      50
      59
      54
      51
      45
      36
      36
      36
      55
      45
      51
      48
      40
      47
      45
      42
      47
      44
      43
      51
      41
      46
      49
      43
      44
      47
      58
      43
      46
      62
      49
      42
      55
      52
      32
      51
      51
      46
      48
      47
      51
      52
      50
      46
      35
      49
      48
      37
      46
      47
      57
      51
      59
      50
      44
      59
      49
      63
      49
      49
      48
      53
      47
      45
      38
      48
      51
      57
      43
      50
      51
      37
      40
      45
      48
      39
      38
      45
      59
      46
      50
      52
      46
      49
      61
      49
      49
      42
      52
      47
      60
      48
      48
      34
      41
      44
      53
      45
      50
      43
      49
      60
      51
      48
      63
      35
      50
      44
      54
      54
      51
      50
      48
      55
      50
      59
      54
      46
      38
      50
      52
      47
      39
      45
      39
      41
      38
      44
      45
      44
      35
      43
      48
      36
      29
      28
      29
      41
      29
      44
      27
      44
      37
      45
      29
      48
      34
      25
      33
      41
      34
      34
      42
      39
      34
      26
      40
      40
      38
      39
      36
      26
      30
      36
      34
      38
      33
      22
      30
      36
      24
      35
      32
      34
      31
      26
      37
      36
      24
      27
      28
      38
      25
      29
      41
      38
      41
      33
      33
      32
      30
      41
      31
      33
      25
      32
      33
      32
      37
      32
      31
      29
      34
      30
      27
      29
      36
      35
      27
      28
      27
      43
      23
      25
      30
      33
      27
      28
      39
      25
      33
      29
      33
      28
      29
      30
      25
      23
      32
      38
      27
      24
      25
      27
      30
      29
      25
      26
      32
      21
      25
      24
      30
      31
      29
      30
      32
      34
      19
      24
      31
      28
      35
      34
      36
      27
      31
      28
      28
      24
      34
      23
      30
      25
      23
      30
      31
      21
      23
      35
      29
      27
      30
      26
      29
      20
      30
      25
      29
      27
      26
      24
      21
      24
      29
      28
      24
      17
      28
      35
      27
      31
      33
      24
      26
      28
      26
      27
      19
      20
      22
      19
      29
      28
      22
      26
      30
      32
      19
      28
      21
      21
      25
      21
      22
      24
      22
      14
      32
      22
      21
      28
      23
      24
      31
      18
      30
      22
      27
      22
      17
      23
      24
      17
      28
      22
      21
      28
      22
      32
      31
      26
      28
      25
      23
      20
      11
      27
      26
      26
      24
      17
      26
      19
      22
      31
      19
      27
      17
      29
      26
      17
      16
      22
      21
      16
      22
      27
      17
      10
      27
      33
      22
      16
      13
      17
      33
      21
      16
      24
      28
      23
      24
      26
      24
      21
      26
      24
      24
      22
      11
      19
      11
      24
      20
      19
      24
      22
      20
      18
      27
      15
      22
      20
      28
      23
      15
      19
      22
      16
      15
      24
      20
      14
      24
      20
      16
      21
      19
      33
      13
      20
      22
      19
      13
      21
      23
      22
      24
      25
      18
      17
      19
      16
      18
      17
      23
      17
      19
      20
      23
      15
      12
      20
      12
      28
      22
      21
      22
      24
      12
      24
      20
      21
      19
      21
      18
      15
      28
      19
      24
      22
      21
      28
      22
      17
      20
      14
      15
      17
      24
      18
      28
      14
      25
      14
      15
      22
      16
      21
      29
      29
      26
      20
      17
      19
      13
      24
      15
      24
      15
      19
      20
      20
      18
      16
      20
      11
      22
      18
      23
      26
      19
      21
      21
      23
      23
      16
      20
      19
      21
      26
      13
      26
      17
      29
      16
      23
      19
      27
      20
      16
      17
      33
      17
      38
      22
      21
      26
      25
      16
      28
      24
      23
      18
      17
      27
      22
      17
      31
      32
      26
      28
      22
      24
      20
      22
      24
      15
      24
      26
      22
      16
      23
      18
      12
      22
      16
       9
      23
      26
      17
      26
      16
      27
      22
      25
      23
      22
      18
      27
      24
      21
      20
      23
      17
      17
      25
      26
      16
      17
      25
      22
      20
      18
      23
      24
      19
      34
      14
      21
      17
      24
      18
      16
      27
      20
      24
      23
      27
      30
      41
      50
      45
      51
      46
      43
      28
      19
      27
      18
      27
      16
      17
      15
      13
      15
      23
      23
      24
      23
      22
      18
      16
      23
      29
      28
      31
      50
     104
     219
     486
     899
    1472
    2016
    2225
    2004
    1353
     778
     311
     111
      32
      32
      23
      14
      14
      23
      20
      22
      18
      21
      23
      22
      25
      29
      23
      17
      15
      19
      23
      16
      13
      17
      23
      16
      19
      22
      24
      14
      19
      22
      14
      11
      19
      21
      20
      17
      15
      16
      19
      14
      10
      18
      18
      18
      17
      18
      17
      21
      18
      14
      15
      17
      21
      21
      25
      27
      16
      19
      15
      20
      18
       9
      15
      16
      11
      13
      10
      15
      22
      23
      21
      10
      22
      11
      22
      15
      17
      12
      21
      17
      16
      19
      14
      13
      12
      20
      24
      12
      21
      23
      18
      17
      21
      19
      18
      19
      14
      14
      18
      21
      19
      20
      27
      19
      22
      26
      14
      16
      16
      26
      18
      15
      12
      15
      21
      17
       9
      25
      16
      17
      20
      20
      17
      22
      19
      21
      17
      20
      17
      22
      28
      19
      26
      17
      21
      14
      17
      15
      18
      16
      13
      20
      24
      16
      14
      16
      17
      20
      17
      14
      16
      15
      19
      17
      12
      16
      18
      17
      16
      23
      18
      14
      20
      16
      20
      14
      17
      18
      17
      16
      13
      13
      11
      11
      12
      13
      18
      23
      19
      15
      22
      13
      30
      13
      16
      15
      16
      21
       8
      16
      18
      15
      24
      20
      22
      15
      22
      14
      18
      20
      22
      18
      17
      19
      23
      19
      21
      19
      23
      20
      14
      18
      10
       9
      18
      18
      12
      13
      22
      19
      16
      13
      22
      12
      14
      25
      23
      25
      18
      13
      20
      18
      24
      15
      17
      19
      21
      14
      15
      27
      16
      16
      20
      17
      22
      18
      23
      17
      17
      21
      15
      18
      22
      19
      18
       9
      19
      12
      24
      25
      15
      21
      24
      19
      15
      23
      17
      20
      21
      23
      20
      27
      25
      18
      20
      15
      26
      20
      11
      22
      18
      21
      14
      14
      16
      20
      21
      16
      28
      17
      17
      17
      20
      18
      22
      22
      30
      20
      25
      20
      25
      19
      22
      13
      18
      10
      25
      11
      18
      11
      19
      20
      26
      19
      24
      16
      15
      21
      17
      17
      13
      18
      20
      17
      26
      17
      21
      11
      26
      19
      28
      28
      40
      68
      43
      47
      34
      42
      30
      17
      21
      23
      15
      34
      21
      12
      20
      29
       9
      29
      20
      27
      23
      16
      23
      23
      24
      16
      19
      27
      24
      19
      25
      25
      24
      20
      17
      13
      18
      28
      20
      22
      27
      16
      23
      22
      21
      30
      21
      20
      20
      26
      21
      22
      26
      21
      20
      23
      31
      16
      28
      24
      27
      18
      19
      22
      24
      25
      28
      25
      20
      17
      19
      24
      28
      15
      22
      23
      34
      19
      25
      18
      21
      27
      27
      17
      23
      22
      21
      18
      19
      27
      25
      17
      18
      30
      30
      28
      24
      38
      28
      14
      20
      21
      29
      22
      20
      27
      31
      26
      23
      19
      27
      12
      21
      23
      21
      17
      18
      24
      20
      19
      30
      21
      29
      23
      20
      28
      22
      23
      19
      13
      23
      20
      19
      13
      18
      20
      13
      14
      18
      13
      15
      18
      18
      15
      15
      17
      13
      14
      15
      29
      15
      21
      19
      28
      36
      73
     104
     145
     204
     238
     247
     275
     158
      99
      51
      31
      13
      15
      16
      16
      13
      14
      13
      12
      16
      17
      11
      14
      13
      18
      11
      11
      17
      15
      26
      15
      17
      11
      11
      14
      11
      15
      12
      14
      14
      12
       6
       9
      10
       9
      24
      13
      16
      17
       6
      13
      16
       9
       8
      14
      14
      15
      11
      12
      13
      11
      13
       6
      10
      16
      14
      14
      17
      10
      17
      18
      20
      18
      14
      12
       8
      12
       8
      13
      14
      12
      12
      10
      14
      15
      18
      10
       9
      11
      11
      15
      19
      12
      15
      23
      11
      17
       9
      17
      11
      17
      12
      15
      13
      18
       9
      19
      19
       9
       8
      14
      11
      13
       7
      13
      13
      11
      18
      12
      15
      14
      10
      12
       7
      11
      12
      18
      11
      14
      19
       8
      12
       9
      12
      13
      12
      13
      12
      12
       9
      18
      10
      10
      14
       9
      14
      10
      12
      10
      13
       9
      12
      12
       8
      13
      14
       7
      10
       7
       7
      16
      11
       8
      13
      10
       7
      10
       9
       7
       9
      10
      16
       7
      10
       7
      11
      12
      12
       7
      12
      13
       5
       6
       9
       8
      13
       4
       6
       7
       7
       8
       5
       9
       8
      10
       6
       7
       5
      14
       6
       7
       7
       5
       3
       5
      12
      11
       7
      11
       7
       6
       6
       8
       9
      15
       9
      11
      10
      13
      13
       8
      13
       5
      11
       9
       9
       3
      10
       6
      17
       6
       8
       8
       7
      14
       8
       7
       7
      12
       9
       7
      14
      10
       8
      12
       7
      14
       6
       7
      12
       8
       6
      16
       8
      10
       7
       5
       7
       5
      15
       4
       8
       6
       6
       7
       6
       9
       8
      12
      10
       9
       5
       9
       9
       7
       5
       9
       3
       9
      10
       4
      12
      10
       7
       7
       4
       8
       8
      10
       9
       7
       8
      10
       1
       7
       5
       4
      12
       3
       5
       4
       3
      12
      10
       7
       5
       4
       7
       5
       8
       4
       5
       8
       7
       8
       4
       6
       9
       4
       6
       7
       9
       5
      10
       6
       5
       7
       4
       4
       7
       5
       8
       5
       9
       2
      10
       9
       5
       6
       7
       5
       3
       5
      10
       7
       3
       4
       9
       5
       7
      10
       9
       7
       9
       1
       8
      11
      11
      14
      16
      22
      43
      31
      49
      42
      17
      11
       6
       8
       5
       5
       7
       8
       2
       7
      10
       3
       4
      11
       8
       7
       6
       7
       3
       5
       5
       7
       9
       2
       7
       8
       8
      10
       5
       7
       7
      10
       7
       2
       7
       6
       7
       5
       7
       4
       5
       8
       1
       6
       8
       8
       5
       4
       3
       7
       5
       6
       7
       8
       7
       8
       6
       6
       6
      12
       4
      14
       6
       7
       4
       6
      12
       7
       6
       6
       5
       5
       4
       4
       6
      10
       3
      10
       4
       3
      13
      10
       6
       4
       6
       2
       7
       5
       4
       5
       4
       6
       3
       8
       2
       5
       3
       6
       5
       8
       8
       7
       1
       5
       7
       4
       8
       7
       4
       5
       6
       4
       9
       6
       4
      11
       3
       3
       8
       7
       7
       9
       6
       6
       8
       6
       7
       4
       8
       3
       8
       2
       2
       7
       6
       4
       6
       5
       7
       4
      11
      13
       8
       7
       4
       6
       4
       7
       7
      10
       3
       7
      21
      34
      45
      61
     137
     219
     342
     541
     706
     869
     932
     833
     579
     389
     191
      94
      35
      15
       5
       2
       5
       4
       5
       3
       5
       5
       3
       4
       7
       3
       4
       5
       3
       4
       4
       5
       5
       5
       8
       3
       4
       7
       5
       6
       7
       6
       8
       9
       3
       5
       7
       5
       5
       3
       2
      10
       5
       5
      10
       5
       8
       4
       8
       5
       3
       8
       3
       7
       7
       9
       5
       8
       3
       4
       4
       7
       7
       2
       4
       3
       3
       4
       5
       3
       5
       5
       5
       4
       4
       6
       3
       6
       0
       4
       5
       5
       6
       7
       6
       7
       7
       3
       0
       9
       3
       6
       4
       4
       4
       4
       6
       3
       8
       3
       5
       3
       9
       5
       4
       1
       8
       2
       5
       5
       4
       5
       5
       3
       2
       5
       3
       4
       6
       3
       3
       2
       6
       4
       5
      11
       6
       2
       7
       2
       1
       3
       7
       4
       3
       7
       4
       5
       4
       6
       1
       6
       5
       4
       5
       6
       5
       5
       3
       1
       3
       1
       8
       7
       5
       5
       2
       0
       3
       7
       6
       6
       5
       8
       4
       6
       4
       1
       6
       3
       3
       6
       5
       2
       3
       6
       2
       3
       4
       5
       8
       3
       4
       7
       5
      10
       9
       2
       6
       5
       4
       6
       6
       5
       5
       4
       5
       4
       3
       3
       5
       2
       9
       8
       2
       7
       3
       7
       2
       5
       3
       4
       7
       4
       1
       6
       2
       4
       7
       8
       3
       3
       2
       3
       4
       2
       6
       4
       5
       5
       4
       5
       2
       3
       4
       6
       6
       2
       2
       2
       5
       2
       7
       5
       6
       4
       6
       7
       3
       3
       2
       3
       4
       3
       5
       5
       5
       2
       4
       4
       5
       3
       4
       5
       2
       4
       3
       8
       2
       5
       2
       5
       1
       4
       5
       6
       6
       7
       7
       4
       4
       8
       4
       2
       2
       9
       6
       1
       4
       6
       4
       3
       7
       6
       4
       5
       5
       5
       4
       3
       3
      11
       4
       6
       8
       8
      10
       9
      11
      15
      27
      46
      42
      59
      58
      60
      40
      22
      19
       8
      10
       8
       2
       4
       4
       2
       5
       7
       7
       2
       2
       5
       5
       5
       5
       8
       3
       1
       6
       7
       6
       6
       3
       4
       1
       3
      10
       4
       3
       6
       5
       3
       4
       4
       1
       1
       6
       4
       7
       5
       4
       3
       4
       7
       8
       2
       6
       9
       6
       7
       4
       5
       2
       5
       4
       4
       2
       3
       3
       0
       8
       9
       3
       4
       5
       2
       6
       4
       4
       3
       5
       4
       5
       5
       4
       5
       1
       6
       7
       8
       5
       4
      10
       7
       4
       6
       3
       5
       5
       5
       3
       2
       3
       4
       2
       4
       2
       4
       3
       5
       5
       5
       8
       7
       9
       6
       1
       2
       6
       7
       3
       9
       4
       4
       6
       1
       6
       6
       8
       0
       1
       5
       6
       7
       6
       4
       4
       7
       6
       6
       5
       7
       5
       8
       5
       2
       9
       4
       4
       6
       3
       5
       1
       4
       6
       3
       7
       3
       3
       5
       4
       4
       2
       7
       3
       5
       3
       1
       6
       4
       3
       4
       3
       2
       8
       3
       3
       6
       7
       3
       5
       6
       5
       6
       4
       6
       6
       6
       3
       7
       0
       6
       7
       3
       5
       6
       4
       7
       5
       9
       6
       3
       6
       2
       3
       3
       5
       3
       8
       6
       8
       4
       5
       7
       8
       3
       8
       7
      10
       6
       6
       3
       5
       4
       3
       6
       3
       6
       4
       8
       7
       5
       3
       6
       5
       4
       5
       4
       2
       6
       5
       1
       4
       7
       1
       4
       6
       7
       6
      10
       4
       4
       6
       2
       4
       4
       4
       5
       2
       6
       6
      10
       4
       8
      10
      11
      10
      10
      11
       6
       7
       8
      10
       7
      10
       3
       4
       2
       5
       3
       2
       4
       9
       7
       6
       7
       4
       6
       5
       6
       7
       2
       2
       1
       4
       3
       3
       5
       5
       5
       2
       4
       8
       7
       4
       6
       9
       5
       3
       5
       8
      10
       6
       7
       5
       3
       5
       4
       2
       4
       5
       3
       6
      10
      10
       6
       6
       2
       6
       4
       5
       7
       6
       2
       3
       6
       5
       2
       6
       2
      10
       9
       7
       3
       3
       3
       3
       3
       7
       4
       5
       2
       8
       3
       6
       9
       8
       2
       3
       5
       5
       3
       3
       4
       3
       7
       4
       5
       5
       7
       4
       6
       5
       9
       8
       6
       5
       2
       4
       7
       7
       6
       5
       5
       3
      10
       5
       9
       2
       3
       6
       6
       5
       4
       3
       7
       4
       2
       6
       5
       8
       4
       5
       4
       4
       6
       6
       9
       6
       5
       7
       3
       7
       5
       5
       4
       3
       7
       2
       7
       7
       4
      10
       9
       6
       6
       5
      12
       8
       6
       2
      12
       5
      10
       6
       8
       8
       5
       3
       6
       4
       7
       3
       6
       5
       5
       7
       5
      21
       4
       3
       6
       9
       1
       6
       6
       5
       7
       2
       3
       4
       6
       2
       7
       6
       2
       9
       2
       7
       9
       9
       5
       7
       2
       7
       7
       5
       8
       4
       5
       6
       5
       8
       9
       6
       7
       5
       5
       7
       6
       9
       7
       2
       4
       4
       5
       7
       5
       4
       5
       5
       7
       2
       8
       7
       3
       5
       6
       5
       3
       8
       8
       5
       5
       3
       2
       5
       6
       2
       7
       4
       6
       8
       8
       2
       4
       5
       2
       3
       7
       4
       2
       5
       7
       5
       5
       6
       4
       3
       5
       2
       4
       7
       2
       2
       3
       7
       5
       5
       8
       4
       2
       5
       2
       4
       4
       6
      10
       7
       5
       8
      15
       4
       7
      12
       8
       9
      15
       5
      11
       7
       5
       4
       7
       6
       4
       3
       5
       8
       4
       1
       6
       3
       4
       5
       4
       4
       6
       4
       3
       5
       5
       3
       5
       5
       3
       4
       7
       4
       7
       5
       3
       4
       3
       1
       2
       2
       5
       9
       2
       3
       5
       6
       4
       5
       5
       2
       5
       7
       5
       3
       3
       9
       6
       2
       5
       2
       6
       3
       6
       8
       8
       7
       2
       5
       8
       3
       4
       4
       2
       4
       4
       4
       3
       3
       1
       3
       2
       0
       9
       4
       2
       1
       4
       4
       7
       3
       6
       6
       4
       4
       5
       2
       6
       2
       4
       2
       6
       2
       7
       7
       6
       4
       3
       1
       4
      10
       6
       6
       7
       3
       3
       4
       3
       9
       1
       4
       4
       6
       4
       3
       6
       4
       1
       5
       5
       4
       3
       9
       4
       3
       2
       8
       3
       6
       3
       5
       6
       5
       2
       7
       3
       4
       5
       2
       4
       3
       0
       5
       4
       3
       3
       3
       4
       3
       5
       6
       4
       4
       6
       1
       4
       8
       5
       3
       4
      10
       4
       6
       5
       3
       5
       3
       6
       7
       3
       7
       4
       6
       4
       4
       6
       4
       3
       3
       7
       2
       6
       6
       4
       5
       1
       2
       6
       3
       4
       2
       5
       6
       3
       3
       8
       6
       2
       7
       2
       3
       5
       2
       3
       3
       3
       5
       2
       3
       7
       5
       8
       5
       3
       3
       2
       2
       5
       7
       1
       5
       6
       5
       2
       3
       8
       5
       2
       4
       1
       2
       7
       2
       4
       8
       5
       3
       3
       6
       4
       2
       3
       3
       1
       3
       4
       3
       4
       5
       4
       0
       3
       4
       3
       6
       1
       3
       3
       3
       3
       5
       6
       4
       1
       4
       4
       2
       5
       2
       6
       6
       1
       1
       6
       4
       4
       4
       6
       5
       3
       2
       4
       1
       2
       4
       4
       2
       4
       4
       4
       5
       2
       5
       1
       2
       6
       3
       2
       1
       3
       1
       6
       8
       4
       2
       1
       2
       5
       2
       5
       2
       4
       2
       2
       2
       2
       2
       6
       5
       7
       2
       4
       6
       3
       4
       8
       2
       7
       2
       4
       1
       5
       2
       4
       6
       5
       2
       0
       2
       6
       1
       5
       5
       3
       3
       5
       1
       4
       5
       3
       5
       1
       5
       7
       3
       2
       3
       2
       4
       6
       1
       2
       4
       6
       3
       5
       5
       2
       5
       3
       0
       2
       3
       4
       4
       7
       6
       2
       7
       0
       3
       3
       2
       6
       2
       2
       5
       3
       8
       6
       5
       2
       3
       3
       4
       5
       4
       7
       1
       1
       2
       3
       8
       3
       2
       4
       5
       4
       3
       3
       2
       2
       5
       4
       4
       4
       8
       2
       3
       3
       3
       4
       1
       3
       3
       3
       6
       6
       5
       4
       3
       9
       3
       4
       3
       2
       5
       6
       2
       5
       2
       1
       3
       9
       2
       4
       2
       5
       4
       5
       3
       3
       3
       3
       3
       4
       4
       5
       4
       5
       4
       6
       4
       1
       2
       3
       5
       2
       3
       5
       4
       5
       1
       2
       0
       5
       7
       5
       3
       8
       8
       8
       5
       3
       2
       7
       3
       5
       9
       9
      16
      17
      33
      41
      67
      77
      91
     122
     141
     115
     108
      83
      69
      30
      22
      16
       9
       5
       6
       5
       2
       4
       0
       4
       3
       3
       2
       0
       6
       3
       3
       3
       6
       4
       6
       0
       4
       2
       1
       2
       2
       6
       1
       5
       3
       2
       0
       8
       4
       4
       1
       0
       3
       3
       7
       2
       6
       3
       5
       4
       1
       4
       4
       7
       4
       3
       1
       1
       5
       3
       1
       4
       1
       6
       5
       5
       3
       3
       5
       1
       5
       1
       5
       4
       5
       2
       4
       5
       3
       2
       2
       8
       5
       1
       5
       2
       3
       8
       3
       5
       2
       1
       3
       5
       1
       3
       4
       6
       8
       8
      14
      10
       7
       9
       6
      11
       9
       6
       5
       7
       2
       0
       2
       2
       6
       4
       4
       2
       0
       5
       1
       3
       3
       2
       4
       5
       1
       4
       7
       3
       2
       2
       5
       1
       0
       5
       5
       4
       2
       2
       8
       1
       1
       3
       1
       3
       3
       4
       2
       3
       5
       0
       2
       1
       2
       2
       2
       3
       1
       3
       1
       3
       2
       5
       4
       2
       4
       2
       3
       1
       4
       4
       4
       2
       3
       1
       5
       2
       2
       2
       4
       4
       3
       5
       5
       4
       5
       1
       0
       2
       2
       7
       1
       3
       1
       3
       3
       2
       3
       3
       1
       2
       3
       2
       4
       1
       1
       3
       4
       4
       1
       3
       5
       5
       1
       5
       3
       0
       5
       0
       3
       1
       6
       3
       1
       2
       3
       1
       3
       4
       1
       8
       3
       2
       1
       3
       4
       1
       3
       4
       1
       2
       6
       5
       5
       6
       0
       4
       3
       5
       3
       4
       4
       5
       2
       1
       2
       7
       1
       5
       1
       1
       3
       0
       4
       5
       3
       3
       2
       0
       3
       1
       4
       2
       4
       2
       3
       1
       2
       0
       5
       3
       2
       4
       1
       6
       7
       2
       2
       2
       2
       3
       2
       3
       1
       3
       6
       6
       5
       0
       1
       0
       0
       1
       5
       2
       0
       2
       1
       5
       4
       1
       4
       1
       2
       0
       5
       4
       5
       2
       1
       3
       3
       0
       3
       3
       4
       3
       2
       5
       2
       5
       2
       4
       3
       5
       1
       2
       2
       5
       3
       3
       3
       1
       2
       6
       2
       0
       3
       2
       2
       5
       5
       2
       5
       2
       1
       1
       1
       4
       3
       5
       3
       3
       5
       1
       3
       2
       2
       2
       6
       3
       1
       1
       2
       5
       2
       3
       1
       1
       2
       4
       2
       1
       0
       0
       4
       0
       1
       1
       0
       2
       2
       0
       3
       1
       2
       6
       4
       5
       4
       2
       2
       2
       3
       5
       1
       3
       3
       2
       2
       3
       0
       4
       2
       1
       0
       5
       1
       5
       1
       0
       2
       1
       1
       3
       3
       0
       2
       1
       2
       4
       3
       7
       2
       2
       1
       4
       2
       2
       4
       1
       2
       2
       4
       3
       2
       1
       1
       5
       0
       3
       3
       3
       2
       1
       3
       2
       2
       5
       2
       2
       1
       4
       0
       3
       3
       2
       0
       4
       3
       2
       2
       1
       0
       5
       3
       2
       2
       1
       1
       2
       5
       0
       3
       0
       3
       1
       4
       2
       3
       0
       2
       3
       7
       3
       5
       7
       7
       5
      12
       6
       6
       8
       3
       2
       3
       5
       3
       2
       0
       2
       2
       2
       4
       0
       3
       5
       3
       2
       1
       6
       2
       1
       3
       4
       5
       1
       1
       4
       5
       2
       3
       0
       2
       1
       4
       1
       3
       1
       0
       1
       2
       3
       2
       0
       1
       1
       2
       3
       1
       1
       3
       1
       2
       2
       4
       6
       1
       4
       3
       2
       3
       6
       3
       3
       3
       2
       4
       1
       0
       3
       1
       1
       0
       1
       7
       1
       1
       2
       1
       1
       2
       2
       1
       1
       2
       5
       2
       1
       3
       3
       4
       1
       6
       3
       0
       1
       1
       0
       2
       0
       0
       7
       1
       0
       3
       3
       4
       1
       2
       2
       3
       0
       3
       1
       0
       1
       2
       6
       4
       1
       2
       6
       2
       8
       7
       8
      13
       7
      11
      14
      29
      19
      22
      14
      15
       9
      12
       6
       2
       2
       4
       5
       2
       0
       2
       1
       1
       3
       5
       1
       2
       2
       2
       4
       4
       0
       6
       2
       1
       2
       1
       0
       1
       4
       2
       2
       3
       0
       5
       3
       2
       3
       5
       4
       6
       8
      14
      29
      28
      33
      51
      42
      40
      46
      46
      42
      23
      20
       8
       8
       5
       8
       6
       2
       1
       3
       0
       0
       3
       2
       3
       2
       0
       1
       0
       5
       3
       1
       3
       1
       1
       1
       0
       0
       1
       2
       1
       1
       4
       2
       2
       4
       2
       0
       4
       2
       2
       0
       1
       5
       5
       1
       0
       2
       1
       3
       3
       3
       2
       0
       3
       2
       2
       1
       5
       1
       0
       0
       1
       0
       1
       2
       4
       1
       2
       0
       1
       1
       0
       1
       3
       0
       2
       0
       2
       0
       1
       1
       1
       0
       1
       3
       0
       2
       3
       2
       3
       2
       1
       0
       1
       2
       7
       2
       4
       4
       3
       1
       2
       1
       2
       2
       0
       2
       0
       4
       2
       1
       4
       3
       1
       2
       5
       4
       3
       2
       8
       3
       2
       5
       6
       4
      11
       7
       6
      10
       9
       8
       7
       9
      14
      10
      13
      10
       5
       1
       3
       3
       7
       2
       5
       4
       1
       0
       0
       3
       1
       1
       1
       3
       1
       4
       5
       1
       2
       0
       1
       2
       3
       3
       3
       0
       3
       1
       0
       3
       5
       5
       1
       4
       2
       0
       1
       2
       4
       1
       0
       2
       2
       1
       3
       1
       3
       1
       2
       2
       2
       2
       2
       1
       1
       6
       2
       4
       1
       0
       2
       2
       3
       1
       1
       5
       0
       1
       0
       2
       2
       0
       1
       3
       2
       2
       0
       2
       1
       3
       2
       0
       1
       0
       3
       2
       3
       3
       2
       3
       3
       0
       6
       3
       1
       4
       1
       1
       0
       4
       3
       2
       2
       1
       2
       8
       4
       2
       4
       0
       3
       2
       0
       2
       1
       0
       1
       3
       3
       1
       6
       3
       3
       0
       2
       3
       1
       2
       1
       3
       3
       1
       0
       4
       2
       1
       0
       1
       5
       1
       3
       1
       1
       1
       1
       2
       0
       3
       1
       1
       1
       1
       5
       2
       3
       3
       2
       3
       0
       4
       2
       4
       2
       6
       2
       4
       2
       2
       1
       0
       3
       2
       3
       2
       1
       2
       1
       4
       2
       1
       2
       4
       2
       1
       4
       4
       1
       4
       3
       3
       2
       1
       2
       2
       2
       3
       3
       5
       2
       4
       0
       3
       5
       1
       5
       3
       1
       5
       2
       2
       3
       0
       3
       3
       1
       0
       3
       4
       3
       1
       1
       1
       2
       2
       3
       2
       0
       3
       4
       3
       1
       6
       7
       5
       6
       3
       0
       4
       1
       3
       3
       2
       2
       2
       2
       2
       3
       4
       6
       1
       2
       2
       3
       1
       1
       4
       5
       2
       1
       4
       3
       3
       2
       1
       0
       2
       4
       5
       6
       2
       1
       2
       2
       1
       1
       1
       3
       2
       1
       2
       0
       2
       1
       2
       0
       1
       4
       0
       2
       3
       2
       0
       3
       1
       2
       3
       2
       3
       5
       2
       1
       6
       3
       7
       5
       2
       2
       1
       1
       3
       4
       4
       3
       4
       7
       4
       4
       5
       3
       5
       6
       3
       4
       4
       2
       7
       1
       5
       1
       4
       3
       2
       1
       1
       4
       2
       2
       0
       1
       1
       3
       2
       5
       2
       7
       2
       2
       0
       3
       2
       6
       4
       2
       3
       3
       5
       4
       4
       4
       4
       4
       5
       8
       5
       4
       3
       7
       6
       2
       7
       5
       8
       1
       6
       8
       2
       0
       4
       1
       2
       4
       1
       0
       3
       2
       0
       3
       2
       2
       4
       1
       0
       3
       3
       2
       0
       1
       2
       1
       3
       2
       6
       3
       6
       2
       3
       2
       4
       1
       4
       3
       4
       2
       1
       0
       4
       3
       2
       0
       5
       5
       2
       3
       6
       1
       2
       5
       3
       3
       3
       3
       5
       3
       1
       3
       2
       3
       4
       1
       1
       1
       3
       1
       4
       0
       3
       2
       0
       2
       5
       1
       1
       3
       9
       1
       0
       3
       2
       2
       1
       3
       5
       3
       8
       1
       5
       2
       3
       2
       2
       6
       1
       2
       3
       1
       3
       2
       5
       6
       3
       3
       5
       3
       3
       2
       2
       3
       2
       1
       0
       4
       1
       4
       2
       4
       1
       3
       3
       1
       1
       2
       3
       1
       4
       1
       1
       1
       3
       0
       2
       4
       2
       2
       6
       3
       3
       6
       3
       4
       6
       0
       3
       3
       4
       1
       6
       2
       3
       2
       4
       0
       0
       3
       3
       4
       4
       2
       5
       1
       2
       2
       2
       2
       3
       3
       2
       5
       2
       5
       4
       1
       4
       5
       4
       3
       3
       0
       4
       6
       3
       3
       2
       2
       3
       2
       3
       6
       4
       1
       3
       4
       3
       2
       0
       7
       4
       3
       5
       1
       2
       1
       1
       4
       4
       2
       2
       2
       1
       3
       6
       4
       4
       3
       4
       1
       3
       7
       6
       1
       4
       1
       3
       7
       5
       4
       3
       2
       1
       0
       6
       3
       2
       4
       2
       3
       0
       2
       3
       4
       2
       4
       1
      11
       1
       3
       4
       2
       2
       5
       3
       1
       2
       1
       2
       1
       1
       4
       2
       2
       2
       5
       5
       2
       3
       2
       6
       3
       6
       2
       4
      10
       5
       2
       1
       5
       6
       5
       2
       2
       1
       3
       1
       1
       3
       1
       3
       3
       0
       1
       3
       3
       2
       3
       2
       2
       1
       1
       1
       4
       2
       2
       1
       3
       2
       5
       1
       4
       6
       3
       5
       2
       3
       4
       3
       3
       5
       4
       4
       4
       6
       1
       4
       2
       3
       8
       4
       4
       2
       5
       6
       2
       4
       3
       3
       4
       4
       2
       4
       1
       4
       4
       3
       3
       3
       4
       0
       1
       5
       1
       4
       1
       2
       2
       2
       3
       2
       1
       7
       0
       5
       0
       1
       4
       5
       4
       4
       1
       2
       4
       2
       3
       1
       4
       1
       2
       2
       5
       1
       4
       1
       2
       2
       5
       3
       3
       1
       4
       2
       4
       4
       2
       2
       2
       2
       1
       4
       4
       1
       4
       2
       3
       4
       1
       3
       2
       2
       3
       2
       2
       5
       0
       2
       2
       2
       1
       1
       3
       2
       2
       3
       3
       1
       1
       2
       4
       7
       2
       4
       3
       2
       2
       0
       0
       1
       1
       1
       1
       4
       2
       5
       1
       0
       1
       4
       2
       0
       2
       1
       1
       2
       2
       2
       6
       3
       4
       3
       5
       3
       5
       4
       0
       2
       0
       3
       6
       4
       2
       3
       5
       2
       2
       2
       4
       3
       2
       1
       1
       5
       3
       3
       2
       2
       1
       4
       1
       5
       1
       4
       1
       1
       1
       0
       0
       4
       3
       4
       3
       4
       2
       6
       4
       2
       1
       3
       5
       1
       2
       5
       1
       1
       2
       2
       1
       0
       3
       1
       2
       1
       2
       1
       4
       1
       3
       0
       3
       2
       4
       5
       2
       2
       2
       1
       2
       0
       3
       1
       3
       8
       8
       3
       1
       1
       5
       0
       3
       5
       0
       2
       2
       2
       3
       1
       2
       2
       2
       0
       1
       5
       1
       1
       1
       2
       3
       1
       1
       2
       1
       2
       0
       0
       2
       1
       0
       3
       0
       1
       2
       0
       0
       2
       0
       5
       0
       0
       2
       2
       0
       1
       1
       5
       4
       4
       1
       3
       2
       0
       2
       1
       2
       2
       1
       3
       2
       3
       2
       4
       3
       1
       0
       1
       0
       2
       3
       2
       0
       2
       3
       3
       1
       1
       3
       1
       2
       3
       3
       2
       0
       0
       2
       2
       0
       0
       2
       3
       2
       5
       1
       4
       1
       0
       1
       1
       2
       0
       2
       0
       0
       2
       1
       1
       1
       2
       2
       4
       3
       1
       3
       1
       2
       1
       2
       1
       2
       2
       1
       3
       1
       1
       1
       0
       2
       0
       2
       2
       1
       0
       1
       1
       4
       2
       1
       3
       2
       2
       5
       3
       1
       1
       0
       3
       1
       0
       1
       2
       3
       3
       0
       2
       4
       1
       1
       2
       1
       1
       1
       0
       5
       0
       3
       1
       0
       1
       1
       1
       4
       2
       3
       0
       1
       0
       3
       1
       2
       0
       0
       1
       0
       2
       0
       2
       1
       3
       0
       2
       1
       1
       1
       3
       0
       3
       0
       1
       1
       0
       4
       4
       1
       2
       2
       1
       1
       2
       1
       1
       2
       0
       2
       2
       1
       1
       4
       1
       3
       2
       0
       0
       2
       0
       2
       4
       2
       1
       1
       0
       1
       1
       0
       2
       0
       2
       2
       1
       0
       2
       0
       1
       1
       3
       0
       2
       2
       6
       3
       6
       0
       2
       1
       0
       1
       2
       2
       3
       2
       2
       0
       1
       4
       1
       0
       0
       2
       1
       0
       1
       3
       1
       1
       2
       2
       3
       0
       2
       0
       3
       1
       1
       1
       0
       1
       0
       0
       1
       0
       2
       1
       2
       2
       3
       1
       2
       0
       1
       3
       1
       4
       1
       1
       1
       3
       1
       2
       0
       2
       1
       1
       1
       1
       2
       0
       2
       1
       2
       2
       4
       2
       1
       3
       0
       1
       4
       0
       2
       2
       3
       1
       0
       0
       4
       1
       1
       3
       2
       0
       0
       1
       2
       0
       2
       1
       2
       3
       2
       4
       2
       0
       1
       1
       0
       0
       1
       1
       0
       2
       4
       2
       1
       0
       1
       0
       1
       0
       1
       1
       1
       0
       3
       3
       2
       0
       0
       2
       2
       2
       0
       1
       1
       2
       3
       2
       3
       6
       7
      10
       9
      21
      13
      16
      21
      33
      31
      31
      44
      63
      55
      68
      77
      71
      61
      52
      34
      34
      13
      10
      10
       4
       4
       4
       2
       0
       1
       1
       1
       2
       0
       1
       1
       2
       0
       0
       1
       0
       1
       2
       2
       2
       1
       0
       3
       1
       2
       1
       3
       4
       0
       2
       3
       0
       2
       4
       2
       2
       1
       1
       3
       2
       0
       0
       1
       0
       0
       0
       0
       0
       0
       1
       4
       2
       0
       3
       0
       0
       0
       4
       1
       1
       1
       1
       0
       3
       1
       2
       1
       2
       0
       0
       1
       1
       0
       1
       0
       3
       3
       1
       1
       0
       1
       1
       2
       1
       0
       1
       2
       2
       0
       0
       5
       2
       1
       1
       1
       0
       0
       2
       0
       3
       0
       2
       1
       0
       1
       2
       0
       0
       3
       0
       2
       0
       1
       2
       0
       0
       0
       0
       2
       1
       0
       1
       1
       0
       0
       0
       1
       0
       0
       3
       3
       0
       1
       2
       3
       1
       1
       1
       1
       1
       0
       0
       0
       2
       1
       2
       1
       1
       0
       2
       1
       2
       0
       0
       2
       2
       2
       1
       0
       2
       1
       2
       0
       0
       1
       1
       5
       0
       3
       1
       3
       0
       1
       2
       2
       1
       1
       3
       0
       0
       1
       3
       0
       1
       1
       0
       3
       1
       1
       0
       0
       1
       2
       2
       2
       3
       2
       1
       0
       2
       2
       3
       2
       1
       2
       2
       1
       0
       0
       2
       1
       2
       1
       0
       1
       3
       1
       3
       4
       2
       0
       1
       0
       2
       1
       2
       2
       1
       2
       3
       3
       5
       2
       1
       5
       6
       4
       3
       3
       1
       4
       1
       0
       3
       3
       0
       1
       1
       1
       1
       3
       3
       1
       1
       1
       0
       0
       1
       0
       0
       0
       0
       0
       3
       1
       1
       1
       1
       0
       2
       0
       1
       1
       1
       0
       1
       0
       0
       2
       0
       1
       2
       1
       1
       2
       1
       1
       2
       0
       0
       1
       3
       1
       3
       0
       2
       1
       0
       1
       3
       2
       2
       1
       1
       0
       1
       2
       1
       0
       1
       0
       2
       3
       0
       2
       2
       1
       0
       1
       3
       2
       2
       1
       1
       1
       0
       2
       1
       3
       0
       1
       0
       1
       0
       1
       0
       2
       0
       1
       1
       1
       2
       3
       1
       2
       0
       3
       2
       3
       1
       1
       2
       2
       0
       1
       2
       5
       6
       3
       6
       5
       7
       7
       8
       4
       2
       6
      10
       5
       3
       3
       4
       4
       1
       4
       4
       0
       4
       1
       1
       3
       0
       2
       0
       0
       0
       1
       0
       1
       1
       1
       1
       0
       1
       1
       2
       2
       2
       3
       0
       1
       0
       1
       0
       1
       2
       1
       3
       4
       1
       2
       2
       1
       0
       5
       0
       3
       5
       0
       1
       3
       2
       0
       3
       2
       1
       1
       2
       1
       0
       1
       0
       4
       0
       0
       3
       0
       1
       3
       1
       0
       0
       3
       2
       2
       1
       0
       2
       1
       1
       0
       0
       1
       1
       0
       3
       1
       0
       0
       7
       1
       3
       2
       1
       1
       3
       1
       1
       1
       1
       2
       1
       1
       1
       2
       0
       1
       0
       2
       3
       2
       3
       0
       1
       1
       0
       0
       3
       1
       2
       0
       0
       3
       2
       0
       1
       0
       4
       1
       2
       0
       1
       1
       2
       3
       1
       2
       2
       0
       1
       0
       1
       0
       2
       2
       1
       2
       1
       0
       2
       2
       0
       0
       1
       3
       2
       1
       2
       0
       1
       1
       3
       2
       2
       2
       0
       1
       4
       1
       3
       0
       4
       1
       0
       3
       1
       1
       1
       0
       3
       2
       0
       1
       3
       0
       1
       1
       2
       4
       3
       1
       2
       2
       0
       3
       1
       1
       2
       2
       1
       0
       2
       0
       0
       1
       2
       2
       1
       2
       1
       1
       0
       1
       1
       2
       3
       0
       2
       0
       2
       1
       1
       2
       2
       2
       1
       3
       1
       0
       3
       1
       1
       0
       2
       1
       1
       1
       2
       1
       0
       1
       0
       0
       2
       2
       0
       1
       3
       1
       1
       2
       0
       1
       0
       5
       0
       2
       1
       1
       0
       3
       1
       2
       1
       2
       2
       1
       1
       2
       2
       0
       0
       2
       0
       2
       2
       2
       3
       0
       2
       0
       2
       1
       0
       2
       1
       2
       0
       2
       1
       1
       1
       1
       0
       1
       1
       1
       0
       1
       0
       1
       2
       0
       1
       2
       3
       0
       0
       1
       1
       0
       0
       0
       1
       1
       1
       3
       1
       2
       1
       1
       3
       2
       0
       1
       0
       2
       0
       1
       4
       2
       2
       0
       1
       1
       0
       1
       2
       0
       0
       1
       0
       1
       3
       2
       2
       2
       1
       0
       0
       1
       0
       0
       5
       2
       0
       1
       3
       2
       1
       1
       3
       3
       0
       1
       0
       0
       1
       0
       3
       1
       0
       2
       3
       1
       0
       4
       2
       1
       2
       5
       0
       0
       0
       3
       2
       0
       1
       1
       1
       0
       0
       3
       1
       1
       5
       4
       2
       3
       1
       0
       1
       3
       3
       0
       1
       2
       0
       3
       0
       1
       1
       4
       0
       0
       5
       0
       2
       0
       0
       0
       0
       0
       2
       1
       0
       2
       0
       3
       2
       0
       1
       3
       4
       2
       0
       2
       3
       2
       1
       0
       0
       2
       4
       1
       3
       3
       0
       2
       2
       1
       2
       1
       3
       2
       3
       2
       2
       2
       1
       1
       1
       2
       1
       0
       2
       2
       1
       1
       0
       2
       1
       2
       1
       1
       0
       0
       3
       0
       2
       2
       3
       1
       3
       1
       4
       2
       3
       3
       4
       1
       1
       0
       1
       1
       0
       4
       0
       1
       1
       1
       1
       2
       0
       3
       4
       3
       2
       1
       2
       5
       4
       5
       4
       0
       2
       0
       2
       0
       2
       1
       2
       1
       0
       2
       0
       2
       2
       1
       1
       0
       2
       0
       1
       1
       2
       3
       2
       1
       1
       1
       1
       0
       2
       2
       3
       0
       1
       0
       0
       1
       0
       0
       1
       0
       2
       0
       0
       1
       1
       1
       1
       1
       3
       1
       2
       2
       0
       3
       0
       0
       2
       0
       3
       0
       0
       0
       1
       0
       2
       6
       2
       0
       1
       0
       2
       1
       0
       1
       0
       2
       2
       1
       3
       3
       1
       2
       0
       2
       2
       2
       1
       3
       2
       0
       1
       2
       0
       1
       4
       3
       1
       1
       2
       0
       1
       0
       0
       1
       0
       2
       2
       2
       0
       2
       1
       3
       2
       0
       1
       0
       1
       1
       3
       0
       4
       1
       2
       1
       1
       1
       4
       0
       2
       1
       1
       2
       1
       2
       1
       1
       2
       0
       4
       3
       2
       1
       3
       1
       1
       3
       2
       4
       0
       4
       0
       1
       0
       2
       0
       2
       1
       1
       2
       1
       2
       2
       4
       0
       2
       4
       2
       6
       3
       3
       4
       3
       7
       3
       9
       5
       9
       4
       4
       5
       5
       1
       4
       4
       3
       1
       0
       4
       0
       0
       0
       0
       3
       1
       1
       0
       0
       1
       0
       1
       1
       1
       0
       0
       2
       0
       0
       1
       2
       2
       3
       0
       1
       1
       1
       2
       0
       1
       0
       0
       3
       1
       0
       3
       1
       1
       1
       2
       0
       2
       0
       0
       0
       1
       1
       0
       0
       0
       1
       4
       1
       1
       3
       0
       2
       2
       2
       2
       1
       3
       0
       1
       0
       2
       0
       2
       2
       1
       0
       1
       1
       2
       1
       0
       2
       1
       2
       0
       1
       1
       1
       0
       1
       2
       1
       0
       1
       1
       0
       0
       0
       2
       1
       1
       2
       1
       2
       2
       2
       0
       0
       1
       1
       1
       0
       0
       1
       0
       0
       1
       0
       4
       0
       2
       1
       1
       1
       1
       2
       1
       0
       0
       2
       1
       0
       0
       0
       1
       0
       0
       0
       0
       0
       1
       2
       2
       0
       1
       0
       0
       0
       1
       4
       0
       1
       3
       1
       1
       1
       2
       0
       1
       2
       0
       0
       2
       1
       0
       0
       1
       1
       1
       0
       4
       1
       4
       2
       0
       0
       0
       1
       0
       1
       2
       1
       1
       2
       1
       1
       1
       2
       0
       1
       1
       0
       1
       0
       1
       1
       0
       1
       2
       2
       2
       1
       0
       1
       0
       0
       1
       3
       0
       0
       0
       1
       0
       0
       2
       2
       0
       0
       0
       0
       0
       0
       0
       0
       0
       0
       0
       0
       0
       0
       0
       0
       0
       0
       0
       0
       0
       0
       0
       0
       0
       0
       0
       0
       0
       0
       0
       0
       0
       0
       0
       0
       0
       0
       0
       0
       0
       0
       0
       0
       0
       0
       0
       0
       0
       0
       0
       0
       0
       0
       0
       0
       0
       0
       0
       0
       0
       0
       0
       0
       0
       0
       0
       0
       0
       0
       0
       0
       0
       0
       0
       0
       0
       0
       0
       0
       0
       0
       0
       0
       0
       0
       0
       0
       0
       0
       0
       0
       0
       0
       0
       0
       0
       0
       0
       0
       0
       0
       0
       0
       0
       0
       0
       0
       0
       0
       0
       0
       0
       0
       0
       0
       0
       0
       0
       0
       0
       0
       0
       0
       0
       0
       0
       0
       0
$ROI:
2
1704 1746
2831 2841
$PRESETS:
None
0
0
$ENER_FIT:
0.128636 0.383659
$MCA_CAL:
3
1.286363E-001 3.836592E-001 7.451575E-008 keV
$SHAPE_CAL:
3
2.602834E+000 5.205996E-004 5.222647E-007
