$SPEC_ID:
Cs137
$SPEC_REM:
DET# 2
DETDESC# DETECTOR 2
AP# Maestro Version 7.01
$DATE_MEA:
02/15/2017 13:01:54
$MEAS_TIM:
8375 8541
$DATA:
0 8191
       0
       0
       0
       0
       0
       0
       0
       0
       0
       0
       0
       0
       0
       0
       0
       0
       0
       0
       0
       0
       0
       0
       0
       0
       0
       0
       0
       0
       0
       0
       0
       0
       0
       0
       0
       0
       0
       0
       0
       0
       0
       0
       0
       0
       0
       0
       0
       0
       0
       0
       0
       0
       0
       0
       0
       0
       0
       0
       0
       0
       0
       0
       0
       0
       0
       0
       0
       0
       0
       0
       0
       0
       0
       0
       0
       0
       0
       0
       0
       0
       0
       0
       0
       0
       0
       0
       0
       0
       0
       0
       0
       0
       0
       0
       0
      10
    2914
   50165
   77364
   71463
   80586
  170030
  380684
  593278
  618334
  349981
  106180
   35539
   26367
   26860
   28561
   28753
   25879
   19735
   16331
   20165
   54960
  132898
  157645
   90609
   52500
   48948
   30474
   12142
    6513
    6329
    7091
    6481
    5692
    5286
    5451
    5218
    5103
    4977
    4984
    4979
    5007
    5206
    5216
    5177
    5212
    5345
    5406
    5461
    5407
    5592
    5785
    5893
    6016
    6102
    6264
    6572
    6568
    6895
    6994
    7102
    7315
    7233
    7312
    7328
    7294
    7416
    7462
    7677
    7579
    7832
    7841
    7940
    7873
    8366
    8295
    8525
    8482
    8547
    8521
    8845
    8938
    8960
    9055
    9137
    9438
    9443
    9446
    9441
    9656
   10138
   10940
   15059
   28829
   44453
   38547
   20961
   14742
   25254
   54551
   71809
   47367
   19558
   10021
    8540
    8179
    8056
    8119
    7918
    8023
    8172
    8416
    8679
    8702
    8756
    8536
    8819
    9042
    9338
    9883
   10274
   10841
   12032
   15330
   23336
   32110
   33025
   24173
   15580
   13173
   13283
   16256
   18679
   17684
   14703
   12996
   12106
   11961
   11833
   11605
   11274
   11086
   10807
   10731
   10636
   10291
   10410
   10279
   10178
   10433
   10460
   10546
   10365
   10653
   10725
   10672
   10945
   10934
   10997
   10921
   11314
   11366
   11358
   11529
   11482
   11657
   11443
   11656
   11646
   11575
   11265
   11451
   11521
   11312
   11326
   11395
   11326
   11211
   11101
   10910
   10652
   10832
   10566
   10405
   10136
    9975
    9928
    9756
    9255
    9149
    8918
    8930
    8921
    8647
    8609
    8420
    8477
    8065
    7915
    7853
    7560
    7432
    7392
    7458
    7427
    7308
    7081
    7076
    7233
    7068
    7029
    7080
    6913
    6901
    6868
    6817
    6916
    6754
    7783
   20155
   85242
  236877
  336473
  234489
   84279
   23642
   11591
    8313
    6970
    6323
    6163
    6136
    6235
    6056
    6160
    6040
    6143
    6336
    6171
    6185
    6235
    6123
    6288
    6313
    6122
    6247
    6059
    6326
    6173
    6284
    6193
    6236
    6297
    6327
    6344
    6288
    6198
    6290
    6249
    6279
    6337
    6287
    6327
    6428
    6507
    6302
    6408
    6521
    6298
    6253
    6359
    6429
    6195
    6410
    6313
    6344
    6408
    6243
    6234
    6438
    6382
    6283
    6467
    6284
    6488
    6307
    6234
    6426
    6742
    6703
    6795
    6957
    6835
    6811
    6664
    6779
    6831
    6822
    6780
    6905
    7023
    6716
    6839
    6671
    6840
    6801
    6788
    6898
    6880
    6946
    6897
    6900
    6967
    7019
    6992
    7129
    7106
    7077
    7052
    7073
    7213
    7147
    7216
    7245
    7719
    7923
    7931
    7803
    7455
    7255
    7165
    7217
    7265
    7422
    7403
    7121
    7258
    7203
    7301
    7441
    7500
    7254
    7425
    7207
    7301
    7099
    7261
    7027
    6914
    6882
    6879
    6996
    6906
    6824
    6801
    6775
    6707
    6767
    6512
    6662
    6491
    6454
    6477
    6523
    6203
    6291
    6300
    6150
    5979
    6147
    6060
    6084
    6051
    6001
    6084
    6006
    5797
    5806
    5991
    5888
    5909
    5783
    5915
    5755
    5768
    5683
    5535
    5679
    5840
    5856
    5825
    5676
    5718
    5626
    5650
    5693
    5773
    5624
    5667
    5694
    5605
    5429
    5534
    5567
    5531
    5585
    5509
    5545
    5497
    5468
    5403
    5637
    5556
    5425
    5480
    5264
    5246
    5278
    5237
    5277
    5004
    5148
    5037
    5168
    4990
    4890
    4864
    4824
    4988
    4851
    5034
    4850
    4947
    4786
    4837
    4846
    4793
    4843
    4725
    4695
    4740
    4853
    4834
    4627
    4874
    4836
    4778
    4743
    4852
    4703
    4703
    4779
    4695
    4750
    4787
    4787
    4727
    5021
    4880
    4834
    4771
    4663
    4686
    4651
    4583
    4685
    4709
    4640
    4654
    4621
    4718
    4593
    4747
    4655
    4619
    4643
    4572
    4604
    4795
    4461
    4646
    4601
    4713
    4600
    4546
    4577
    4617
    4619
    4453
    4569
    4382
    4688
    4532
    4571
    4604
    4541
    4546
    4519
    4570
    4663
    4527
    4582
    4514
    4439
    4534
    4465
    4435
    4463
    4472
    4338
    4358
    4446
    4442
    4418
    4608
    4322
    4478
    4376
    4392
    4377
    4293
    4470
    4330
    4327
    4410
    4300
    4287
    4413
    4248
    4332
    4369
    4203
    4349
    4077
    4191
    4168
    4138
    4241
    4552
    6721
   15647
   35501
   54663
   51241
   28830
   11656
    5669
    4443
    4185
    4157
    4239
    4313
    4197
    4021
    3822
    3885
    3781
    3736
    4057
    3986
    4281
    4304
    3924
    3973
    3642
    3761
    3599
    3740
    3570
    3581
    3552
    3524
    3556
    3443
    3489
    3438
    3444
    3445
    3384
    3354
    3393
    3342
    3237
    3333
    3314
    3213
    3236
    3346
    3252
    3220
    3218
    3172
    3115
    3111
    3173
    3138
    3017
    3067
    2969
    2988
    2871
    2993
    3007
    2873
    2826
    2905
    2943
    2894
    2907
    2991
    3140
    3343
    3222
    2897
    2776
    2724
    2673
    2664
    2727
    2753
    2682
    2790
    2970
    2774
    2677
    2557
    2525
    2560
    2538
    2437
    2410
    2448
    2378
    2389
    2390
    2348
    2372
    2347
    2331
    2396
    2279
    2314
    2369
    2269
    2423
    2417
    2459
    2351
    2344
    2300
    2240
    2167
    2135
    2265
    2156
    2137
    2110
    2122
    2015
    2118
    2140
    2020
    2127
    2045
    1929
    2089
    2021
    2040
    2028
    1960
    1842
    1959
    2023
    2251
    2895
    3942
    4324
    3833
    2767
    2080
    1930
    1884
    1873
    1848
    1790
    1852
    1820
    1838
    1853
    1909
    1867
    1810
    1846
    1795
    1812
    1811
    1733
    1779
    1796
    1777
    1764
    1759
    1838
    1754
    1762
    1721
    1710
    1701
    1726
    1707
    1673
    1735
    1722
    1752
    1719
    1741
    1642
    1727
    1645
    1697
    1672
    1639
    1662
    1683
    1722
    1838
    1891
    1824
    1865
    1704
    1632
    1738
    1569
    1623
    1652
    1613
    1647
    1674
    1604
    1597
    1527
    1565
    1477
    1590
    1626
    1564
    1564
    1515
    1509
    1670
    1811
    1937
    1886
    1654
    1613
    1500
    1533
    1566
    1569
    1512
    1631
    1677
    1989
    2145
    1958
    1769
    1577
    1478
    1482
    1487
    1453
    1464
    1452
    1510
    1540
    1452
    1469
    1432
    1458
    1517
    1423
    1383
    1369
    1463
    1448
    1399
    1463
    1464
    1478
    1491
    1521
    1592
    1576
    1543
    1502
    1484
    1602
    2489
    7168
   23651
   62122
  111721
  129697
   94992
   43446
   13714
    4236
    2254
    1638
    1437
    1400
    1319
    1294
    1337
    1286
    1338
    1260
    1360
    1311
    1338
    1284
    1349
    1315
    1310
    1340
    1275
    1313
    1331
    1285
    1320
    1286
    1322
    1272
    1329
    1267
    1294
    1270
    1237
    1296
    1277
    1293
    1208
    1264
    1329
    1249
    1176
    1175
    1265
    1223
    1294
    1272
    1214
    1246
    1227
    1231
    1209
    1257
    1301
    1364
    1451
    1879
    2701
    4278
    5140
    4488
    2819
    1760
    1295
    1247
    1188
    1236
    1191
    1182
    1170
    1241
    1215
    1182
    1134
    1215
    1202
    1174
    1186
    1272
    1176
    1177
    1166
    1208
    1155
    1194
    1222
    1103
    1219
    1194
    1251
    1244
    1166
    1190
    1146
    1170
    1177
    1117
    1170
    1121
    1166
    1216
    1161
    1178
    1255
    1255
    1309
    1260
    1201
    1235
    1125
    1166
    1155
    1155
    1104
    1164
    1159
    1183
    1121
    1171
    1129
    1143
    1111
    1122
    1093
    1180
    1179
    1094
    1161
    1030
    1155
    1106
    1162
    1072
    1129
    1078
    1062
    1095
    1107
    1059
    1069
    1143
    1075
    1138
    1104
    1059
    1096
    1085
    1117
    1071
    1122
    1087
    1110
    1058
    1032
    1080
    1042
    1107
    1072
    1102
    1150
    1081
    1088
    1106
    1094
    1097
    1048
    1113
    1224
    1571
    2768
    5255
    8444
    9930
    7942
    4656
    2339
    1423
    1150
    1071
    1084
    1027
    1111
    1109
    1256
    1458
    1454
    1373
    1162
    1059
    1041
    1008
    1078
    1063
    1042
    1058
    1014
    1004
    1051
    1023
    1043
    1010
    1041
     991
     999
     964
    1004
    1021
     994
    1064
    1071
    1092
    1022
    1027
     961
    1004
    1026
    1090
    1016
     981
     942
     976
     987
    1018
    1021
    1011
    1053
    1066
    1010
     998
    1070
    1004
    1048
    1012
    1031
    1059
    1067
    1001
    1011
    1045
    1070
    1014
     950
     990
     943
    1008
    1026
     989
    1014
    1017
    1028
     990
    1039
    1193
    1356
    2251
    4598
    8304
   11713
   11569
    8318
    4014
    1980
    1238
    1022
    1104
    1080
     998
     989
    1022
     985
    1013
    1023
     961
     987
    1042
     943
    1021
     933
     962
     982
     986
     975
     919
     995
     928
     933
    1023
     911
     987
     919
     997
     955
    1021
     987
     925
     976
     963
     944
     959
     949
     982
     951
     938
     971
    1034
     984
     987
     931
     937
     996
     970
     956
    1015
     972
     965
     924
     941
     975
     945
     947
     934
     997
     964
     952
     965
     979
     943
     946
     974
     958
     992
    1006
     914
     951
     918
     994
     844
     910
     978
     982
     878
     997
    1003
     975
     965
     948
     989
     932
     964
     892
     961
     989
    1004
     946
    1014
     959
    1005
    1062
    1011
     954
    1008
     994
     965
    1045
     981
    1060
     973
    1013
    1009
     992
    1081
    1243
    1655
    2081
    2236
    2044
    1640
    1213
     978
     958
    1013
     923
     974
     959
     999
     962
    1054
    1100
    1022
     999
    1018
     995
     956
     943
    1034
     987
     967
     976
     950
     963
     967
     918
     979
     900
     922
     987
     947
     902
    1039
     982
    1066
    1315
    1424
    1412
    1312
    1048
    1055
     971
     938
     931
     966
     959
    1003
     952
     948
     966
    1022
    1016
    1113
    1178
    1237
    1337
    1371
    1301
    1239
    1208
    1178
    1048
     983
     996
     937
     949
     930
     924
     943
     982
     934
     983
     982
    1003
     970
     966
     940
    1027
    1053
    1067
    1058
    1132
    1101
     987
     960
     991
     955
    1029
     953
     962
    1008
    1030
     997
     956
     929
     998
     939
    1021
    1033
    1004
     961
     945
    1003
     955
     910
     963
     948
     953
     952
     925
     950
     939
     958
    1035
    1004
    1018
    1066
    1085
    1087
    1012
    1009
    1013
     927
     952
    1028
     912
     931
     977
     999
     936
     951
     974
     967
    1034
     945
    1010
     942
     931
     948
     981
     967
     978
     974
     985
     965
     964
     907
     928
     957
     962
     983
     945
     994
     984
    1028
    1010
    1044
    1003
     979
     989
    1015
     970
     978
     982
    1009
     980
     963
     960
     966
     936
     996
    1004
     969
     978
    1035
    1092
     991
    1016
    1081
    1048
    1013
     945
    1039
    1003
    1054
     968
    1050
    1010
    1004
     989
    1194
    1303
    1619
    1972
    2304
    2250
    1739
    1365
    1305
    1289
    1288
    1366
    1253
    1075
    1038
    1045
    1094
     998
     956
     971
    1022
     973
     975
    1038
    1026
    1004
    1036
    1065
     949
    1002
    1024
    1046
    1037
    1050
    1017
    1014
    1057
     992
    1030
    1009
    1020
     987
     998
     980
    1005
     983
    1019
     989
    1016
     974
     987
     979
     973
    1010
     968
    1016
    1004
    1042
    1091
    1216
    1539
    1918
    2079
    2051
    1632
    1249
    1029
     990
     943
     913
     951
     875
     916
     882
     958
     947
     921
     939
     955
     899
     929
     893
     821
     889
     869
     862
     857
     860
     830
     908
     876
     886
     887
     831
     911
     880
     924
     817
     865
     795
     830
     842
     870
     899
     870
     859
     875
     836
     844
     853
     891
     874
     853
     847
     887
     927
     863
     868
     818
     846
     894
     878
     844
     858
     885
     827
     825
     821
     823
     770
     815
     804
     813
     806
     777
     863
     832
     874
     820
     935
     877
     862
     831
     843
     863
     820
     826
     847
     852
     804
     855
     840
     829
     871
     856
     807
     838
     834
     821
     766
     791
     799
     837
     806
     866
     854
     811
     830
     826
     796
     834
     825
     785
     808
     807
     828
     830
     847
     845
     795
     840
     815
     808
     830
     836
     787
     886
     806
     830
     853
     836
     775
     785
     805
     836
     819
     867
     783
     785
     787
     809
     864
     822
     791
     778
     797
     788
     846
     836
     780
     784
     801
     875
     860
     811
     809
     814
     781
     863
     804
     816
     833
     768
     860
     854
     724
     752
     805
     810
     822
     802
     821
     800
     841
     781
     771
     783
     802
     790
     846
     834
     865
     889
     950
    1078
    1131
    1146
    1037
     928
     815
     801
     819
     788
     797
     798
     771
     847
     827
     842
     848
     799
     815
     797
     805
     810
     800
     791
     812
     811
     761
     828
     830
     757
     859
     800
     721
     816
     769
     832
     807
     816
     812
     863
     837
     808
     825
     825
     771
     820
     831
     932
    1097
    1195
    1152
    1102
     961
     843
     830
     848
     938
    1201
    1439
    1759
    1822
    1637
    1345
     969
     909
     821
     779
     776
     775
     802
     750
     769
     805
     757
     765
     807
     775
     748
     811
     833
     841
     917
    1062
    1415
    1851
    2292
    2611
    2320
    1754
    1258
     884
     852
     790
     788
     800
     753
     808
     781
     782
     751
     733
     803
     799
     745
     815
     813
     739
     787
     729
     803
     746
     784
     839
     811
     849
     774
     728
     760
     787
     770
     738
     783
     744
     773
     769
     836
     747
     816
     774
     728
     782
     743
     720
     770
     842
     821
     795
     799
     756
     766
     786
     828
     811
     769
     789
     883
     879
     893
     975
     956
     930
     858
     858
     840
     809
     770
     762
     789
     838
     759
     756
     849
     943
     990
    1207
    1375
    1483
    1358
    1145
     926
     871
     857
     812
     908
     951
    1002
    1008
    1068
     975
     861
     833
     803
     827
     732
     864
     781
     819
     831
     837
     859
     789
     839
     792
     831
     792
     819
     800
     807
     795
     848
     821
     792
     796
     824
     825
     806
     791
     830
     799
     802
     931
     849
     815
     842
     898
     768
     799
     809
     845
     815
     840
     863
     811
     878
     848
     873
     838
     775
     865
     843
     830
     852
     834
     811
     891
     855
     815
     846
     831
     785
     837
     866
     817
     794
     869
     875
     865
     837
     826
     818
     824
     878
     834
     882
     843
     816
     803
     840
     829
     866
     841
     858
     923
     852
     894
     812
     823
     826
     818
     813
     849
     816
     810
     800
     812
     801
     803
     761
     787
     826
     854
     853
     942
    1049
    1125
    1171
    1066
     945
     872
     749
     714
     736
     835
     899
     887
     915
     892
     879
     749
     732
     773
     716
     713
     742
     709
     719
     779
     728
     719
     788
     700
     738
     711
     833
    1092
    1506
    2777
    5325
    9663
   15834
   21718
   24284
   20854
   13782
    7292
    3355
    1525
    1004
     760
     717
     673
     703
     730
     732
     725
     702
     710
     698
     746
     722
     725
     704
     733
     740
     722
     756
     680
     706
     730
     732
     724
     755
     668
     715
     711
     701
     737
     748
     713
     714
     710
     735
     777
     736
     726
     691
     656
     723
     682
     685
     737
     700
     722
     665
     723
     693
     743
     684
     717
     711
     724
     709
     703
     714
     696
     669
     698
     702
     700
     739
     712
     662
     755
     680
     693
     685
     673
     692
     757
     792
     940
     975
    1200
    1239
    1142
    1011
     902
     763
     738
     705
     696
     683
     671
     746
     721
     676
     712
     696
     700
     668
     665
     718
     705
     662
     694
     681
     704
     747
     691
     701
     657
     714
     683
     760
     659
     696
     661
     661
     694
     674
     701
     724
     677
     691
     710
     683
     667
     701
     683
     689
     654
     704
     627
     677
     709
     705
     675
     717
     705
     673
     683
     721
     691
     721
     681
     663
     624
     690
     693
     687
     660
     699
     664
     696
     710
     687
     740
     743
     705
     754
     759
     819
     917
     931
     931
     920
     941
     838
     770
     695
     696
     723
     703
     726
     699
     681
     732
     703
     757
     668
     717
     692
     712
     718
     698
     710
     770
     691
     710
     689
     714
     687
     696
     736
     699
     697
     722
     728
     737
     690
     688
     694
     694
     707
     738
     755
     699
     713
     699
     680
     734
     705
     702
     738
     709
     749
     713
     762
     729
     753
     711
     724
     770
     825
     856
     998
    1184
    1798
    2915
    4437
    6228
    7248
    6845
    5492
    3541
    2123
    1238
     899
     740
     734
     703
     758
     722
     671
     756
     777
     834
     779
     784
     801
     724
     733
     686
     748
     684
     704
     719
     710
     709
     703
     663
     730
     652
     643
     656
     642
     667
     691
     672
     677
     698
     651
     637
     598
     651
     629
     691
     631
     611
     658
     623
     626
     603
     595
     623
     643
     622
     596
     671
     643
     619
     606
     593
     661
     627
     632
     619
     664
     614
     623
     627
     644
     669
     642
     679
     671
     717
     656
     706
     700
     653
     662
     629
     631
     610
     642
     595
     660
     705
     734
     703
     707
     629
     607
     552
     575
     555
     560
     556
     532
     585
     574
     577
     550
     607
     542
     606
     549
     530
     492
     491
     514
     536
     528
     474
     502
     518
     496
     504
     541
     490
     470
     517
     503
     464
     472
     500
     480
     480
     469
     503
     523
     550
     600
     802
     936
    1073
    1091
    1005
     829
     647
     561
     481
     451
     455
     447
     485
     483
     458
     501
     577
     550
     644
     685
     786
     881
     764
     724
     610
     514
     494
     442
     505
     508
     531
     566
     615
     550
     559
     463
     524
     486
     444
     458
     428
     478
     441
     441
     428
     445
     439
     434
     481
     438
     445
     447
     457
     425
     417
     425
     445
     447
     482
     417
     401
     440
     445
     422
     460
     430
     440
     403
     439
     451
     435
     426
     444
     439
     403
     429
     450
     393
     450
     447
     417
     422
     415
     432
     425
     443
     392
     407
     444
     433
     436
     375
     421
     411
     460
     451
     401
     413
     414
     357
     450
     432
     432
     458
     437
     438
     463
     449
     452
     460
     450
     696
     993
    1628
    2947
    5202
    8608
   13083
   17896
   20023
   18530
   13904
    8588
    4394
    1921
     982
     584
     461
     388
     378
     393
     450
     407
     420
     369
     387
     394
     360
     391
     369
     365
     353
     363
     370
     364
     397
     362
     375
     380
     348
     321
     346
     356
     348
     344
     361
     335
     338
     324
     340
     358
     357
     337
     344
     337
     331
     311
     339
     379
     346
     356
     311
     345
     338
     283
     301
     332
     316
     336
     328
     306
     356
     343
     349
     374
     353
     383
     377
     363
     352
     333
     379
     329
     316
     328
     329
     304
     326
     362
     363
     372
     381
     383
     400
     393
     352
     349
     352
     330
     338
     329
     333
     306
     313
     341
     338
     362
     381
     351
     386
     412
     596
     644
     823
    1047
    1171
    1275
    1192
    1033
     729
     501
     400
     337
     307
     322
     299
     294
     311
     318
     319
     304
     294
     280
     324
     269
     292
     278
     305
     293
     297
     301
     281
     265
     290
     296
     304
     296
     277
     294
     300
     293
     314
     265
     272
     283
     289
     303
     283
     295
     310
     358
     246
     284
     297
     300
     300
     312
     297
     284
     275
     307
     286
     287
     271
     280
     312
     300
     290
     294
     263
     248
     285
     277
     298
     251
     276
     288
     292
     252
     305
     286
     288
     302
     291
     287
     272
     256
     274
     287
     280
     315
     310
     277
     287
     283
     271
     289
     274
     306
     300
     280
     284
     299
     298
     263
     311
     314
     265
     267
     292
     313
     308
     295
     286
     285
     295
     309
     306
     269
     307
     288
     299
     275
     289
     311
     270
     327
     294
     295
     257
     287
     287
     279
     293
     304
     296
     279
     281
     293
     306
     301
     289
     299
     273
     290
     306
     278
     289
     282
     266
     283
     329
     289
     315
     303
     304
     303
     280
     285
     287
     299
     311
     300
     301
     287
     300
     306
     272
     299
     293
     306
     292
     297
     311
     307
     285
     317
     313
     304
     311
     303
     322
     286
     294
     301
     331
     313
     334
     293
     332
     310
     309
     343
     305
     300
     323
     312
     328
     312
     329
     292
     304
     312
     319
     331
     354
     357
     405
     543
     807
    1182
    1982
    3364
    5309
    7976
   10487
   12055
   11653
    9382
    6272
    3702
    2077
    1367
    1364
    1627
    2002
    2231
    2287
    1929
    1464
     907
     596
     456
     360
     313
     308
     332
     309
     313
     333
     299
     308
     334
     334
     302
     289
     303
     297
     314
     299
     298
     286
     312
     277
     330
     307
     309
     299
     323
     330
     286
     291
     330
     308
     299
     323
     335
     299
     299
     315
     330
     331
     399
     384
     469
     602
     781
    1058
    1478
    2291
    3628
    5894
    9031
   12564
   15014
   15360
   13046
    9318
    5581
    2821
    1426
     717
     445
     404
     313
     347
     323
     307
     287
     318
     343
     313
     343
     328
     305
     337
     296
     334
     318
     331
     296
     362
     420
     391
     349
     356
     355
     372
     343
     355
     348
     362
     341
     323
     317
     309
     323
     306
     355
     334
     330
     316
     326
     343
     316
     353
     317
     341
     351
     335
     348
     324
     336
     355
     334
     309
     343
     328
     303
     327
     331
     335
     319
     299
     295
     336
     330
     348
     317
     345
     331
     316
     350
     343
     307
     330
     323
     333
     362
     361
     348
     345
     359
     369
     340
     348
     358
     332
     362
     373
     362
     344
     344
     409
     382
     394
     381
     417
     409
     442
     420
     394
     376
     370
     347
     358
     358
     374
     358
     384
     365
     376
     387
     371
     380
     349
     405
     336
     358
     332
     386
     363
     347
     376
     383
     339
     365
     349
     344
     340
     347
     361
     359
     326
     344
     361
     390
     322
     354
     361
     355
     361
     392
     350
     332
     396
     410
     401
     391
     371
     417
     408
     345
     374
     388
     337
     405
     351
     370
     339
     378
     352
     374
     352
     355
     341
     379
     389
     344
     367
     364
     387
     356
     370
     379
     328
     356
     324
     370
     343
     359
     389
     359
     383
     355
     348
     374
     365
     312
     326
     344
     370
     369
     355
     323
     365
     331
     349
     329
     341
     305
     323
     292
     280
     283
     278
     308
     289
     282
     260
     263
     283
     259
     254
     251
     237
     238
     247
     230
     233
     257
     232
     250
     223
     248
     244
     218
     228
     230
     238
     211
     210
     256
     232
     257
     281
     254
     229
     239
     230
     220
     232
     239
     207
     220
     233
     223
     243
     258
     248
     281
     385
     486
     685
     837
    1165
    1416
    1641
    1565
    1350
     965
     646
     430
     292
     266
     199
     215
     213
     192
     213
     222
     220
     201
     212
     201
     208
     166
     226
     183
     202
     213
     192
     201
     169
     187
     180
     224
     206
     178
     197
     167
     196
     199
     198
     180
     176
     180
     182
     204
     178
     183
     178
     186
     184
     169
     171
     179
     173
     213
     204
     211
     210
     210
     197
     200
     170
     177
     170
     199
     159
     176
     163
     160
     188
     185
     185
     166
     193
     168
     171
     171
     168
     158
     173
     154
     177
     164
     163
     165
     178
     149
     175
     153
     152
     169
     179
     160
     184
     176
     223
     241
     285
     268
     362
     350
     268
     329
     257
     180
     157
     173
     157
     169
     149
     164
     152
     151
     157
     148
     137
     126
     167
     150
     170
     138
     140
     143
     154
     137
     150
     160
     165
     160
     154
     155
     159
     155
     146
     141
     139
     115
     130
     129
     120
     124
     107
     116
     126
     142
     122
     135
     124
     135
     128
     122
     102
     137
     108
     116
     126
     121
     144
     114
     177
     199
     238
     285
     273
     297
     283
     202
     159
     138
     141
     113
      80
      97
      91
      88
      98
     113
      91
      91
      90
      87
      83
      79
      95
      82
      91
      92
      97
      91
     113
      96
      71
      94
      96
     101
     102
      82
      85
      68
      90
      82
      97
      84
      96
      88
      88
      97
     109
     111
     133
     148
     197
     173
     151
     120
     121
     108
      93
      97
      92
     150
     182
     284
     486
     646
     959
    1235
    1432
    1538
    1428
    1145
     751
     450
     246
     134
      97
      76
      78
      66
      71
      66
      57
      54
      59
      64
      64
      65
      58
      61
      47
      59
      62
      53
      53
      56
      42
      53
      60
      51
      44
      50
      39
      40
      39
      49
      44
      40
      44
      35
      44
      44
      39
      39
      47
      54
      51
      39
      45
      50
      39
      43
      44
      34
      51
      48
      34
      52
      51
      33
      31
      56
      41
      35
      40
      49
      41
      37
      40
      50
      33
      51
      39
      33
      39
      27
      34
      33
      34
      30
      26
      31
      37
      30
      29
      39
      40
      34
      38
      46
      40
      31
      37
      32
      39
      29
      23
      22
      27
      24
      28
      29
      34
      42
      28
      34
      30
      29
      28
      31
      24
      30
      38
      33
      33
      27
      39
      23
      34
      38
      38
      26
      39
      30
      36
      45
      51
      44
      40
      43
      41
      32
      27
      36
      32
      34
      37
      21
      32
      34
      25
      29
      37
      34
      36
      43
      26
      34
      21
      34
      33
      19
      28
      40
      25
      26
      22
      35
      24
      27
      36
      35
      38
      31
      41
      35
      47
      53
      46
      49
      40
      37
      37
      32
      36
      24
      22
      28
      31
      22
      34
      33
      29
      29
      18
      34
      22
      27
      32
      29
      29
      28
      29
      27
      24
      29
      27
      37
      28
      32
      33
      22
      25
      33
      15
      30
      20
      28
      28
      24
      17
      29
      21
      26
      30
      23
      25
      26
      40
      27
      27
      32
      20
      22
      22
      30
      34
      28
      30
      25
      30
      24
      25
      27
      33
      25
      24
      27
      21
      33
      27
      35
      28
      29
      26
      23
      28
      26
      38
      31
      21
      35
      33
      39
      34
      34
      31
      31
      38
      35
      35
      41
      49
      52
      38
      33
      43
      43
      49
      86
      94
     169
     273
     549
     946
    1445
    2394
    3759
    5931
    8566
   11769
   14768
   16864
   16288
   14234
   10704
    6655
    3785
    1904
     816
     390
     167
      82
      47
      28
      28
      28
      31
      19
      14
      17
      24
      20
      24
      33
      30
      25
      23
      20
      20
      25
      14
      20
      13
      11
      11
      19
      20
      17
      18
      20
      17
      11
      15
      17
      17
      17
      21
      11
      14
      12
      11
      17
      22
      13
      11
      11
      15
      21
      21
      17
      10
       8
      20
      15
      13
      17
      12
      29
      16
      23
      16
      15
      17
      21
      22
      20
      23
      18
      16
      31
      13
      11
      18
      22
      24
      22
      20
      25
      23
      26
      23
      27
      20
      19
      30
      31
      41
      37
      44
      31
      61
      72
      79
      70
     103
      93
     104
      61
      55
      71
      32
      16
      19
      16
      21
      20
      28
      21
      33
      24
      29
      48
      43
      57
      60
      87
     134
     209
     285
     351
     378
     406
     346
     287
     201
     105
      61
      33
      28
      17
      13
       5
      10
       6
      11
      10
       9
       5
       5
       6
       7
       8
       7
       5
       2
      10
       8
      10
       6
       8
       4
       8
      11
       5
       8
       6
       4
      11
      10
       8
       6
       6
       9
       5
       9
       7
       6
      10
      11
      11
      10
      14
       7
       7
       7
      13
       9
      11
       7
      15
       7
      14
      13
      11
      11
      10
      15
      13
      15
       9
       5
       6
       6
       1
       9
       6
       7
       7
       9
       8
       8
      16
      10
       9
       8
       6
       8
      13
       8
      10
       9
      13
      10
      11
      10
      21
      12
       5
      15
      10
      12
       9
      15
      10
      10
       6
       9
      14
       2
       7
       6
       6
       6
       3
       8
       8
       6
       5
       7
      10
       4
       8
       6
       3
       5
       8
       9
       8
      11
       1
       9
      10
       6
      11
       9
       5
      10
       1
       7
       9
       4
       9
       6
       9
      12
      14
       6
       1
       9
       5
       4
       7
       5
       6
      12
       2
       4
       8
       4
       4
       6
       7
       6
       5
       6
       8
      10
       3
       3
       2
       4
       7
       7
      10
      13
      16
      19
      23
      44
      64
      77
     130
     170
     181
     215
     218
     187
     178
     127
      96
      71
      39
      25
      14
       5
       3
       6
       4
       3
       6
       2
       3
       4
       1
       3
       3
       2
       1
       6
       1
       5
       5
       5
       3
       4
       3
       3
       0
       1
       6
       5
       4
       3
       7
       4
       6
       3
       3
       1
       5
       6
       3
       2
       4
       3
       5
       2
       3
       1
       3
       5
       6
       4
       3
       8
       2
       4
       4
       2
       2
       1
       4
       3
       1
       4
       3
       2
       4
       6
       5
       5
       4
       2
       2
       4
       4
       3
       5
       1
       1
       7
       3
       6
       1
       3
       5
       4
       0
       0
       4
       6
       4
       2
       5
       2
       6
       6
       6
       2
       6
       2
       3
       3
       6
       3
       2
       4
       0
       5
       1
       2
       3
       2
       1
       4
       5
       2
       1
       1
       3
       1
       1
       4
       1
       2
       4
       8
       5
       3
       1
       2
       1
       5
       2
       2
       1
       3
       2
       4
       2
       2
       6
       3
       4
       0
       5
       2
       7
       3
       2
       4
       3
       0
       3
       2
       3
       4
       3
       1
       4
       3
       4
       2
       1
       2
       6
       3
       2
       5
       5
      12
       9
       7
       8
      10
       5
       4
       1
       2
       3
       4
       4
       1
       5
       2
       2
       3
       0
       2
       4
       3
       8
       5
       8
       6
      13
       9
      11
      12
       5
       8
       7
      14
       6
       6
       9
       6
       2
       1
       4
       8
       1
       0
       3
       0
       3
       4
       2
       2
       3
       0
       4
       2
       5
       5
       6
       1
       3
       4
       5
       4
       2
       2
       1
       0
       3
       6
       0
       1
       0
       1
       3
       1
       2
       2
       1
       2
       1
       3
       1
       2
       1
       1
       2
       1
       3
       2
       3
       3
       1
       1
       1
       3
       1
       1
       3
       5
       3
       1
       2
       4
       1
       1
       3
       3
       0
       5
       3
       4
       1
       0
       1
       5
       2
       1
       3
       5
       1
       2
       3
       4
       6
       8
       5
       5
       1
      10
       4
       3
       5
       6
       4
       7
       2
       9
       7
       7
       6
       1
       3
       4
       1
       6
       2
       2
       3
       3
       2
       6
       2
       2
       2
       1
       1
       3
       2
       1
       2
       1
       2
       3
       0
       1
       5
       4
       0
       0
       1
       2
       0
       1
       1
       2
       2
       1
       2
       3
       3
       4
       3
       2
       1
       1
       3
       0
       1
       1
       3
       1
       0
       5
       2
       2
       3
       4
       3
       1
       1
       2
       0
       2
       2
       2
       1
       0
       1
       2
       3
       1
       1
       0
       1
       1
       2
       1
       2
       2
       0
       1
       0
       3
       4
       3
       2
       3
       0
       0
       1
       4
       0
       1
       1
       1
       0
       2
       1
       1
       0
       0
       0
       1
       2
       1
       0
       1
       0
       0
       5
       2
       3
       2
       0
       1
       1
       1
       2
       4
       0
       1
       0
       2
       2
       3
       2
       3
       2
       0
       2
       1
       3
       0
       1
       2
       1
       2
       2
       0
       0
       2
       2
       0
       1
       3
       1
       2
       1
       0
       1
       1
       2
       1
       1
       2
       1
       1
       3
       6
       2
       1
       1
       0
       1
       3
       0
       1
       0
       2
       2
       0
       1
       2
       3
       4
       1
       1
       1
       2
       0
       2
       0
       1
       1
       3
       0
       2
       1
       0
       0
       3
       1
       1
       2
       1
       1
       2
       2
       1
       3
       1
       0
       2
       3
       4
       1
       5
       2
       4
       2
       1
       1
       1
       2
       3
       3
       1
       3
       1
       1
       4
       2
       0
       0
       1
       0
       1
       3
       2
       5
       2
       1
       2
       0
       2
       3
       0
       2
       1
       1
       0
       2
       1
       1
       1
       5
       1
       2
       0
       1
       5
       1
       3
       3
       1
       1
       2
       2
       2
       0
       1
       3
       0
       2
       6
       2
       1
       3
       4
       3
       2
       2
       0
       3
       0
       3
       1
       3
       3
       0
       2
       2
       1
       2
       3
       1
       1
       3
       3
       2
       0
       1
       1
       0
       0
       2
       1
       2
       0
       1
       5
       2
       3
       1
       3
       1
       5
       1
       6
       5
       2
       7
       5
       4
       5
       7
       4
       4
       7
       3
       4
       1
       1
       1
       1
       1
       1
       0
       0
       3
       1
       2
       3
       2
       1
       2
       1
       1
       1
       1
       1
       1
       2
       0
       0
       0
       2
       1
       0
       1
       2
       3
       2
       1
       1
       0
       0
       0
       0
       1
       4
       0
       1
       2
       0
       2
       1
       2
       0
       0
       0
       1
       1
       2
       0
       3
       1
       1
       1
       3
       2
       1
       4
       1
       1
       0
       2
       2
       1
       0
       2
       0
       5
       0
       0
       2
       2
       0
       2
       2
       2
       1
       0
       1
       3
       2
       2
       1
       2
       3
       2
       0
       2
       2
       0
       3
       0
       0
       1
       3
       0
       2
       0
       0
       1
       1
       1
       0
       0
       1
       1
       1
       3
       2
       3
       1
       0
       3
       1
       1
       1
       0
       2
       0
       3
       0
       0
       0
       1
       1
       2
       1
       2
       1
       0
       0
       3
       1
       1
       4
       0
       0
       2
       2
       2
       1
       2
       3
       0
       1
       2
       2
       1
       2
       1
       1
       5
       0
       0
       2
       1
       2
       2
       2
       2
       0
       1
       1
       1
       0
       0
       0
       2
       2
       0
       0
       0
       1
       1
       0
       2
       1
       0
       2
       2
       0
       3
       1
       2
       1
       2
       1
       2
       1
       2
       1
       2
       2
       0
       1
       0
       1
       2
       3
       3
       0
       0
       3
       2
       1
       0
       0
       1
       0
       1
       1
       0
       2
       2
       2
       1
       3
       0
       2
       2
       3
       2
       0
       2
       0
       2
       0
       0
       2
       1
       0
       1
       1
       0
       0
       1
       2
       0
       2
       4
       0
       2
       3
       0
       0
       0
       2
       2
       0
       2
       3
       0
       2
       0
       1
       0
       0
       1
       0
       0
       0
       1
       0
       0
       1
       1
       3
       1
       0
       1
       0
       1
       2
       1
       0
       2
       0
       1
       3
       3
       1
       3
       0
       0
       3
       1
       3
       1
       2
       1
       2
       0
       2
       1
       1
       0
       1
       0
       0
       2
       0
       0
       2
       0
       1
       0
       0
       0
       1
       1
       1
       0
       0
       0
       0
       1
       1
       1
       0
       1
       0
       0
       3
       1
       3
       0
       0
       0
       1
       0
       1
       3
       0
       2
       1
       0
       0
       0
       3
       0
       0
       1
       1
       0
       1
       0
       1
       0
       1
       2
       1
       0
       0
       0
       2
       2
       1
       2
       1
       1
       2
       2
       0
       0
       0
       2
       0
       0
       0
       3
       1
       2
       1
       2
       2
       2
       1
       1
       0
       0
       0
       1
       0
       0
       0
       1
       2
       0
       0
       2
       2
       1
       1
       3
       1
       1
       0
       2
       2
       1
       0
       2
       0
       0
       0
       1
       0
       0
       3
       0
       0
       1
       0
       1
       0
       1
       0
       0
       1
       0
       2
       0
       1
       0
       2
       0
       0
       1
       1
       1
       1
       0
       1
       2
       2
       0
       1
       0
       1
       1
       0
       0
       0
       4
       2
       0
       0
       1
       0
       0
       0
       1
       1
       1
       0
       2
       1
       0
       1
       0
       0
       1
       2
       1
       1
       1
       0
       1
       0
       0
       2
       0
       1
       1
       0
       1
       0
       0
       2
       2
       0
       1
       1
       0
       2
       1
       0
       0
       1
       1
       0
       1
       1
       0
       0
       0
       1
       0
       1
       2
       1
       0
       1
       0
       1
       2
       2
       0
       0
       0
       0
       2
       1
       0
       0
       1
       0
       1
       1
       2
       0
       2
       1
       1
       1
       1
       1
       0
       0
       2
       1
       0
       1
       1
       0
       0
       1
       1
       2
       2
       0
       1
       0
       1
       0
       1
       0
       1
       0
       1
       1
       0
       1
       0
       1
       3
       1
       2
       0
       0
       2
       1
       0
       0
       1
       0
       0
       2
       0
       0
       0
       0
       2
       0
       0
       0
       1
       2
       0
       1
       0
       1
       1
       0
       0
       1
       1
       0
       1
       1
       0
       2
       1
       1
       0
       0
       0
       0
       1
       1
       0
       1
       0
       0
       1
       1
       0
       1
       0
       2
       0
       0
       2
       2
       0
       0
       1
       1
       0
       1
       1
       0
       0
       1
       0
       1
       1
       1
       0
       1
       1
       0
       1
       0
       0
       1
       0
       1
       0
       0
       0
       2
       0
       0
       1
       0
       1
       0
       0
       2
       0
       0
       1
       0
       0
       1
       0
       1
       1
       0
       0
       0
       1
       0
       2
       0
       1
       1
       1
       1
       2
       0
       2
       0
       1
       0
       0
       1
       3
       0
       0
       0
       0
       0
       1
       0
       1
       1
       1
       0
       1
       0
       0
       1
       0
       1
       3
       1
       0
       0
       1
       1
       0
       1
       2
       0
       0
       0
       1
       0
       0
       0
       1
       0
       0
       1
       0
       1
       0
       0
       1
       0
       1
       0
       0
       1
       2
       1
       1
       0
       0
       0
       2
       0
       1
       0
       2
       1
       1
       0
       0
       1
       2
       1
       0
       1
       0
       0
       0
       0
       2
       1
       0
       0
       0
       2
       0
       0
       0
       1
       0
       3
       0
       1
       0
       0
       1
       1
       1
       1
       1
       0
       1
       1
       0
       0
       0
       2
       1
       1
       0
       1
       1
       2
       1
       0
       1
       0
       0
       0
       0
       1
       0
       0
       0
       0
       2
       1
       0
       0
       0
       1
       0
       0
       0
       0
       1
       0
       0
       2
       0
       1
       1
       0
       1
       0
       0
       2
       0
       1
       0
       1
       1
       0
       1
       1
       1
       1
       1
       1
       0
       0
       0
       0
       0
       1
       1
       1
       0
       0
       0
       1
       0
       0
       2
       0
       1
       2
       0
       1
       1
       0
       0
       0
       0
       1
       2
       0
       0
       0
       0
       0
       1
       1
       0
       1
       1
       1
       1
       0
       0
       0
       1
       1
       0
       0
       0
       1
       0
       0
       0
       0
       0
       1
       0
       0
       0
       0
       1
       0
       0
       2
       1
       0
       2
       1
       0
       1
       0
       2
       0
       0
       0
       1
       1
       0
       0
       0
       0
       0
       1
       0
       1
       1
       0
       2
       0
       2
       2
       0
       1
       0
       1
       0
       1
       1
       0
       0
       0
       1
       0
       0
       0
       0
       1
       0
       2
       2
       1
       0
       1
       1
       1
       1
       0
       1
       1
       1
       1
       1
       0
       0
       2
       0
       3
       0
       0
       0
       1
       0
       0
       0
       2
       1
       0
       1
       1
       0
       1
       0
       2
       1
       2
       1
       0
       0
       0
       0
       0
       0
       0
       0
       0
       0
       0
       0
       0
       0
       1
       0
       2
       0
       1
       0
       2
       0
       0
       2
       0
       0
       0
       1
       1
       0
       1
       2
       0
       1
       1
       0
       0
       1
       0
       0
       1
       0
       2
       1
       0
       0
       1
       0
       3
       0
       0
       1
       0
       0
       1
       0
       0
       1
       1
       1
       0
       0
       1
       1
       2
       1
       1
       1
       0
       0
       3
       2
       0
       0
       0
       0
       0
       0
       2
       0
       1
       0
       1
       0
       1
       0
       1
       2
       0
       2
       3
       0
       1
       1
       0
       0
       1
       0
       0
       0
       1
       0
       0
       0
       1
       0
       1
       0
       1
       0
       0
       0
       0
       0
       0
       0
       0
       1
       1
       0
       0
       1
       1
       2
       0
       1
       3
       0
       0
       0
       0
       0
       1
       0
       1
       0
       3
       0
       1
       0
       0
       0
       0
       0
       0
       0
       3
       1
       1
       1
       0
       1
       0
       0
       0
       1
       1
       0
       0
       0
       0
       1
       0
       0
       0
       1
       0
       0
       0
       0
       0
       0
       0
       1
       0
       1
       1
       0
       1
       1
       0
       0
       1
       1
       0
       1
       1
       0
       2
       0
       0
       1
       0
       1
       0
       1
       1
       0
       0
       0
       1
       0
       0
       0
       0
       0
       0
       0
       1
       1
       2
       0
       0
       0
       1
       1
       1
       0
       1
       0
       1
       0
       0
       0
       0
       1
       0
       0
       0
       0
       0
       2
       0
       0
       0
       0
       0
       0
       1
       0
       2
       0
       0
       0
       0
       0
       1
       1
       0
       0
       0
       0
       0
       0
       1
       1
       0
       0
       0
       0
       0
       1
       1
       1
       2
       0
       0
       0
       0
       0
       0
       0
       0
       1
       1
       0
       0
       0
       0
       0
       0
       1
       0
       0
       1
       1
       0
       1
       0
       0
       0
       0
       0
       1
       1
       0
       0
       1
       0
       0
       0
       0
       0
       0
       1
       0
       0
       0
       1
       1
       1
       2
       1
       0
       1
       1
       0
       1
       0
       0
       2
       1
       0
       0
       0
       0
       0
       0
       0
       0
       0
       1
       0
       1
       0
       0
       0
       0
       0
       1
       0
       0
       1
       0
       0
       0
       0
       1
       0
       0
       0
       0
       0
       1
       0
       0
       0
       2
       1
       0
       0
       0
       0
       0
       1
       1
       0
       0
       0
       2
       0
       1
       0
       0
       0
       0
       1
       0
       0
       0
       0
       1
       0
       0
       1
       1
       0
       0
       3
       0
       0
       0
       0
       0
       0
       2
       1
       1
       0
       0
       1
       1
       1
       2
       0
       1
       0
       0
       2
       0
       0
       0
       2
       0
       0
       0
       0
       0
       1
       0
       1
       1
       0
       0
       0
       0
       0
       1
       0
       1
       1
       0
       0
       2
       0
       0
       0
       0
       1
       0
       2
       0
       0
       0
       1
       0
       0
       1
       0
       0
       0
       0
       0
       2
       1
       0
       0
       0
       0
       0
       0
       1
       1
       0
       0
       0
       0
       0
       0
       0
       1
       0
       0
       1
       1
       1
       0
       0
       1
       1
       0
       0
       0
       1
       0
       2
       0
       1
       0
       0
       0
       0
       1
       1
       0
       0
       0
       0
       0
       1
       0
       0
       2
       0
       2
       0
       0
       0
       1
       1
       1
       0
       0
       1
       1
       1
       0
       1
       0
       1
       1
       0
       0
       0
       0
       0
       0
       0
       0
       1
       2
       2
       0
       0
       2
       0
       1
       0
       1
       1
       2
       0
       1
       0
       1
       0
       0
       0
       0
       0
       1
       0
       0
       1
       1
       1
       1
       0
       1
       0
       0
       0
       0
       1
       2
       0
       0
       0
       0
       0
       0
       0
       0
       0
       0
       0
       0
       1
       0
       1
       2
       0
       0
       0
       0
       0
       0
       2
       0
       0
       0
       1
       0
       0
       1
       0
       1
       0
       0
       0
       0
       0
       1
       1
       0
       0
       0
       0
       0
       0
       0
       0
       0
       0
       2
       1
       0
       0
       1
       0
       0
       2
       0
       0
       0
       0
       1
       0
       0
       0
       0
       0
       0
       1
       0
       0
       0
       1
       0
       0
       1
       0
       0
       0
       0
       0
       0
       0
       1
       1
       2
       0
       0
       0
       0
       0
       0
       0
       0
       0
       2
       0
       2
       0
       0
       0
       0
       0
       0
       0
       0
       0
       0
       0
       1
       0
       1
       2
       0
       0
       0
       0
       0
       0
       0
       0
       0
       1
       1
       0
       1
       0
       0
       1
       0
       2
       0
       1
       0
       0
       0
       1
       1
       0
       1
       0
       2
       1
       0
       0
       0
       0
       0
       1
       0
       0
       0
       0
       0
       0
       0
       0
       0
       1
       0
       0
       0
       0
       0
       0
       0
       0
       1
       1
       0
       0
       0
       0
       1
       0
       0
       0
       0
       1
       0
       1
       0
       0
       0
       0
       0
       0
       0
       0
       0
       0
       0
       0
       1
       0
       0
       0
       0
       0
       0
       1
       1
       0
       0
       1
       2
       0
       0
       0
       0
       0
       1
       1
       0
       0
       0
       0
       0
       0
       1
       1
       0
       0
       1
       0
       0
       0
       0
       0
       0
       1
       0
       0
       1
       1
       2
       0
       0
       1
       1
       0
       1
       2
       0
       0
       1
       0
       0
       1
       0
       0
       0
       0
       0
       1
       0
       0
       0
       0
       0
       0
       0
       0
       0
       0
       0
       1
       0
       0
       0
       0
       0
       1
       1
       0
       0
       0
       1
       0
       0
       0
       0
       0
       0
       0
       0
       0
       0
       0
       0
       0
       0
       0
       0
       0
       0
       1
       2
       0
       0
       0
       0
       0
       0
       0
       0
       0
       0
       2
       0
       1
       2
       0
       0
       0
       1
       0
       0
       0
       1
       1
       0
       0
       0
       2
       0
       1
       0
       0
       0
       0
       0
       0
       0
       1
       0
       0
       1
       1
       0
       0
       1
       1
       0
       1
       0
       0
       0
       1
       0
       0
       1
       0
       0
       1
       0
       0
       0
       0
       0
       1
       0
       1
       0
       0
       0
       0
       1
       0
       0
       0
       0
       0
       0
       0
       0
       1
       0
       1
       0
       0
       2
       0
       0
       0
       0
       0
       0
       0
       1
       0
       0
       0
       0
       0
       0
       1
       0
       0
       1
       0
       0
       0
       1
       0
       0
       0
       0
       1
       0
       0
       1
       1
       0
       0
       1
       1
       0
       0
       0
       0
       1
       0
       0
       0
       0
       0
       1
       0
       1
       0
       1
       0
       0
       1
       1
       0
       0
       2
       0
       0
       0
       0
       1
       0
       1
       0
       0
       1
       0
       1
       0
       0
       1
       0
       0
       1
       1
       0
       0
       0
       0
       0
       1
       0
       0
       2
       0
       0
       1
       2
       0
       1
       1
       0
       0
       0
       0
       0
       0
       0
       2
       0
       0
       0
       0
       0
       0
       1
       2
       0
       1
       1
       1
       1
       0
       0
       0
       1
       0
       0
       0
       0
       0
       0
       0
       0
       0
       0
       0
       0
       0
       0
       0
       0
       0
       0
       0
       1
       0
       0
       1
       0
       0
       1
       0
       0
       0
       1
       0
       0
       1
       0
       0
       0
       0
       0
       1
       1
       0
       0
       1
       1
       0
       0
       1
       0
       0
       0
       0
       0
       2
       1
       0
       0
       0
       1
       0
       1
       1
       0
       0
       0
       0
       0
       0
       0
       0
       0
       0
       0
       0
       0
       0
       0
       0
       0
       1
       2
       0
       0
       1
       0
       2
       0
       1
       0
       0
       0
       0
       0
       0
       0
       0
       0
       0
       0
       0
       0
       1
       0
       0
       0
       0
       1
       1
       0
       0
       1
       1
       0
       0
       0
       0
       0
       0
       0
       0
       0
       0
       0
       0
       0
       0
       1
       1
       0
       0
       0
       0
       1
       0
       0
       0
       1
       0
       0
       0
       0
       0
       0
       0
       1
       1
       1
       1
       0
       0
       1
       0
       0
       0
       1
       1
       2
       1
       1
       1
       1
       0
       0
       1
       2
       0
       0
       0
       1
       0
       1
       1
       0
       0
       0
       0
       0
       0
       0
       0
       0
       2
       0
       0
       1
       1
       1
       0
       1
       1
       0
       0
       0
       0
       0
       1
       0
       0
       2
       0
       0
       0
       0
       1
       0
       0
       0
       0
       0
       0
       0
       0
       0
       0
       0
       0
       0
       0
       0
       0
       0
       0
       0
       2
       0
       1
       0
       0
       0
       0
       1
       0
       0
       0
       0
       0
       0
       1
       0
       0
       1
       0
       0
       0
       1
       0
       0
       0
       0
       0
       0
       1
       0
       0
       0
       0
       0
       0
       0
       1
       0
       1
       1
       0
       1
       0
       1
       0
       0
       1
       0
       0
       0
       1
       0
       0
       1
       0
       0
       0
       0
       0
       0
       0
       0
       1
       1
       0
       0
       0
       0
       0
       0
       2
       0
       0
       0
       1
       0
       0
       0
       1
       0
       0
       2
       0
       1
       0
       0
       1
       0
       0
       1
       0
       0
       0
       0
       1
       0
       1
       1
       1
       0
       1
       0
       0
       0
       0
       0
       0
       0
       0
       0
       0
       0
       0
       0
       0
       2
       0
       0
       0
       1
       0
       0
       0
       0
       0
       0
       0
       1
       0
       0
       0
       0
       0
       0
       0
       0
       0
       0
       0
       0
       0
       0
       0
       1
       0
       0
       0
       0
       1
       0
       0
       0
       1
       0
       0
       1
       0
       2
       0
       0
       0
       0
       1
       0
       0
       0
       0
       0
       1
       0
       1
       0
       0
       0
       1
       0
       0
       1
       1
       0
       0
       0
       0
       0
       0
       0
       0
       0
       0
       0
       0
       1
       0
       0
       0
       0
       1
       0
       0
       0
       0
       1
       0
       0
       0
       0
       0
       0
       0
       0
       0
       0
       0
       0
       0
       1
       0
       1
       0
       0
       1
       0
       0
       0
       0
       0
       0
       0
       0
       0
       0
       0
       0
       0
       0
       0
       1
       0
       0
       0
       0
       0
       1
       0
       0
       0
       0
       0
       0
       0
       0
       0
       1
       1
       0
       0
       0
       0
       0
       0
       0
       0
       0
       0
       1
       0
       0
       0
       0
       0
       1
       0
       0
       1
       0
       0
       0
       0
       0
       0
       1
       0
       0
       0
       1
       0
       0
       0
       1
       0
       0
       0
       0
       0
       0
       0
       0
       0
       0
       1
       0
       0
       0
       0
       2
       0
       0
       1
       0
       1
       0
       1
       1
       0
       0
       0
       0
       1
       0
       0
       1
       0
       0
       0
       1
       0
       0
       0
       1
       1
       0
       0
       1
       1
       0
       0
       0
       0
       0
       0
       0
       0
       0
       0
       2
       0
       0
       1
       0
       0
       0
       0
       0
       0
       1
       1
       0
       0
       0
       0
       0
       0
       1
       0
       0
       0
       0
       0
       0
       0
       0
       0
       0
       1
       0
       0
       0
       0
       0
       0
       0
       0
       1
       0
       0
       1
       0
       0
       0
       0
       2
       0
       0
       0
       0
       1
       1
       0
       0
       0
       1
       0
       0
       0
       0
       0
       0
       0
       0
       0
       0
       1
       1
       1
       0
       0
       0
       0
       1
       0
       0
       0
       0
       0
       0
       0
       1
       1
       0
       0
       0
       1
       0
       1
       0
       0
       0
       0
       0
       1
       0
       1
       0
       1
       0
       0
       1
       0
       0
       0
       0
       0
       0
       0
       1
       1
       0
       0
       0
       0
       0
       0
       1
       1
       0
       1
       0
       0
       0
       0
       0
       0
       0
       0
       0
       0
       2
       0
       0
       0
       0
       0
       0
       0
       1
       0
       0
       0
       0
       1
       0
       1
       0
       0
       0
       0
       0
       0
       1
       0
       0
       1
       2
       0
       1
       0
       0
       1
       0
       0
       0
       0
       0
       1
       0
       1
       1
       0
       0
       0
       0
       0
       0
       0
       0
       0
       0
       2
       0
       0
       0
       0
       1
       0
       0
       0
       0
       0
       1
       0
       0
       0
       0
       0
       0
       0
       1
       1
       0
       0
       1
       0
       0
       0
       0
       0
       0
       1
       0
       0
       0
       0
       0
       0
       1
       0
       0
       0
       0
       0
       1
       0
       0
       0
       0
       0
       0
       0
       0
       0
       0
       0
       0
       0
       0
       1
       0
       0
       0
       0
       1
       0
       0
       0
       0
       0
       0
       0
       1
       0
       1
       0
       0
       0
       0
       0
       0
       0
       0
       0
       0
       2
       0
       0
       0
       0
       0
       0
       0
       0
       0
       0
       1
       0
       0
       0
       0
       0
       0
       0
       0
       0
       0
       0
       0
       1
       1
       0
       0
       0
       1
       0
       0
       0
       1
       0
       0
       0
       0
       0
       1
       0
       0
       0
       0
       0
       0
       0
       0
       0
       0
       0
       1
       0
       1
       0
       0
       0
       0
       0
       0
       0
       1
       0
       0
       0
       0
       0
       0
       0
       0
       1
       0
       0
       0
       0
       0
       0
       1
       0
       0
       1
       0
       0
       0
       0
       0
       1
       0
       0
       0
       0
       0
       1
       0
       1
       0
       0
       0
       0
       1
       0
       0
       0
       2
       0
       0
       0
       1
       1
       1
       1
       0
       0
       0
       0
       0
       0
       0
       0
       0
       0
       0
       0
       0
       0
       1
       0
       0
       0
       0
       0
       0
       0
       0
       0
       0
       1
       0
       0
       0
       0
       0
       0
       1
       0
       0
       0
       0
       0
       0
       1
       0
       0
       0
       0
       0
       0
       1
       1
       1
       0
       0
       0
       0
       0
       0
       0
       0
       0
       0
       0
       0
       0
       0
       0
       0
       0
       0
       0
       1
       0
       0
       0
       0
       0
       0
       0
       0
       0
       0
       0
       0
       1
       0
       0
       1
       1
       1
       0
       0
       0
       0
       0
       0
       0
       0
       0
       0
       0
       0
       1
       0
       0
       1
       0
       1
       0
       0
       0
       0
       0
       0
       0
       0
       0
       1
       0
       0
       0
       0
       0
       1
       0
       0
       0
       0
       0
       0
       0
       0
       0
       0
       0
       2
       0
       0
       0
       0
       0
       0
       0
       0
       0
       0
       0
       0
       0
       0
       0
       0
       0
       0
       0
       0
       2
       0
       0
       1
       1
       0
       0
       0
       0
       0
       0
       0
       0
       1
       0
       0
       0
       0
       0
       0
       0
       0
       0
       0
       0
       0
       0
       0
       0
       1
       1
       0
       0
       0
       0
       0
       0
       0
       0
       0
       0
       0
       0
       0
       0
       0
       0
       0
       0
       1
       1
       0
       0
       0
       0
       0
       0
       0
       0
       0
       0
       1
       0
       0
       1
       0
       0
       1
       0
       0
       0
       0
       0
       0
       1
       0
       0
       0
       0
       1
       0
       0
       1
       0
       0
       0
       0
       0
       0
       0
       0
       0
       0
       1
       0
       0
       1
       0
       0
       0
       0
       0
       0
       1
       0
       0
       0
       0
       0
       0
       0
       0
       0
       0
       0
       0
       1
       0
       0
       0
       0
       0
       0
       0
       0
       0
       0
       0
       0
       1
       0
       0
       0
       1
       0
       0
       0
       1
       0
       0
       0
       0
       0
       0
       0
       0
       0
       0
       0
       0
       0
       0
       0
       0
       1
       0
       0
       0
       0
       0
       0
       0
       0
       0
       0
       0
       0
       0
       0
       0
       0
       0
       0
       0
       0
       0
       0
       0
       0
       0
       0
       1
       0
       0
       0
       2
       0
       0
       0
       0
       0
       0
       0
       0
       0
       0
       0
       0
       0
       0
       0
       0
       0
       0
       0
       0
       0
       1
       0
       0
       0
       2
       1
       0
       0
       0
       0
       0
       0
       0
       0
       1
       0
       0
       0
       0
       1
       0
       0
       0
       0
       0
       0
       0
       0
       0
       0
       0
       0
       0
       0
       0
       0
       0
       0
       0
       1
       0
       2
       0
       0
       0
       0
       0
       0
       0
       0
       0
       0
       0
       1
       0
       1
       1
       0
       0
       0
       0
       0
       0
       1
       0
       0
       1
       0
       0
       0
       0
       0
       0
       0
       0
       0
       0
       0
       0
       1
       0
       0
       1
       0
       0
       0
       0
       0
       0
       0
       0
       0
       0
       0
       0
       0
       0
       0
       0
       0
       1
       0
       0
       0
       0
       0
       0
       0
       0
       0
       0
       0
       0
       0
       0
       0
       0
       0
       0
       0
       0
       0
       0
       0
       0
       0
       0
       0
       0
       0
       0
       0
       0
       0
       0
       0
       0
       0
       0
       0
       0
       0
       0
       0
       0
       0
       0
       0
       0
       0
       0
       0
       0
       0
       0
       0
       0
       0
       0
       0
       0
       0
       0
       0
       0
       0
       0
       0
       0
       0
       0
       0
       0
       0
       0
       0
       0
       0
       0
       0
       0
       0
       0
       0
       0
       0
       0
       0
       0
       0
       0
       0
       0
       0
       0
       0
       0
       0
       0
       0
       0
       0
       0
       0
       0
       0
       0
       0
       0
       0
       0
       0
       0
       0
       0
       0
       0
       0
       0
       0
       0
       0
       0
       0
       0
       0
       0
       0
       0
       0
       0
$ROI:
1
2831 2841
$PRESETS:
Live Time
36000
0
$ENER_FIT:
0.000000 0.383922
$MCA_CAL:
3
0.000000E+000 3.839219E-001 0.000000E+000 keV
$SHAPE_CAL:
3
0.000000E+000 0.000000E+000 0.000000E+000
