$SPEC_ID:
Cs137
$SPEC_REM:
DET# 2
DETDESC# DETECTOR 2
AP# Maestro Version 7.01
$DATE_MEA:
02/15/2017 17:23:49
$MEAS_TIM:
6337 6370
$DATA:
0 8191
       0
       0
       0
       0
       0
       0
       0
       0
       0
       0
       0
       0
       0
       0
       0
       0
       0
       0
       0
       0
       0
       0
       0
       0
       0
       0
       0
       0
       0
       0
       0
       0
       0
       0
       0
       0
       0
       0
       0
       0
       0
       0
       0
       0
       0
       0
       0
       0
       0
       0
       0
       0
       0
       0
       0
       0
       0
       0
       0
       0
       0
       0
       0
       0
       0
       0
       0
       0
       0
       0
       0
       0
       0
       0
       0
       0
       0
       0
       0
       0
       0
       0
       0
       0
       0
       0
       0
       0
       0
       0
       0
       0
       0
       0
       0
      10
     555
    9818
   17045
   17834
   20987
   36780
   73361
  110507
  115685
   66837
   19041
    5435
    4289
    4754
    5271
    5604
    5472
    4957
    4553
    5377
   10768
   24356
   30138
   17875
    9544
    8847
    5668
    2175
    1205
    1210
    1331
    1338
    1112
    1119
    1119
    1024
     995
     997
    1062
    1028
    1032
    1073
    1056
    1087
    1089
    1144
    1119
    1124
    1109
    1119
    1158
    1256
    1268
    1261
    1236
    1344
    1375
    1401
    1425
    1440
    1438
    1448
    1508
    1493
    1560
    1524
    1625
    1633
    1675
    1673
    1736
    1661
    1752
    1736
    1761
    1704
    1732
    1818
    1747
    1766
    1802
    1905
    1836
    1770
    1859
    1846
    1873
    1860
    2000
    1957
    2032
    2621
    5029
    8019
    7325
    4010
    2566
    4116
    9302
   13044
    9055
    3631
    1860
    1672
    1653
    1615
    1630
    1540
    1594
    1577
    1688
    1691
    1668
    1667
    1666
    1676
    1675
    1689
    1880
    2046
    2007
    2193
    2599
    4092
    5544
    5749
    4233
    2660
    2171
    2194
    2695
    2932
    2972
    2344
    1944
    1864
    1844
    1789
    1720
    1849
    1780
    1822
    1739
    1795
    1827
    1886
    1820
    1845
    1794
    1850
    1779
    1741
    1769
    1777
    1841
    1912
    1986
    1880
    1959
    2088
    2148
    2167
    2238
    2198
    2281
    2228
    2350
    2265
    2315
    2243
    2260
    2281
    2234
    2236
    2175
    2147
    2205
    2237
    2222
    2138
    2199
    2187
    2148
    2138
    2153
    2120
    2076
    2161
    2144
    2139
    2070
    2154
    2206
    2212
    2331
    2219
    2335
    2295
    2240
    2311
    2375
    2343
    2475
    2388
    2410
    2510
    2481
    2504
    2472
    2356
    2300
    2234
    2107
    1996
    1869
    1678
    1558
    1568
    3037
   12980
   39713
   61010
   44932
   15648
    3825
    1693
    1260
    1120
     987
     986
     984
    1071
    1065
    1009
    1071
     979
     971
    1055
    1003
    1075
     967
    1026
    1048
    1011
    1018
     993
    1003
    1033
     978
     979
    1011
     980
     999
     950
     959
     988
     984
     982
     949
     944
     995
     964
     975
     957
    1001
     987
     940
     940
     940
     946
     982
    1009
     968
     963
     918
     926
     955
     935
    1005
     976
    1023
     978
     928
     991
     996
    1002
    1032
    1091
    1029
    1017
    1081
     983
    1101
    1037
    1032
    1051
    1100
    1057
    1011
    1059
    1031
    1050
    1063
    1075
     998
     994
    1041
    1084
    1000
    1041
    1036
     991
     990
     992
    1038
     988
     960
    1019
    1026
     988
    1047
    1047
    1055
    1050
    1004
    1074
    1061
    1032
    1026
    1008
    1029
    1012
    1013
     989
    1011
    1038
    1001
     971
    1000
    1008
     995
     983
    1031
     996
    1022
    1026
     965
     999
     967
     932
     997
     976
    1036
     980
     966
    1008
     976
    1028
     912
     977
    1010
    1002
     994
     960
     979
    1000
     995
    1015
     966
     960
     987
     966
     950
    1011
    1049
     984
     941
    1012
     949
    1012
     916
     975
     979
     968
     917
     949
     998
     999
    1048
     952
     946
     954
     932
     942
     940
     978
     959
     955
     968
     926
     947
     920
     945
     990
     964
     938
     944
     965
     955
     964
     932
     947
     926
     987
     950
     947
     954
     947
     914
     859
     916
     916
     930
     889
     887
     834
     875
     875
     886
     881
     881
     869
     901
     899
     873
     940
     879
     862
     862
     832
     912
     851
     868
     895
     949
     862
     895
     905
     886
     865
     914
     916
     839
     865
     937
     884
     904
     934
     901
     862
     850
     885
     865
     860
     921
     865
     836
     828
     895
     888
     843
     876
     869
     876
     934
     810
     891
     901
     856
     847
     882
     827
     909
     846
     858
     843
     860
     787
     847
     863
     827
     837
     809
     832
     830
     816
     789
     810
     838
     810
     806
     765
     825
     786
     834
     746
     774
     806
     807
     752
     790
     722
     745
     738
     769
     722
     724
     702
     704
     739
     702
     730
     707
     681
     723
     718
     766
     748
     748
     663
     699
     717
     674
     696
     651
     682
     664
     711
    1015
    2381
    5817
    9829
    9732
    5583
    2106
     809
     615
     597
     621
     682
     647
     608
     626
     618
     637
     583
     571
     637
     638
     705
     698
     632
     644
     570
     595
     614
     567
     564
     587
     585
     557
     599
     583
     559
     555
     593
     571
     614
     624
     564
     539
     565
     561
     609
     582
     579
     512
     577
     542
     591
     545
     602
     566
     545
     554
     559
     576
     546
     520
     561
     521
     504
     534
     581
     537
     528
     573
     588
     571
     587
     686
     597
     577
     552
     505
     549
     517
     508
     580
     526
     531
     562
     553
     550
     535
     553
     534
     532
     521
     552
     528
     544
     558
     540
     555
     512
     518
     557
     519
     506
     502
     534
     530
     553
     530
     527
     496
     525
     568
     533
     501
     515
     511
     526
     482
     533
     509
     535
     504
     512
     552
     497
     509
     536
     506
     487
     499
     552
     497
     505
     545
     552
     593
     748
     977
    1011
     885
     662
     561
     545
     487
     501
     484
     527
     537
     488
     566
     516
     549
     498
     540
     496
     510
     523
     544
     554
     508
     502
     471
     509
     482
     491
     534
     504
     516
     465
     520
     503
     529
     504
     506
     479
     505
     477
     506
     470
     507
     506
     468
     475
     481
     464
     472
     510
     509
     502
     475
     512
     454
     506
     447
     468
     429
     436
     443
     436
     423
     473
     445
     464
     474
     396
     448
     432
     414
     422
     447
     410
     409
     449
     503
     494
     428
     416
     367
     353
     389
     422
     446
     432
     440
     478
     505
     471
     466
     392
     413
     398
     376
     408
     397
     430
     421
     379
     365
     379
     388
     392
     381
     364
     384
     365
     386
     375
     404
     376
     391
     378
     380
     423
     430
     402
     370
     359
     360
     386
     513
    1144
    3740
   10215
   19929
   24758
   19127
    8733
    2649
     746
     410
     349
     384
     360
     344
     347
     341
     326
     334
     333
     350
     337
     369
     407
     489
     454
     393
     390
     357
     335
     325
     360
     326
     343
     364
     341
     336
     341
     333
     324
     357
     341
     338
     350
     337
     344
     336
     371
     323
     334
     307
     325
     358
     342
     380
     333
     360
     306
     375
     330
     306
     366
     333
     424
     599
     849
    1089
     969
     674
     440
     354
     311
     312
     298
     341
     307
     348
     319
     362
     333
     323
     328
     329
     326
     344
     304
     300
     345
     294
     326
     332
     374
     335
     288
     346
     333
     316
     302
     330
     285
     313
     318
     293
     317
     309
     317
     342
     316
     319
     318
     332
     342
     338
     324
     303
     319
     293
     317
     322
     308
     287
     331
     320
     309
     295
     310
     314
     312
     275
     304
     338
     286
     297
     306
     302
     299
     302
     326
     318
     304
     281
     301
     309
     261
     323
     278
     332
     297
     279
     310
     319
     305
     295
     289
     304
     300
     294
     283
     282
     317
     280
     330
     295
     286
     271
     292
     300
     309
     285
     277
     283
     269
     294
     295
     280
     361
     546
     956
    1610
    2001
    1677
     998
     526
     329
     290
     294
     304
     296
     311
     291
     348
     365
     353
     328
     293
     281
     267
     252
     272
     289
     279
     271
     251
     266
     264
     289
     252
     306
     291
     285
     252
     259
     256
     261
     258
     263
     237
     275
     295
     278
     266
     280
     254
     248
     287
     262
     269
     255
     260
     275
     285
     251
     248
     258
     270
     288
     274
     232
     276
     253
     255
     233
     258
     249
     261
     258
     257
     222
     245
     260
     242
     263
     272
     243
     288
     246
     251
     267
     248
     266
     302
     443
     783
    1480
    2249
    2268
    1690
     896
     427
     286
     268
     250
     240
     268
     246
     236
     236
     256
     240
     241
     226
     241
     250
     257
     244
     271
     251
     253
     235
     255
     249
     239
     231
     243
     272
     261
     255
     218
     278
     244
     238
     271
     232
     291
     248
     252
     238
     258
     231
     235
     234
     257
     237
     244
     241
     267
     266
     254
     244
     236
     275
     248
     260
     254
     237
     253
     225
     213
     228
     223
     228
     247
     234
     234
     255
     241
     251
     230
     257
     232
     249
     225
     269
     219
     235
     274
     242
     266
     241
     246
     232
     257
     216
     245
     222
     235
     216
     259
     213
     237
     250
     231
     242
     240
     249
     268
     242
     239
     233
     257
     236
     232
     263
     240
     238
     222
     234
     239
     265
     380
     503
     452
     427
     355
     270
     252
     226
     246
     239
     242
     241
     238
     256
     242
     244
     263
     231
     250
     255
     236
     221
     242
     245
     218
     239
     261
     247
     230
     247
     221
     256
     222
     245
     201
     208
     227
     213
     233
     300
     332
     314
     257
     247
     273
     230
     230
     223
     229
     231
     240
     236
     268
     273
     263
     272
     283
     307
     347
     334
     348
     375
     320
     277
     258
     243
     237
     235
     216
     221
     229
     232
     244
     217
     231
     245
     245
     222
     212
     216
     223
     209
     214
     276
     278
     269
     212
     238
     222
     232
     210
     214
     238
     229
     238
     243
     236
     217
     225
     227
     188
     249
     218
     242
     219
     242
     237
     239
     238
     225
     192
     230
     210
     212
     209
     229
     269
     243
     235
     244
     219
     270
     262
     234
     248
     221
     198
     205
     222
     225
     204
     227
     235
     224
     200
     226
     209
     217
     213
     229
     257
     229
     233
     213
     220
     249
     212
     220
     223
     222
     228
     210
     187
     210
     250
     258
     206
     225
     233
     240
     238
     217
     219
     234
     236
     228
     225
     224
     235
     227
     210
     222
     228
     239
     236
     230
     235
     241
     236
     222
     242
     263
     223
     240
     237
     240
     233
     239
     228
     241
     231
     236
     248
     253
     259
     283
     328
     457
     466
     498
     375
     299
     263
     261
     312
     303
     297
     275
     246
     265
     227
     228
     235
     226
     240
     212
     216
     239
     268
     236
     223
     225
     233
     233
     225
     223
     242
     239
     250
     229
     262
     241
     253
     227
     225
     222
     236
     226
     240
     233
     226
     205
     260
     253
     239
     247
     241
     267
     276
     294
     269
     228
     234
     285
     318
     377
     438
     427
     329
     265
     236
     214
     218
     188
     187
     204
     219
     205
     239
     204
     241
     221
     207
     193
     210
     200
     197
     199
     196
     195
     216
     190
     223
     185
     186
     219
     223
     211
     186
     216
     208
     181
     213
     212
     188
     198
     177
     192
     213
     200
     212
     191
     221
     179
     188
     210
     198
     201
     177
     202
     176
     230
     186
     193
     222
     253
     307
     241
     261
     238
     206
     193
     197
     212
     190
     208
     195
     205
     204
     202
     191
     201
     203
     201
     222
     188
     197
     190
     212
     188
     211
     205
     209
     190
     175
     177
     184
     208
     162
     187
     210
     189
     188
     204
     216
     200
     194
     195
     208
     178
     200
     177
     195
     167
     207
     172
     202
     188
     201
     190
     193
     222
     200
     199
     185
     163
     163
     204
     183
     192
     200
     189
     165
     185
     186
     197
     187
     188
     191
     174
     177
     208
     184
     189
     183
     165
     194
     188
     167
     186
     188
     182
     179
     191
     223
     203
     191
     204
     190
     206
     200
     158
     197
     190
     200
     191
     195
     186
     183
     189
     202
     165
     193
     187
     179
     201
     198
     202
     212
     181
     186
     193
     184
     176
     174
     184
     194
     223
     221
     251
     235
     232
     242
     165
     192
     177
     202
     208
     210
     163
     211
     185
     190
     198
     201
     190
     174
     177
     168
     202
     183
     178
     169
     177
     183
     201
     178
     165
     214
     184
     176
     192
     178
     169
     183
     215
     167
     225
     195
     198
     175
     168
     222
     207
     176
     210
     264
     239
     247
     182
     217
     208
     206
     207
     268
     280
     358
     372
     314
     261
     211
     180
     200
     194
     154
     176
     205
     174
     169
     154
     154
     181
     170
     171
     181
     177
     171
     177
     197
     227
     291
     375
     473
     542
     538
     367
     274
     223
     176
     177
     200
     184
     212
     195
     191
     165
     190
     158
     188
     171
     165
     187
     173
     166
     173
     158
     176
     181
     174
     181
     172
     161
     187
     171
     189
     166
     185
     194
     178
     176
     155
     168
     201
     166
     183
     208
     172
     162
     190
     195
     181
     173
     167
     148
     201
     170
     184
     171
     190
     185
     166
     192
     188
     176
     200
     197
     209
     209
     199
     169
     181
     148
     161
     196
     171
     174
     179
     181
     177
     222
     226
     238
     276
     314
     294
     231
     218
     181
     193
     158
     180
     196
     211
     253
     252
     202
     176
     179
     188
     169
     171
     176
     191
     172
     174
     169
     190
     168
     187
     174
     177
     172
     191
     187
     180
     172
     172
     168
     165
     169
     178
     177
     206
     186
     169
     176
     179
     192
     195
     179
     180
     161
     193
     194
     165
     197
     174
     168
     163
     171
     186
     160
     179
     196
     180
     172
     182
     193
     176
     178
     192
     197
     190
     193
     192
     176
     183
     192
     162
     209
     185
     189
     186
     175
     184
     157
     149
     166
     192
     143
     187
     209
     172
     197
     170
     163
     204
     197
     184
     193
     192
     201
     198
     200
     175
     177
     169
     172
     165
     158
     191
     157
     167
     183
     192
     169
     150
     178
     171
     194
     218
     276
     271
     239
     176
     163
     169
     169
     142
     184
     211
     199
     184
     193
     192
     163
     146
     158
     154
     160
     160
     185
     162
     172
     165
     158
     141
     162
     163
     157
     160
     221
     276
     461
     839
    1634
    2808
    3933
    4614
    4109
    2839
    1550
     695
     326
     150
     156
     183
     164
     145
     150
     158
     147
     136
     153
     169
     149
     163
     173
     166
     139
     142
     155
     148
     164
     135
     152
     147
     142
     170
     159
     160
     137
     147
     139
     128
     147
     177
     133
     164
     146
     137
     160
     134
     139
     171
     137
     140
     147
     133
     149
     143
     137
     155
     153
     151
     163
     159
     172
     141
     153
     134
     129
     166
     155
     135
     150
     148
     152
     136
     146
     183
     170
     141
     153
     149
     155
     154
     185
     190
     263
     250
     262
     209
     169
     156
     144
     161
     147
     153
     160
     142
     146
     146
     120
     168
     143
     158
     130
     148
     157
     125
     146
     128
     111
     134
     153
     153
     152
     156
     124
     115
     156
     142
     149
     149
     149
     167
     149
     124
     131
     141
     138
     125
     147
     139
     142
     158
     105
     114
     160
     135
     152
     129
     150
     151
     128
     147
     150
     142
     128
     150
     125
     137
     131
     146
     168
     151
     157
     150
     128
     121
     164
     132
     158
     159
     158
     177
     146
     163
     181
     171
     214
     195
     175
     151
     172
     155
     140
     138
     151
     133
     143
     151
     141
     142
     129
     166
     149
     162
     165
     144
     151
     147
     150
     152
     149
     140
     160
     146
     140
     143
     143
     140
     161
     149
     118
     128
     133
     141
     161
     161
     141
     135
     142
     138
     138
     128
     140
     151
     158
     144
     147
     171
     138
     146
     154
     166
     154
     147
     167
     150
     144
     191
     215
     325
     516
     765
    1183
    1423
    1300
    1129
     723
     407
     251
     193
     139
     118
     160
     132
     160
     149
     176
     167
     169
     164
     174
     166
     141
     113
     159
     152
     147
     146
     134
     142
     132
     155
     157
     133
     122
     121
     146
     120
     148
     129
     156
     135
     144
     129
     156
     136
     129
     147
     115
     131
     130
     132
     121
     139
     152
     132
     115
     137
     137
     123
     143
     151
     160
     119
     122
     150
     137
     120
     124
     107
     125
     127
     122
     136
     136
     134
     139
     127
     135
     156
     143
     151
     151
     145
     142
     160
     132
     113
     126
     140
     151
     142
     154
     157
     139
      93
     118
     120
     126
     112
     120
     101
     109
     125
     107
     120
     101
     121
      98
     115
     109
      90
      99
     102
      88
     111
     116
     111
     154
     140
     112
     119
     101
     106
     106
     103
     108
     105
      94
     101
     104
     112
      94
     100
     109
     116
     132
     203
     219
     226
     234
     158
     160
     110
     100
     109
     110
      92
     108
     108
      93
      84
     108
     122
     119
     160
     176
     151
     174
     124
     121
     115
     102
     107
      91
      96
     108
     125
     123
     121
      88
      95
      91
      96
      97
      84
     101
      93
     115
     108
      91
      88
      92
      75
      90
      98
      96
      83
      85
      82
     107
      94
      76
     110
      79
      96
      89
     100
      97
      88
      90
      95
     103
      86
      94
      94
      82
      96
      91
      91
      74
      78
      65
      86
      81
      89
      93
      79
      71
      82
      89
      78
      87
      94
      75
      74
      87
      87
      90
      83
      82
      68
      80
      78
      95
      89
      72
      91
      80
      79
     100
      86
      80
     100
      73
      75
      85
     106
     166
     263
     459
     800
    1486
    2386
    3136
    3857
    3613
    2806
    1747
     845
     376
     173
     112
      87
      75
      93
      79
      97
      98
      97
      82
      65
      64
      72
      86
      91
      75
      87
      70
      79
      68
      79
      75
      63
      73
      71
      67
      58
      63
      51
      60
      72
      76
      79
      70
      72
      66
      87
      70
      70
      75
      75
      67
      64
      73
      58
      56
      69
      54
      66
      80
      59
      86
      78
      73
      70
      78
      83
      71
      50
      79
      62
      78
      74
      75
      69
      63
      75
      71
      54
      60
      63
      74
      72
      91
      84
      54
      69
      78
      80
      84
      69
      70
      63
      71
      60
      73
      55
      67
      65
      65
      86
      81
      70
      86
      81
      74
      70
     102
     132
     187
     227
     242
     269
     196
     166
     113
      81
      62
      58
      48
      62
      63
      66
      66
      42
      61
      48
      55
      70
      54
      51
      67
      69
      45
      55
      69
      64
      47
      63
      72
      64
      57
      68
      61
      69
      56
      63
      66
      46
      68
      55
      56
      55
      53
      64
      71
      57
      76
      57
      50
      56
      69
      59
      62
      63
      52
      52
      54
      50
      61
      62
      41
      64
      56
      51
      61
      67
      71
      59
      63
      75
      62
      62
      51
      60
      50
      67
      70
      60
      53
      51
      62
      51
      55
      61
      52
      54
      56
      53
      64
      67
      52
      63
      58
      61
      93
      47
      52
      60
      59
      57
      64
      78
      65
      52
      64
      57
      52
      64
      70
      61
      68
      52
      55
      64
      57
      52
      56
      50
      53
      66
      66
      67
      50
      49
      50
      74
      76
      56
      60
      61
      56
      40
      65
      76
      75
      58
      73
      67
      54
      68
      52
      57
      54
      50
      70
      50
      59
      62
      68
      62
      54
      72
      61
      77
      48
      55
      59
      58
      69
      50
      56
      70
      59
      55
      53
      70
      51
      78
      53
      66
      64
      60
      67
      65
      48
      49
      53
      63
      64
      57
      69
      65
      59
      63
      68
      70
      76
      81
      63
      64
      57
      77
      82
      73
      61
      64
      57
      64
      63
      68
      67
      63
      77
     129
     225
     313
     497
     881
    1458
    1902
    2267
    2285
    1949
    1310
     737
     418
     257
     237
     277
     366
     431
     452
     437
     304
     182
     123
      80
      59
      64
      71
      58
      66
      61
      55
      57
      50
      63
      50
      59
      61
      51
      54
      53
      62
      73
      55
      67
      60
      58
      75
      64
      58
      69
      64
      56
      59
      52
      66
      64
      62
      59
      59
      66
      75
      50
      63
      61
      70
      82
     126
     141
     230
     239
     393
     607
     999
    1563
    2179
    2853
    3064
    2594
    1880
    1207
     624
     274
     150
      73
      54
      53
      59
      60
      66
      61
      59
      68
      61
      54
      77
      75
      76
      78
      80
      74
      67
      66
      79
      63
      59
      60
      61
      70
      69
      66
      58
      63
      72
      57
      68
      67
      52
      63
      50
      48
      70
      68
      80
      57
      63
      74
      65
      54
      68
      51
      64
      61
      60
      70
      64
      55
      61
      70
      62
      73
      70
      70
      52
      77
      62
      56
      72
      61
      73
      52
      75
      45
      50
      68
      64
      66
      63
      74
      66
      69
      54
      60
      63
      54
      58
      75
      62
      65
      65
      69
      68
      70
      62
      70
      65
      71
      87
      69
      60
      73
      61
      59
      66
      78
      61
      66
      69
      63
      76
      75
      84
      70
      60
      67
      69
      63
      53
      78
      77
      61
      72
      58
      67
      74
      56
      69
      69
      65
      55
      69
      66
      70
      60
      73
      77
      56
      67
      65
      81
      73
      70
      62
      64
      72
      68
      64
      55
      89
      71
      69
      68
      89
      75
      77
      77
      77
      68
      67
      79
      72
      74
      81
      67
      77
      69
      76
      85
      74
      67
      57
      61
      60
      78
      66
      54
      73
      75
      68
      78
      67
      71
      68
      70
      73
      55
      57
      71
      60
      65
      70
      69
      59
      51
      52
      60
      65
      80
      67
      62
      66
      72
      63
      50
      45
      48
      81
      54
      50
      62
      49
      53
      47
      34
      49
      53
      53
      34
      50
      35
      46
      49
      58
      47
      63
      43
      43
      38
      50
      50
      36
      41
      51
      60
      45
      43
      39
      51
      47
      42
      45
      40
      37
      49
      45
      47
      46
      39
      43
      48
      50
      57
      52
      61
      88
      94
     178
     186
     265
     308
     276
     271
     203
     120
      79
      70
      51
      48
      39
      48
      54
      47
      43
      40
      40
      47
      39
      46
      36
      34
      37
      37
      41
      39
      30
      40
      38
      43
      44
      36
      28
      46
      38
      42
      37
      36
      51
      34
      30
      41
      45
      36
      36
      31
      34
      36
      37
      35
      39
      45
      42
      48
      31
      41
      33
      39
      41
      30
      38
      39
      43
      32
      40
      37
      54
      40
      40
      44
      43
      47
      32
      27
      22
      31
      32
      22
      39
      34
      35
      34
      24
      29
      37
      38
      42
      35
      30
      38
      29
      34
      29
      41
      44
      49
      75
      68
      62
      69
      60
      43
      34
      33
      34
      31
      39
      36
      23
      33
      35
      25
      20
      32
      33
      36
      26
      29
      37
      27
      32
      32
      40
      28
      28
      36
      25
      39
      39
      35
      27
      25
      26
      29
      23
      29
      37
      28
      32
      40
      26
      23
      25
      36
      23
      19
      30
      26
      29
      21
      18
      31
      15
      21
      19
      27
      32
      23
      40
      47
      52
      49
      60
      43
      38
      29
      27
      21
      16
      33
      20
      19
      20
      24
      18
      22
      26
      19
      19
      22
      26
      20
      11
      15
      26
      17
      18
      20
      17
      24
      15
      23
      17
      28
      19
      33
      14
      19
      29
      21
       9
      20
      20
      14
      17
      28
      26
      30
      46
      35
      32
      31
      28
      36
      21
      19
      22
      31
      25
      40
      53
      67
     115
     180
     221
     285
     317
     272
     225
     137
      95
      47
      38
      11
      23
       8
      12
      13
       9
      19
      14
      14
      10
      16
      14
      12
      10
       7
      11
      12
       7
      16
      15
      11
       4
      11
       7
      19
      12
      19
       8
       7
      14
      12
       4
      10
      12
       7
      14
      10
       7
      13
       2
      12
      10
      11
      13
       6
       6
      11
      12
      10
      11
      11
       7
      10
      10
       9
      10
       8
      10
      14
      13
      10
      12
      12
       8
      15
       8
      15
      14
       6
      12
      11
       7
       8
       7
       8
       6
       7
       8
       8
       8
      10
       6
      11
       7
       8
      11
       9
       8
       3
       9
       8
       8
      12
       7
      10
       5
       9
       8
       7
      17
       9
       9
      10
      12
       8
       8
       6
       5
      11
       2
       3
       7
       5
       6
       6
      10
       6
       3
       5
       9
      12
      17
      17
       9
       6
       9
       3
       5
      14
      12
      13
      11
       5
      11
       5
      10
       7
      11
      12
      11
       9
       9
       6
       8
       5
       3
       7
      11
      10
       9
      13
       8
      10
       5
      11
       6
      12
       6
      14
      10
      10
      11
      17
       9
      10
      11
       9
       9
      12
       6
       7
       5
       8
      10
       6
      11
       5
       5
       7
       7
       8
       2
      11
      10
       7
       6
       4
      10
      10
       8
       8
       6
       4
       9
       5
      10
      15
      10
      10
      13
      10
       9
      13
       4
       5
       3
       6
       7
       3
       7
       7
       4
       6
      10
       7
       7
      13
       6
       5
       6
       4
       7
       5
      11
       4
       4
       6
       4
       6
       7
       7
      11
       9
      10
       7
       3
       4
       5
       6
       5
       3
       8
       8
      11
       7
       4
       4
      11
       7
       6
      11
       7
       6
       6
       7
      13
      11
       9
      16
       9
      13
      11
      10
      14
      25
      26
      47
      81
     123
     253
     392
     620
     955
    1486
    2090
    2780
    3170
    3273
    2854
    2127
    1461
     828
     393
     170
      67
      27
       8
       5
       6
       5
       5
       4
       4
       2
       6
       2
       3
       2
       5
       7
       3
       3
       4
       4
       2
       3
       3
       4
       2
       1
       4
       3
       4
       3
       3
       4
       3
       1
       3
       1
       2
       4
       3
       1
       1
       1
       3
       3
      10
       4
       3
       1
       1
       3
       4
       5
       4
       2
       0
       5
       3
       3
       3
       4
       1
       1
       2
       4
       5
       4
       2
       0
       2
       4
       5
       1
       2
       2
       0
       5
       3
       3
       1
       2
       4
       3
       3
       2
       4
       5
       3
       4
       8
       4
       5
       7
       5
       8
       7
       6
       7
      12
       7
       7
       6
      10
       5
       1
       5
       6
       1
       1
       7
       2
       7
       4
       6
       7
       5
       7
      16
      30
      26
      43
      72
      72
      84
      85
      76
      73
      69
      93
     106
     107
     121
     148
      99
      51
      42
      33
      15
       7
       2
       5
       4
       2
       1
       2
       2
       6
       3
       2
       3
       2
       2
       1
       3
       2
       1
       4
       3
       2
       1
       1
       2
       3
       2
       3
       1
       1
       3
       4
       4
       5
       6
       0
       2
       1
       5
       1
       1
       4
       0
       2
       1
       3
       3
       1
       2
       3
       1
       1
       5
       1
       2
       1
       2
       2
       1
       1
       1
       4
       1
       3
       3
       2
       2
       0
       1
       0
       4
       3
       1
       0
       1
       0
       1
       5
       4
       2
       2
       7
       3
       2
       3
       1
       1
       1
       2
       4
       2
       3
       1
       2
       9
       1
       2
       0
       2
       3
       7
       4
       3
       2
       2
       2
       2
       1
       2
       1
       2
       2
       0
       2
       0
       0
       1
       3
       2
      10
       3
       1
       3
       2
       3
       1
       3
       0
       2
       0
       2
       4
       4
       0
       2
       2
       2
       7
       2
       2
       1
       2
       2
       3
       4
       6
       1
       3
       4
       3
       3
       6
       3
       1
       2
       1
       2
       4
       4
       4
       2
       6
       4
       6
      15
      16
      22
      35
      40
      35
      39
      34
      38
      15
      13
      13
       6
       5
       1
       3
       0
       1
       0
       1
       0
       1
       2
       2
       0
       1
       2
       1
       4
       2
       2
       2
       4
       4
       3
       3
       1
       2
       0
       2
       3
       2
       4
       3
       0
       0
       2
       1
       2
       1
       4
       1
       3
       0
       0
       1
       0
       1
       1
       1
       2
       0
       2
       2
       1
       2
       2
       0
       1
       2
       4
       2
       0
       1
       1
       5
       3
       0
       3
       3
       2
       4
       0
       0
       2
       3
       3
       0
       1
       0
       2
       0
       2
       1
       2
       2
       0
       1
       0
       3
       0
       3
       2
       0
       3
       0
       1
       5
       3
       0
       3
       1
       1
       0
       0
       4
       1
       2
       0
       1
       1
       3
       3
       2
       2
       3
       2
       1
       2
       1
       1
       2
       3
       2
       2
       2
       0
       1
       2
       1
       1
       3
       2
       0
       2
       1
       1
       5
       1
       2
       1
       2
       4
       1
       3
       2
       3
       1
       3
       3
       5
       9
       1
       3
       0
       3
       3
       4
       0
       5
       3
       6
       1
       7
       3
       1
       4
       1
       4
       3
       1
       4
       3
       2
       0
       4
       3
       2
       0
       4
       2
       3
       1
       0
       0
       3
       2
       0
       0
       3
       0
       1
       3
       0
       1
       5
       3
       2
       2
       2
       1
       2
       1
       2
       4
       3
       4
       1
       0
       3
       0
       2
       3
       1
       3
       0
       1
       4
       0
       3
       0
       1
       0
       2
       1
       0
       0
       1
       2
       1
       1
       3
       2
       2
       1
       4
       2
       3
       3
       2
       1
       0
       2
       1
       1
       0
       1
       0
       1
       0
       2
       3
       1
       0
       1
       1
       0
       2
       0
       2
       0
       0
       4
       2
       1
       2
       0
       0
       4
       2
       2
       0
       0
       1
       2
       1
       0
       2
       2
       2
       0
       3
       2
       2
       1
       1
       2
       2
       2
       2
       1
       1
       0
       1
       3
       1
       0
       1
       0
       2
       2
       2
       2
       0
       1
       3
       4
       1
       2
       3
       0
       1
       1
       0
       1
       1
       1
       0
       1
       1
       1
       0
       1
       1
       2
       0
       1
       0
       2
       1
       3
       0
       2
       1
       2
       1
       2
       1
       1
       1
       2
       3
       0
       3
       1
       2
       0
       2
       1
       1
       1
       2
       0
       3
       1
       1
       1
       0
       0
       1
       2
       0
       0
       1
       1
       1
       1
       0
       0
       0
       1
       1
       1
       0
       0
       2
       0
       3
       1
       0
       1
       0
       0
       0
       0
       0
       1
       0
       1
       0
       1
       3
       0
       1
       1
       1
       2
       2
       2
       2
       0
       0
       1
       1
       1
       1
       3
       1
       3
       1
       2
       0
       0
       1
       0
       1
       3
       1
       0
       0
       0
       2
       2
       2
       0
       2
       2
       0
       2
       2
       4
       1
       1
       1
       1
       1
       0
       0
       3
       0
       1
       0
       0
       0
       1
       2
       1
       2
       1
       2
       0
       1
       1
       1
       3
       0
       1
       0
       0
       0
       1
       3
       1
       0
       0
       2
       1
       3
       6
       2
       1
       0
       2
       1
       1
       1
       1
       0
       2
       2
       0
       1
       0
       2
       0
       0
       0
       0
       3
       2
       0
       0
       1
       1
       0
       0
       2
       1
       0
       0
       1
       1
       2
       1
       2
       0
       1
       3
       0
       5
       1
       1
       0
       0
       1
       1
       3
       2
       5
       4
       1
       4
       4
       3
       2
       0
       0
       0
       1
       2
       2
       1
       0
       0
       1
       0
       0
       1
       2
       0
       1
       1
       0
       1
       4
       0
       0
       0
       1
       2
       1
       2
       0
       1
       0
       1
       1
       1
       1
       0
       1
       1
       0
       1
       2
       0
       1
       1
       2
       0
       2
       0
       0
       0
       1
       1
       1
       0
       1
       0
       2
       0
       2
       4
       1
       1
       3
       1
       1
       3
       1
       3
       1
       2
       1
       1
       2
       1
       0
       1
       4
       1
       1
       6
       3
       3
       0
       3
      12
      10
       9
      16
      13
      14
      13
       6
       3
       4
       1
       3
       4
       3
       2
       1
       7
       0
       3
       2
       0
       1
       0
       1
       0
       1
       1
       0
       1
       1
       0
       0
       0
       2
       0
       1
       1
       1
       2
       1
       1
       1
       1
       1
       0
       1
       1
       2
       2
       0
       1
       1
       1
       0
       3
       0
       2
       1
       2
       0
       1
       2
       0
       0
       1
       1
       1
       1
       1
       0
       2
       0
       1
       4
       2
       1
       0
       2
       1
       1
       1
       2
       2
       1
       1
       0
       0
       0
       3
       0
       0
       1
       2
       1
       2
       1
       0
       0
       0
       3
       1
       1
       0
       1
       1
       1
       1
       0
       1
       1
       3
       1
       1
       1
       0
       3
       1
       1
       0
       2
       2
       2
       2
       0
       0
       1
       2
       1
       0
       0
       0
       1
       2
       0
       1
       1
       1
       0
       1
       0
       0
       1
       2
       1
       1
       2
       3
       0
       0
       0
       0
       1
       0
       0
       0
       1
       2
       0
       0
       0
       0
       0
       0
       0
       0
       1
       1
       2
       3
       0
       0
       1
       1
       0
       0
       1
       0
       1
       0
       1
       1
       0
       2
       1
       5
       1
       1
       1
       1
       0
       1
       0
       1
       1
       0
       1
       0
       1
       0
       0
       0
       1
       1
       2
       3
       2
       0
       1
       0
       1
       2
       0
       1
       2
       1
       2
       1
       1
       2
       3
       6
       1
       1
       0
       2
       3
       1
       2
       2
       1
       0
       1
       1
       0
       0
       0
       1
       0
       2
       2
       0
       1
       1
       0
       0
       1
       0
       0
       0
       1
       1
       1
       2
       1
       1
       1
       2
       1
       0
       4
       2
       0
       1
       0
       0
       0
       0
       3
       1
       0
       0
       0
       0
       0
       0
       1
       1
       2
       1
       2
       0
       1
       0
       1
       0
       0
       0
       1
       1
       5
       0
       0
       1
       0
       1
       0
       0
       0
       1
       1
       0
       0
       1
       0
       0
       2
       0
       1
       1
       2
       2
       3
       2
       1
       2
       1
       1
       0
       0
       1
       0
       1
       2
       0
       0
       1
       1
       2
       0
       3
       0
       0
       0
       0
       1
       0
       1
       0
       1
       1
       0
       0
       1
       0
       2
       1
       2
       2
       0
       0
       0
       3
       0
       0
       1
       0
       1
       1
       1
       1
       2
       0
       2
       2
       0
       0
       0
       1
       2
       2
       0
       3
       0
       0
       3
       2
       1
       0
       0
       2
       0
       0
       1
       0
       0
       3
       0
       1
       2
       0
       0
       1
       0
       0
       2
       3
       0
       1
       1
       1
       1
       0
       2
       0
       0
       2
       0
       1
       0
       1
       3
       1
       2
       0
       3
       0
       3
       2
       1
       2
       0
       1
       2
       2
       1
       1
       1
       3
       0
       1
       0
       0
       0
       2
       1
       1
       1
       0
       1
       1
       2
       0
       3
       2
       0
       0
       0
       1
       0
       0
       0
       0
       1
       3
       1
       0
       0
       0
       1
       1
       0
       2
       0
       2
       1
       2
       1
       1
       0
       1
       1
       0
       0
       0
       0
       0
       0
       1
       1
       1
       1
       1
       0
       2
       0
       1
       1
       0
       1
       0
       1
       1
       1
       1
       2
       0
       3
       0
       0
       2
       0
       0
       1
       1
       2
       0
       1
       3
       0
       0
       0
       1
       2
       3
       0
       0
       1
       0
       0
       1
       0
       0
       3
       1
       1
       1
       1
       0
       0
       3
       0
       3
       0
       1
       2
       2
       1
       0
       0
       0
       0
       0
       1
       2
       1
       1
       0
       0
       0
       2
       0
       3
       1
       2
       1
       1
       0
       1
       0
       1
       1
       2
       0
       0
       0
       2
       4
       0
       0
       2
       0
       0
       0
       0
       1
       0
       1
       0
       1
       1
       0
       2
       1
       0
       0
       0
       0
       0
       1
       3
       1
       3
       0
       0
       1
       1
       1
       0
       1
       0
       0
       0
       1
       0
       3
       1
       0
       1
       1
       0
       1
       0
       0
       0
       0
       2
       0
       1
       1
       1
       0
       0
       0
       1
       2
       0
       1
       2
       1
       1
       0
       2
       0
       0
       1
       0
       0
       2
       0
       1
       0
       1
       0
       1
       2
       1
       0
       1
       3
       0
       0
       1
       0
       1
       0
       1
       2
       0
       1
       0
       1
       0
       1
       2
       1
       0
       1
       2
       2
       1
       1
       0
       1
       2
       0
       2
       2
       1
       1
       0
       2
       0
       1
       2
       0
       0
       1
       0
       2
       1
       1
       0
       1
       1
       0
       0
       1
       1
       1
       0
       3
       0
       0
       0
       0
       0
       0
       0
       0
       1
       1
       1
       2
       3
       0
       2
       0
       0
       0
       1
       0
       2
       2
       0
       0
       0
       0
       1
       1
       2
       1
       0
       0
       1
       1
       0
       2
       1
       0
       0
       0
       0
       0
       1
       1
       0
       1
       0
       0
       0
       0
       0
       1
       1
       0
       0
       0
       0
       0
       0
       0
       1
       0
       0
       0
       0
       2
       1
       0
       0
       0
       2
       2
       1
       1
       1
       0
       0
       0
       1
       0
       4
       4
       0
       1
       1
       0
       0
       1
       1
       0
       0
       1
       0
       1
       0
       4
       2
       2
       2
       1
       2
       0
       0
       0
       2
       2
       1
       1
       0
       1
       1
       0
       1
       2
       0
       1
       0
       1
       2
       0
       1
       2
       0
       1
       1
       0
       1
       0
       0
       1
       1
       0
       1
       0
       1
       1
       0
       0
       1
       0
       1
       3
       1
       0
       1
       1
       3
       1
       1
       0
       0
       1
       1
       1
       1
       2
       4
       0
       1
       0
       0
       0
       0
       1
       2
       0
       0
       1
       0
       0
       0
       1
       1
       2
       0
       1
       2
       0
       1
       3
       1
       4
       1
       1
       5
       1
       2
       2
       0
       4
       1
       0
       2
       1
       0
       0
       0
       0
       0
       0
       0
       1
       3
       1
       1
       2
       0
       1
       1
       0
       1
       1
       0
       2
       0
       1
       1
       1
       2
       0
       1
       4
       1
       2
       2
       0
       0
       0
       1
       1
       1
       0
       0
       1
       0
       1
       0
       1
       0
       0
       0
       0
       0
       0
       1
       0
       2
       2
       0
       1
       1
       2
       1
       0
       0
       1
       0
       0
       0
       0
       1
       2
       2
       1
       0
       2
       0
       1
       0
       0
       0
       0
       1
       2
       0
       0
       0
       0
       0
       1
       0
       1
       0
       1
       0
       0
       1
       0
       0
       1
       0
       0
       0
       0
       1
       0
       1
       2
       2
       0
       1
       1
       1
       1
       0
       0
       1
       0
       1
       0
       0
       1
       1
       0
       0
       0
       1
       2
       0
       0
       1
       1
       0
       0
       0
       1
       0
       0
       0
       1
       0
       0
       1
       1
       1
       1
       1
       0
       1
       1
       0
       1
       0
       0
       1
       0
       1
       0
       1
       0
       2
       1
       0
       1
       2
       0
       0
       1
       0
       0
       0
       0
       0
       1
       0
       4
       1
       0
       0
       0
       0
       0
       1
       0
       0
       0
       1
       1
       0
       0
       2
       2
       0
       0
       1
       0
       2
       1
       0
       2
       0
       1
       2
       0
       1
       0
       0
       1
       1
       0
       1
       0
       0
       0
       4
       0
       1
       2
       0
       1
       0
       0
       0
       1
       1
       0
       0
       1
       1
       0
       0
       3
       0
       0
       0
       2
       1
       1
       0
       0
       3
       0
       1
       0
       0
       2
       0
       2
       1
       1
       0
       4
       0
       4
       7
       3
       4
       4
       3
       3
       3
       5
       1
       2
       0
       1
       0
       0
       0
       2
       0
       1
       0
       1
       0
       2
       0
       1
       0
       1
       0
       1
       1
       2
       0
       0
       0
       2
       1
       1
       0
       0
       0
       1
       1
       2
       0
       4
       2
       1
       0
       1
       0
       1
       2
       1
       2
       0
       0
       2
       0
       0
       1
       2
       1
       1
       1
       1
       1
       0
       1
       0
       0
       1
       0
       0
       1
       0
       1
       0
       0
       0
       0
       1
       0
       2
       0
       0
       0
       1
       1
       1
       2
       0
       1
       0
       0
       0
       1
       1
       0
       1
       3
       0
       0
       0
       0
       1
       0
       0
       0
       0
       1
       1
       0
       1
       2
       0
       0
       0
       0
       1
       0
       0
       0
       2
       0
       0
       0
       1
       1
       0
       1
       0
       2
       0
       0
       2
       2
       2
       0
       0
       0
       0
       0
       2
       0
       0
       1
       1
       0
       2
       2
       1
       1
       0
       1
       2
       0
       0
       1
       1
       1
       1
       3
       0
       0
       0
       2
       1
       1
       0
       0
       0
       0
       0
       3
       0
       1
       1
       0
       1
       0
       0
       0
       0
       2
       0
       2
       2
       0
       0
       1
       0
       0
       3
       2
       1
       0
       0
       3
       0
       0
       0
       2
       2
       2
       1
       1
       0
       2
       0
       0
       0
       1
       0
       0
       1
       1
       1
       0
       0
       4
       0
       5
       0
       1
       0
       1
       0
       1
       1
       1
       0
       1
       0
       1
       1
       0
       2
       2
       1
       1
       1
       1
       1
       1
       3
       0
       1
       0
       2
       0
       1
       1
       2
       1
       1
       0
       1
       0
       0
       1
       2
       1
       1
       1
       1
       0
       2
       1
       0
       2
       0
       0
       0
       2
       0
       1
       1
       0
       0
       0
       2
       0
       1
       0
       1
       2
       0
       0
       2
       1
       1
       3
       1
       1
       1
       1
       0
       0
       0
       0
       0
       1
       0
       1
       1
       1
       1
       3
       0
       0
       1
       0
       0
       0
       1
       0
       0
       1
       0
       0
       0
       1
       1
       0
       0
       1
       0
       1
       1
       0
       0
       0
       3
       0
       0
       1
       0
       0
       0
       0
       1
       1
       1
       1
       1
       0
       2
       1
       1
       1
       2
       1
       0
       1
       1
       0
       0
       0
       1
       1
       2
       0
       2
       1
       2
       1
       0
       2
       2
       0
       2
       1
       1
       1
       1
       0
       1
       1
       2
       0
       2
       0
       0
       2
       0
       0
       1
       1
       1
       0
       2
       1
       2
       0
       2
       2
       2
       2
       1
       2
       0
       1
       1
       0
       1
       0
       1
       2
       3
       4
       1
       1
       2
       1
       1
       2
       1
       0
       1
       0
       2
       1
       1
       0
       0
       2
       2
       3
       1
       0
       0
       1
       0
       0
       0
       2
       3
       2
       2
       0
       0
       0
       0
       0
       2
       0
       1
       1
       4
       0
       2
       2
       0
       0
       0
       0
       0
       1
       1
       0
       0
       0
       3
       0
       0
       0
       0
       4
       1
       0
       1
       1
       0
       0
       1
       0
       2
       0
       0
       1
       1
       1
       2
       0
       0
       2
       1
       0
       0
       1
       1
       0
       2
       1
       0
       0
       0
       2
       2
       0
       0
       0
       0
       0
       1
       1
       0
       0
       1
       0
       1
       0
       2
       1
       0
       1
       1
       0
       0
       2
       0
       1
       0
       0
       0
       0
       0
       1
       1
       0
       0
       0
       0
       0
       0
       1
       0
       1
       0
       0
       0
       0
       1
       1
       0
       0
       0
       1
       2
       0
       3
       1
       0
       0
       1
       0
       0
       0
       1
       0
       0
       0
       2
       0
       2
       0
       1
       0
       0
       1
       1
       2
       0
       1
       0
       0
       1
       2
       0
       0
       2
       0
       0
       1
       0
       1
       1
       2
       0
       0
       1
       1
       1
       0
       0
       0
       3
       0
       2
       0
       0
       0
       0
       2
       2
       0
       0
       1
       0
       0
       0
       0
       0
       1
       2
       0
       2
       2
       0
       0
       0
       3
       0
       1
       1
       4
       0
       1
       2
       0
       2
       0
       1
       0
       2
       0
       2
       3
       2
       1
       2
       1
       0
       0
       0
       0
       0
       1
       0
       0
       0
       1
       1
       1
       1
       1
       0
       0
       0
       1
       0
       1
       1
       1
       0
       0
       3
       0
       0
       1
       0
       1
       2
       4
       1
       0
       0
       0
       0
       3
       0
       0
       0
       2
       0
       0
       0
       0
       0
       0
       0
       1
       0
       0
       1
       0
       0
       2
       1
       1
       0
       0
       1
       1
       0
       1
       0
       2
       0
       0
       2
       0
       0
       1
       0
       0
       1
       0
       3
       0
       0
       0
       0
       0
       1
       1
       0
       0
       0
       0
       0
       1
       1
       0
       0
       1
       0
       0
       2
       0
       0
       0
       1
       2
       0
       0
       1
       2
       0
       0
       0
       1
       1
       2
       0
       0
       0
       0
       0
       0
       0
       0
       0
       0
       1
       0
       1
       1
       1
       0
       0
       1
       1
       0
       0
       0
       0
       0
       1
       0
       1
       0
       0
       2
       0
       1
       0
       1
       0
       0
       0
       0
       0
       0
       0
       0
       1
       0
       0
       1
       1
       1
       0
       0
       0
       1
       0
       0
       0
       1
       0
       0
       1
       0
       0
       1
       0
       0
       0
       2
       1
       0
       0
       0
       0
       0
       0
       0
       0
       1
       0
       1
       0
       0
       2
       1
       0
       0
       0
       1
       1
       0
       1
       0
       0
       1
       1
       1
       0
       1
       0
       0
       0
       1
       0
       0
       0
       0
       1
       1
       0
       0
       0
       1
       1
       0
       1
       0
       2
       0
       1
       0
       0
       0
       1
       2
       0
       0
       2
       0
       0
       0
       1
       0
       0
       0
       0
       1
       0
       0
       0
       1
       1
       0
       0
       1
       1
       0
       0
       0
       1
       0
       0
       1
       0
       0
       0
       0
       1
       1
       0
       1
       0
       0
       0
       0
       0
       1
       1
       0
       0
       2
       1
       0
       0
       0
       1
       0
       0
       0
       1
       0
       0
       0
       2
       0
       1
       0
       0
       0
       1
       1
       0
       0
       1
       1
       0
       1
       0
       0
       1
       0
       0
       0
       1
       0
       0
       0
       0
       0
       1
       1
       1
       1
       0
       1
       0
       0
       0
       0
       1
       0
       0
       0
       0
       0
       0
       0
       1
       1
       0
       0
       0
       0
       0
       0
       1
       1
       0
       0
       0
       0
       1
       0
       0
       1
       0
       0
       0
       1
       0
       0
       0
       1
       1
       0
       1
       0
       1
       1
       2
       0
       0
       0
       0
       0
       0
       0
       0
       0
       2
       0
       0
       0
       1
       1
       0
       0
       1
       0
       0
       1
       0
       2
       1
       0
       0
       0
       0
       0
       0
       0
       2
       0
       0
       0
       0
       0
       0
       1
       1
       1
       0
       2
       0
       0
       1
       0
       0
       0
       0
       2
       3
       0
       5
       3
       6
       8
      10
       5
      11
      10
       9
      12
      16
      14
      12
      12
       7
       4
       1
       2
       0
       0
       1
       0
       0
       2
       0
       0
       1
       0
       0
       0
       0
       0
       0
       1
       1
       0
       0
       0
       1
       1
       0
       0
       1
       0
       0
       0
       0
       0
       0
       0
       0
       0
       1
       0
       0
       0
       0
       1
       0
       0
       0
       0
       0
       0
       0
       0
       0
       0
       1
       1
       0
       0
       0
       0
       0
       0
       0
       0
       1
       0
       0
       0
       0
       0
       0
       0
       0
       0
       0
       2
       1
       0
       0
       1
       1
       0
       0
       0
       2
       0
       0
       1
       0
       1
       0
       0
       0
       0
       0
       0
       0
       0
       0
       0
       0
       0
       0
       0
       0
       0
       0
       1
       0
       0
       0
       0
       0
       0
       0
       0
       1
       0
       0
       0
       1
       0
       0
       0
       0
       1
       0
       0
       0
       0
       1
       0
       0
       0
       0
       2
       1
       1
       1
       0
       1
       0
       0
       0
       0
       0
       0
       0
       1
       0
       0
       1
       0
       0
       0
       0
       0
       0
       0
       0
       1
       0
       0
       0
       0
       0
       0
       1
       0
       0
       0
       0
       0
       1
       4
       0
       0
       0
       0
       0
       0
       1
       1
       0
       0
       0
       1
       0
       1
       2
       0
       0
       0
       0
       0
       0
       0
       0
       0
       0
       1
       0
       0
       1
       1
       1
       0
       1
       0
       0
       1
       0
       0
       1
       0
       0
       0
       1
       1
       0
       0
       0
       0
       0
       0
       0
       0
       0
       1
       0
       0
       0
       0
       1
       0
       0
       0
       0
       0
       0
       0
       0
       1
       0
       1
       0
       0
       2
       1
       0
       0
       0
       1
       0
       0
       0
       0
       0
       0
       0
       1
       0
       1
       0
       1
       1
       0
       1
       0
       0
       1
       0
       0
       0
       0
       0
       0
       1
       1
       0
       0
       0
       0
       0
       0
       1
       0
       1
       0
       0
       0
       0
       0
       1
       0
       0
       0
       0
       1
       0
       0
       0
       0
       1
       0
       0
       1
       1
       1
       0
       0
       0
       1
       1
       0
       0
       0
       0
       0
       1
       1
       0
       0
       1
       0
       0
       1
       1
       0
       0
       1
       0
       1
       0
       0
       0
       0
       0
       0
       0
       0
       0
       0
       0
       0
       0
       0
       0
       0
       0
       0
       0
       0
       1
       1
       0
       0
       1
       0
       0
       0
       0
       0
       2
       0
       1
       0
       0
       0
       0
       0
       0
       0
       0
       0
       0
       0
       1
       1
       0
       1
       1
       0
       0
       0
       0
       1
       0
       1
       1
       0
       1
       1
       0
       1
       0
       0
       0
       0
       0
       1
       0
       0
       2
       0
       0
       0
       0
       1
       0
       0
       0
       1
       0
       0
       0
       0
       0
       0
       0
       0
       0
       0
       0
       0
       0
       0
       1
       0
       1
       1
       0
       0
       1
       2
       0
       0
       0
       0
       1
       0
       0
       0
       0
       0
       0
       1
       0
       0
       0
       0
       0
       1
       0
       0
       1
       1
       0
       0
       0
       0
       2
       1
       0
       0
       0
       0
       0
       0
       2
       0
       0
       0
       1
       0
       0
       0
       1
       0
       0
       1
       0
       0
       0
       1
       0
       0
       0
       0
       0
       0
       0
       0
       1
       1
       0
       0
       0
       0
       0
       0
       0
       0
       0
       0
       0
       0
       0
       0
       0
       0
       0
       0
       1
       0
       0
       0
       0
       0
       0
       0
       0
       1
       1
       1
       0
       0
       0
       0
       0
       0
       0
       0
       1
       0
       1
       1
       0
       0
       1
       0
       0
       0
       0
       0
       0
       0
       0
       0
       0
       0
       1
       1
       1
       0
       0
       0
       0
       0
       1
       0
       2
       0
       0
       1
       0
       1
       0
       0
       0
       0
       0
       1
       0
       0
       0
       0
       0
       1
       0
       0
       0
       0
       0
       0
       0
       0
       0
       0
       0
       1
       0
       1
       0
       0
       1
       0
       0
       0
       0
       0
       0
       0
       0
       1
       0
       0
       0
       0
       0
       0
       1
       1
       0
       0
       0
       1
       1
       0
       1
       0
       0
       0
       1
       1
       0
       0
       0
       0
       0
       0
       1
       0
       1
       1
       0
       0
       0
       0
       0
       1
       0
       0
       0
       0
       0
       0
       0
       0
       0
       0
       0
       0
       0
       0
       0
       0
       0
       0
       0
       0
       0
       0
       0
       0
       0
       1
       0
       0
       0
       1
       0
       0
       0
       1
       1
       0
       0
       1
       0
       1
       0
       0
       0
       1
       2
       0
       0
       0
       0
       0
       0
       0
       0
       0
       1
       0
       0
       0
       1
       1
       0
       0
       0
       0
       0
       1
       0
       1
       0
       0
       0
       0
       0
       0
       1
       0
       0
       0
       2
       0
       1
       0
       0
       0
       0
       0
       0
       0
       0
       0
       1
       0
       0
       0
       1
       0
       1
       0
       1
       2
       1
       0
       0
       0
       0
       0
       1
       0
       0
       0
       0
       0
       1
       0
       0
       0
       0
       0
       0
       0
       0
       1
       0
       0
       0
       0
       0
       0
       0
       0
       0
       0
       0
       1
       0
       0
       0
       0
       0
       0
       0
       0
       0
       0
       0
       1
       0
       0
       1
       1
       0
       0
       0
       0
       0
       1
       0
       1
       0
       0
       0
       0
       1
       0
       0
       0
       0
       0
       0
       2
       0
       0
       2
       0
       1
       1
       0
       0
       0
       0
       0
       0
       0
       0
       0
       0
       1
       0
       0
       1
       1
       1
       0
       2
       0
       0
       0
       0
       0
       0
       1
       0
       0
       0
       1
       0
       0
       0
       0
       1
       0
       0
       0
       0
       0
       1
       1
       1
       1
       0
       0
       1
       0
       0
       0
       0
       0
       0
       0
       1
       1
       0
       0
       0
       0
       2
       0
       0
       0
       0
       0
       1
       0
       0
       0
       0
       2
       0
       0
       0
       1
       0
       0
       0
       0
       0
       0
       0
       0
       0
       0
       2
       0
       0
       0
       1
       0
       0
       0
       0
       0
       0
       0
       1
       0
       0
       0
       0
       0
       0
       1
       0
       0
       0
       0
       0
       1
       0
       0
       0
       0
       0
       0
       0
       0
       0
       0
       0
       0
       0
       0
       1
       0
       0
       0
       0
       0
       0
       1
       0
       1
       0
       0
       0
       0
       0
       0
       0
       0
       0
       0
       0
       0
       0
       0
       1
       0
       1
       0
       0
       0
       0
       0
       0
       0
       0
       2
       0
       0
       0
       0
       1
       0
       1
       0
       0
       0
       0
       0
       0
       0
       0
       0
       0
       0
       0
       0
       0
       0
       0
       0
       0
       0
       0
       0
       0
       0
       1
       0
       0
       0
       0
       1
       0
       1
       1
       0
       0
       0
       0
       0
       1
       0
       0
       0
       0
       0
       0
       0
       1
       0
       0
       1
       0
       0
       1
       0
       0
       0
       0
       0
       1
       0
       0
       0
       0
       0
       0
       0
       0
       0
       0
       0
       0
       0
       0
       0
       0
       1
       0
       0
       0
       1
       0
       1
       0
       0
       0
       0
       0
       0
       0
       0
       1
       0
       0
       0
       0
       0
       0
       0
       0
       0
       0
       0
       0
       1
       0
       0
       0
       0
       0
       0
       0
       0
       0
       0
       0
       0
       1
       0
       0
       0
       0
       1
       0
       1
       1
       0
       2
       0
       1
       1
       0
       0
       1
       1
       1
       0
       1
       3
       0
       0
       0
       1
       0
       0
       0
       1
       0
       0
       0
       1
       0
       0
       0
       0
       1
       0
       0
       0
       0
       0
       0
       0
       0
       0
       0
       1
       0
       0
       0
       1
       1
       0
       1
       0
       0
       0
       0
       0
       0
       0
       0
       0
       1
       0
       0
       0
       2
       0
       0
       0
       1
       0
       0
       0
       0
       0
       1
       0
       0
       0
       0
       0
       0
       0
       0
       0
       0
       0
       0
       0
       0
       1
       0
       0
       0
       0
       0
       0
       1
       0
       0
       0
       0
       0
       1
       1
       0
       0
       0
       0
       1
       1
       0
       0
       1
       0
       0
       0
       0
       0
       0
       0
       0
       0
       0
       0
       0
       1
       0
       1
       0
       2
       1
       1
       0
       0
       1
       0
       0
       0
       0
       0
       0
       1
       0
       0
       0
       0
       0
       0
       0
       0
       0
       0
       0
       0
       0
       0
       0
       0
       0
       0
       0
       0
       0
       0
       0
       0
       0
       0
       0
       0
       0
       0
       0
       0
       0
       0
       0
       0
       0
       0
       0
       0
       0
       0
       0
       0
       0
       0
       0
       0
       0
       0
       0
       0
       0
       0
       0
       0
       0
       0
       0
       0
       0
       0
       0
       0
       0
       0
       0
       0
       0
       0
       0
       0
       0
       0
       0
       0
       0
       0
       0
       0
       0
       0
       0
       0
       0
       0
       0
       0
       0
       0
       0
       0
       0
       0
       0
       0
       0
       0
       0
       0
       0
       0
       0
       0
       0
       0
       0
       0
       0
       0
       0
       0
       0
       0
       0
       0
       0
       0
       0
       0
       0
       0
       0
       0
       0
       0
       0
       0
       0
$ROI:
1
2831 2841
$PRESETS:
Live Time
36000
0
$ENER_FIT:
0.000000 0.383922
$MCA_CAL:
3
0.000000E+000 3.839219E-001 0.000000E+000 keV
$SHAPE_CAL:
3
0.000000E+000 0.000000E+000 0.000000E+000
