$SPEC_ID:
Cs137
$SPEC_REM:
DET# 2
DETDESC# DETECTOR 2
AP# Maestro Version 7.01
$DATE_MEA:
03/09/2017 15:26:12
$MEAS_TIM:
474 483
$DATA:
0 8191
       0
       0
       0
       0
       0
       0
       0
       0
       0
       0
       0
       0
       0
       0
       0
       0
       0
       0
       0
       0
       0
       0
       0
       0
       0
       0
       0
       0
       0
       0
       0
       0
       0
       0
       0
       0
       0
       0
       0
       0
       0
       0
       0
       0
       0
       0
       0
       0
       0
       0
       0
       0
       0
       0
       0
       0
       0
       0
       0
       0
       0
       0
       0
       0
       0
       0
       0
       0
       0
       0
       0
       0
       0
       0
       0
       0
       0
       0
       0
       0
       0
       0
       0
       0
       0
       0
       0
       0
       0
       0
       0
       0
       0
       0
       0
      18
    2908
   24116
   52941
   78098
   79664
   56645
   27644
   10411
    4694
    3498
    3205
    2980
    2464
    2190
    3049
    6973
   13791
   19140
   17185
   12033
    7932
    5397
    2992
    1433
     935
     788
     771
     652
     609
     563
     594
     505
     508
     522
     498
     491
     517
     507
     525
     573
     582
     561
     559
     573
     592
     564
     548
     553
     674
     636
     662
     625
     589
     651
     708
     696
     754
     663
     702
     688
     682
     685
     681
     719
     792
     780
     744
     777
     739
     807
     839
     810
     878
     803
     810
     856
     861
     849
     894
     919
     946
     971
    1104
    1546
    2336
    3031
    2881
    2179
    1998
    2964
    4219
    4477
    3379
    1836
    1082
     886
     762
     770
     795
     785
     839
     940
    1003
     933
     941
     936
     909
     887
     958
    1048
    1088
    1184
    1466
    1822
    2390
    2617
    2548
    1996
    1539
    1384
    1459
    1620
    1552
    1398
    1307
    1155
    1114
    1150
    1173
    1147
    1208
    1270
    1279
    1264
    1219
    1247
    1285
    1272
    1248
    1211
    1223
    1228
    1272
    1229
    1217
    1107
    1163
    1197
    1110
    1050
    1112
    1039
    1084
    1040
    1016
     939
     910
     947
     908
     859
     853
     901
     850
     824
     819
     816
     761
     792
     707
     720
     778
     747
     743
     748
     714
     704
     703
     701
     667
     743
     788
     769
     767
     730
     736
     737
     678
     639
     691
     654
     719
     676
     633
     719
     636
     659
     634
     638
     647
     636
     636
     671
     786
    1683
    5601
   15112
   28458
   36565
   32233
   20361
    9167
    3244
    1453
     799
     622
     560
     538
     558
     538
     554
     518
     595
     592
     536
     513
     540
     590
     551
     565
     524
     564
     559
     542
     511
     510
     552
     557
     509
     526
     571
     486
     558
     530
     534
     540
     496
     556
     496
     502
     547
     528
     528
     549
     512
     546
     548
     526
     559
     532
     535
     520
     529
     516
     521
     578
     554
     556
     574
     562
     620
     632
     615
     655
     642
     686
     674
     638
     655
     645
     719
     641
     641
     666
     666
     656
     657
     603
     694
     630
     675
     610
     599
     619
     616
     674
     640
     637
     639
     634
     643
     613
     675
     607
     677
     797
     935
     876
     850
     783
     706
     656
     567
     589
     619
     585
     588
     615
     591
     660
     619
     629
     639
     594
     546
     618
     543
     516
     556
     538
     526
     558
     581
     594
     540
     593
     582
     555
     533
     515
     565
     582
     577
     600
     535
     576
     574
     573
     577
     540
     587
     565
     544
     544
     575
     578
     567
     550
     574
     555
     583
     573
     575
     536
     564
     584
     559
     582
     569
     617
     543
     598
     519
     554
     588
     590
     543
     564
     563
     602
     579
     577
     556
     563
     589
     575
     561
     566
     622
     558
     637
     547
     598
     578
     575
     565
     515
     534
     547
     515
     511
     470
     499
     511
     544
     494
     521
     518
     513
     483
     502
     521
     466
     470
     482
     491
     541
     460
     435
     489
     475
     498
     461
     469
     488
     470
     481
     448
     456
     461
     469
     448
     519
     435
     485
     505
     457
     473
     473
     443
     453
     493
     483
     413
     453
     412
     457
     446
     449
     427
     407
     427
     431
     411
     448
     392
     439
     404
     405
     408
     418
     387
     428
     390
     398
     407
     376
     368
     393
     384
     400
     364
     386
     377
     357
     342
     421
     368
     347
     347
     365
     343
     388
     353
     368
     365
     352
     360
     376
     374
     338
     316
     369
     354
     320
     348
     362
     307
     308
     321
     316
     362
     324
     342
     305
     304
     323
     333
     404
     651
    1429
    2750
    4345
    5481
    5405
    4128
    2538
    1173
     632
     427
     329
     321
     297
     331
     296
     344
     289
     337
     336
     317
     304
     340
     313
     311
     307
     291
     266
     287
     278
     286
     256
     257
     270
     239
     268
     271
     267
     249
     262
     266
     286
     248
     272
     278
     276
     264
     262
     276
     271
     250
     255
     253
     249
     261
     275
     277
     270
     265
     232
     264
     289
     290
     279
     246
     257
     277
     264
     287
     294
     280
     285
     283
     285
     279
     249
     222
     278
     267
     263
     279
     297
     286
     289
     242
     261
     257
     241
     252
     218
     221
     294
     268
     229
     258
     251
     231
     248
     226
     241
     279
     272
     309
     294
     301
     271
     279
     235
     219
     239
     234
     222
     220
     237
     214
     238
     269
     229
     239
     233
     241
     210
     245
     233
     220
     225
     224
     246
     261
     315
     397
     454
     479
     422
     323
     290
     241
     237
     263
     210
     221
     214
     234
     178
     197
     203
     226
     189
     209
     193
     199
     207
     197
     185
     238
     198
     211
     241
     219
     185
     249
     218
     214
     189
     209
     217
     219
     224
     211
     208
     193
     207
     189
     233
     181
     241
     209
     218
     211
     204
     213
     244
     200
     210
     217
     177
     205
     248
     210
     192
     209
     224
     236
     196
     196
     209
     195
     186
     191
     196
     191
     211
     213
     228
     205
     207
     198
     205
     187
     182
     175
     227
     219
     248
     239
     273
     247
     228
     197
     181
     192
     187
     196
     193
     191
     173
     183
     180
     208
     176
     182
     184
     179
     184
     185
     200
     188
     163
     188
     196
     191
     188
     174
     215
     230
     382
     819
    1795
    3781
    6535
    9884
   12441
   12920
   10664
    7085
    3751
    1728
     758
     332
     216
     189
     166
     171
     179
     168
     150
     155
     175
     168
     160
     179
     168
     152
     156
     149
     163
     180
     154
     162
     153
     152
     140
     168
     162
     164
     173
     162
     148
     147
     169
     147
     159
     163
     146
     165
     142
     152
     167
     159
     140
     157
     143
     194
     166
     200
     212
     245
     347
     435
     548
     522
     511
     381
     280
     214
     187
     152
     155
     149
     157
     173
     168
     180
     153
     125
     124
     134
     144
     153
     136
     151
     128
     133
     140
     151
     142
     162
     149
     139
     140
     144
     135
     145
     156
     163
     131
     140
     162
     150
     141
     162
     157
     160
     164
     155
     134
     159
     149
     132
     143
     146
     134
     141
     132
     169
     140
     144
     133
     127
     132
     128
     140
     151
     147
     125
     141
     124
     138
     134
     155
     134
     132
     136
     142
     143
     135
     155
     137
     128
     143
     130
     141
     145
     128
     153
     123
     136
     124
     125
     133
     125
     145
     148
     122
     122
     134
     136
     139
     130
     162
     158
     176
     202
     298
     432
     603
     807
     956
     980
     837
     579
     390
     236
     165
     160
     150
     156
     134
     160
     164
     173
     172
     168
     143
     131
     150
     110
     151
     125
     122
     139
     124
     109
     140
     143
     120
     118
     119
     135
     118
     130
     140
     137
     137
     152
     105
     122
     132
     127
     115
     120
     144
     146
     118
     126
     128
     133
     152
     139
     114
     123
     112
     126
     118
     129
     128
     155
     141
     153
     127
     133
     145
     124
     143
     128
     125
     129
     135
     151
     116
     142
     128
     144
     209
     290
     426
     661
     907
    1125
    1167
    1043
     905
     613
     350
     240
     175
     149
     122
     148
     119
     131
     133
     143
     157
     129
     141
     106
     123
     134
     147
     118
     122
     130
     130
     143
     110
     109
     145
     128
     112
     144
     112
     147
     119
     111
     124
     119
     145
     118
     117
     122
     110
     141
     124
     132
     148
     147
     118
     119
     135
     138
     127
     152
     149
     136
     118
     114
     125
     130
     122
     121
     128
     143
     123
     136
     116
     119
     151
     116
     110
     122
     142
     125
     130
     117
     133
     153
     121
     138
     124
     122
     145
     127
     131
     136
     135
     131
     149
     140
     138
     130
     142
     142
     127
     163
     125
     127
     161
     133
     145
     148
     146
     138
     137
     155
     149
     168
     201
     221
     260
     250
     230
     223
     202
     166
     135
     129
     116
     128
     133
     132
     154
     157
     140
     125
     162
     137
     141
     133
     135
     133
     118
     137
     108
     140
     129
     124
     133
     129
     132
     149
     131
     132
     162
     152
     184
     163
     175
     169
     170
     145
     140
     125
     136
     143
     129
     162
     125
     151
     133
     151
     148
     185
     146
     164
     146
     178
     174
     157
     153
     141
     158
     133
     128
     116
     144
     137
     138
     122
     117
     117
     131
     127
     128
     132
     141
     150
     133
     141
     150
     126
     139
     149
     159
     151
     144
     155
     132
     153
     124
     119
     150
     132
     142
     165
     143
     147
     137
     155
     120
     146
     145
     139
     140
     137
     128
     128
     153
     135
     156
     127
     149
     155
     154
     151
     130
     133
     141
     137
     161
     137
     152
     125
     132
     138
     151
     122
     133
     146
     143
     135
     119
     135
     121
     125
     152
     124
     154
     141
     114
     140
     139
     122
     115
     148
     154
     165
     126
     143
     160
     166
     152
     143
     174
     138
     155
     147
     150
     148
     149
     148
     148
     156
     144
     124
     152
     144
     136
     150
     144
     141
     133
     124
     137
     148
     122
     147
     134
     138
     161
     138
     198
     165
     206
     217
     249
     261
     290
     274
     245
     207
     203
     213
     182
     181
     144
     157
     146
     136
     164
     141
     146
     147
     168
     152
     140
     155
     156
     146
     142
     158
     149
     180
     163
     169
     150
     142
     156
     138
     157
     145
     148
     151
     126
     154
     133
     165
     164
     172
     155
     148
     147
     171
     138
     153
     149
     157
     173
     191
     208
     227
     214
     259
     253
     240
     206
     180
     172
     152
     132
     105
     122
     133
     142
     142
     131
     137
     142
     143
     126
     139
     120
     129
     127
     121
     143
     128
     127
     136
     140
     134
     135
     101
     148
     117
     115
     113
     123
     132
     138
     135
     149
     121
     129
     144
     147
     142
     132
     136
     132
     118
     124
     128
     126
     125
     124
     104
     134
     110
     142
     115
     130
     119
     110
     114
     122
     118
     134
     115
     107
     106
     114
     120
     141
     124
     120
     125
     118
     128
     137
     132
     141
     134
     143
     134
     143
     123
     116
     121
     138
     106
     111
     124
     116
     111
     119
     135
     116
     110
     114
     111
     125
     115
     123
     126
     118
     133
      91
     137
     123
     110
     128
     130
     128
     125
     127
     110
     132
     111
     116
      99
     136
     145
     141
     129
     139
     136
     130
     117
     137
     119
     131
     122
     125
     100
     123
     125
     135
     130
     124
     120
     136
     120
     111
     121
     110
     124
     132
     130
     117
     125
     123
     136
     124
     103
     133
     116
     120
     144
     128
     130
     130
     129
     123
     132
      99
     119
     168
     120
     110
     127
     133
     131
     145
     140
     149
     157
     148
     151
     139
     138
     128
     126
     129
     115
     110
     125
     121
     142
     112
     122
     109
     121
     135
     126
     111
     159
     122
     121
     144
     113
     126
      92
     123
     119
     111
     112
     115
      93
     114
     127
     115
     109
     131
     135
     131
     137
     143
     149
     125
     139
     164
     164
     144
     136
     165
     174
     176
     184
     178
     184
     194
     184
     191
     152
     137
     120
     109
     111
     115
     116
     129
     122
     114
     123
     112
     113
     115
     117
     124
     134
     154
     173
     191
     229
     271
     278
     288
     226
     205
     175
     168
     132
     124
     124
     116
     139
      99
     111
     123
     131
     123
     127
     120
     103
     107
     130
      99
     110
     110
     119
     114
     118
     123
     115
     115
     102
     126
     123
     117
     122
     117
     107
     109
     112
     131
     113
     111
     122
     125
     119
     130
     129
     131
     114
     115
     133
     136
     121
     109
     112
     115
     149
     141
     161
     152
     141
     145
     137
     133
     133
     121
     112
     118
     137
     132
     145
     131
     143
     177
     177
     180
     173
     169
     178
     205
     152
     142
     155
     127
     157
     133
     158
     135
     137
     125
     126
     141
     112
     148
     133
     130
     134
     149
      99
     111
     126
     142
     143
     127
     111
     124
     141
     135
     140
     140
     130
     136
     119
     138
     131
     120
     145
     144
     143
     130
     138
     115
     158
     102
     145
     106
     124
     113
     122
      99
     112
     111
     118
     142
     136
     124
     118
     129
     116
     114
      98
     119
     132
     112
     114
     119
     123
     115
     121
     111
     129
     130
     127
     126
     128
     128
     126
     125
     129
     118
     136
     112
     140
     131
     150
     127
     109
     138
     127
     134
     136
     174
     157
     124
     134
     113
     113
     127
     118
     120
     139
     114
     128
     121
     114
     130
     139
     125
     139
     138
     151
     137
     150
     152
     121
     116
     127
     134
     130
     125
     149
     116
     114
     103
     112
     104
     117
      97
     122
     117
     114
     109
     161
     158
     195
     269
     351
     437
     592
     839
    1173
    1432
    1778
    1923
    2149
    1996
    1873
    1418
    1068
     668
     431
     280
     210
     160
     134
     112
     121
      95
      86
     125
     116
     107
     110
     103
      93
      90
     101
      91
     118
      94
     110
     101
      91
     100
     112
      87
     119
      97
      99
     104
     102
     114
      99
     111
     112
     115
     105
     102
     135
     111
     103
     103
     113
      99
      91
      89
     126
      97
      95
     116
     108
      94
      80
     119
      92
     104
     110
      86
      90
     100
     130
     128
     113
     115
     112
     120
     109
     118
     120
     130
     160
     144
     146
     167
     142
     134
     132
     130
     133
     126
     124
     101
     106
     105
     101
     109
     101
     100
     100
     108
     109
      97
     109
     118
     127
     100
      99
      90
     124
     112
     109
      86
      93
     107
     104
      97
     118
     118
     111
      91
      92
     105
      92
     106
     106
      99
      88
     106
     104
     112
     112
     123
     102
      98
     103
     107
      94
     105
     107
      93
     101
      95
     105
     129
     101
     115
     111
     102
     103
      89
      87
     108
     105
     104
     102
     123
     136
     128
     135
     124
     124
     135
     156
     120
     120
     111
     110
     109
     109
     112
     122
     113
      98
     106
     114
     118
     110
     106
     115
      83
     115
     100
     132
     101
     110
      97
      87
     119
     109
      99
     117
     120
     113
     109
      97
     109
     105
     115
     120
     112
     117
      95
     107
     105
      94
     106
     107
     116
     104
     114
     108
     113
     117
     147
     172
     180
     207
     264
     328
     339
     450
     558
     588
     690
     620
     622
     515
     420
     313
     228
     198
     149
     138
     117
     120
     125
     113
     125
     117
     142
     129
     124
     112
     106
     114
     113
     102
     113
     103
     125
     105
     113
     112
      93
     105
     127
      97
      95
      99
      97
      90
      98
      96
     113
     106
      97
     110
      98
      88
     102
      92
      84
     115
     100
      78
      96
     107
      92
      97
      93
     119
      88
     102
      94
     105
     105
      94
      88
     105
      97
      99
      97
      91
     113
     112
     116
      99
     113
     105
      84
      83
      95
     105
     107
      95
     104
     101
     103
     116
      98
     103
      96
     109
     103
      83
      82
      97
     103
      89
      86
      92
     119
      77
      95
      79
      82
     101
      73
      96
      87
      89
      67
      82
      88
      74
      69
      81
      84
      88
      78
      81
      76
      91
      82
      86
      75
      87
      98
     120
     105
     108
     135
     108
     133
     114
     106
     112
      91
      79
      86
      92
      78
     104
      93
      89
      87
      83
      92
      98
     107
     125
     118
      88
      99
      95
      95
      76
      92
      80
      72
      92
      63
      78
      83
      71
      72
      71
      66
      78
      66
      60
      79
      51
      55
      63
      57
      78
      59
      66
      74
      64
      64
      57
      58
      82
      50
      73
      60
      66
      66
      64
      66
      57
      84
      78
      67
      57
      59
      64
      55
      59
      61
      72
      57
      68
      72
      79
      74
      66
      67
      49
      56
      58
      65
      49
      62
      71
      64
      72
      59
      70
      56
      66
      58
      76
      77
      76
      62
      82
      90
     127
     144
     161
     221
     254
     336
     415
     583
     734
     997
    1194
    1403
    1524
    1684
    1598
    1544
    1328
    1101
     828
     510
     351
     203
     163
     124
     109
      70
      74
      65
      60
      52
      43
      48
      60
      55
      52
      50
      63
      58
      51
      52
      65
      54
      57
      47
      54
      55
      55
      53
      60
      59
      58
      62
      51
      49
      52
      45
      44
      53
      43
      66
      49
      52
      63
      63
      44
      55
      50
      48
      43
      49
      50
      46
      54
      61
      63
      49
      68
      48
      58
      65
      48
      61
      61
      42
      65
      60
      49
      55
      64
      49
      53
      56
      50
      51
      66
      57
      49
      49
      48
      59
      49
      59
      59
      64
      76
      81
      76
      70
      95
      90
      97
     127
     123
     124
     136
     132
     137
     118
     120
     106
      67
      71
      77
      65
      49
      50
      50
      60
      51
      41
      47
      49
      46
      53
      42
      37
      41
      50
      38
      41
      39
      43
      50
      42
      43
      43
      47
      44
      50
      34
      47
      35
      41
      52
      52
      39
      42
      40
      51
      53
      47
      48
      47
      44
      56
      52
      48
      44
      36
      42
      45
      52
      44
      45
      36
      46
      47
      36
      38
      61
      55
      36
      44
      51
      47
      38
      54
      37
      42
      38
      40
      56
      34
      47
      42
      45
      51
      47
      61
      57
      33
      49
      42
      49
      47
      45
      54
      62
      38
      59
      63
      39
      54
      33
      57
      53
      42
      62
      47
      66
      45
      51
      51
      51
      43
      47
      57
      44
      55
      56
      40
      43
      41
      49
      53
      38
      48
      57
      38
      46
      43
      65
      38
      43
      57
      56
      44
      48
      51
      43
      42
      44
      46
      47
      35
      47
      47
      43
      54
      61
      45
      44
      40
      42
      50
      56
      43
      44
      38
      55
      35
      44
      44
      38
      42
      39
      41
      48
      45
      36
      47
      54
      49
      55
      41
      48
      53
      39
      48
      45
      53
      64
      44
      46
      35
      40
      44
      57
      61
      62
      64
      91
      85
     126
     142
     163
     188
     218
     308
     434
     489
     648
     786
     862
     971
     964
    1035
     995
     948
     803
     674
     534
     415
     323
     267
     251
     276
     229
     183
     175
     133
     111
      79
      72
      74
      57
      59
      54
      52
      49
      49
      54
      45
      32
      48
      46
      59
      51
      56
      40
      36
      45
      44
      43
      44
      34
      54
      46
      43
      32
      32
      43
      63
      62
      81
      70
      98
     114
     129
     185
     207
     269
     319
     397
     496
     665
     794
     953
    1023
    1116
    1164
    1187
    1147
    1162
     957
     775
     523
     364
     256
     178
     133
      95
      77
      59
      53
      46
      54
      48
      34
      56
      56
      58
      68
      58
      70
      76
      70
      47
      56
      70
      59
      65
      59
      60
      65
      49
      51
      55
      53
      51
      42
      40
      53
      44
      42
      52
      42
      46
      51
      44
      53
      53
      54
      38
      48
      55
      62
      59
      45
      39
      51
      53
      55
      53
      44
      53
      59
      55
      57
      53
      60
      58
      45
      63
      52
      46
      42
      57
      46
      50
      56
      56
      51
      58
      50
      41
      49
      52
      54
      57
      59
      69
      56
      62
      65
      67
      64
      81
      73
      80
      84
      83
      68
      51
      58
      62
      50
      66
      53
      58
      53
      38
      67
      57
      42
      66
      60
      52
      63
      61
      50
      67
      55
      55
      62
      59
      43
      47
      46
      54
      68
      51
      63
      61
      50
      48
      51
      73
      59
      54
      56
      46
      62
      61
      54
      60
      54
      58
      58
      46
      54
      72
      64
      63
      64
      50
      50
      55
      50
      54
      43
      46
      58
      70
      66
      47
      59
      65
      71
      51
      45
      63
      57
      50
      59
      56
      55
      56
      45
      48
      56
      56
      56
      49
      66
      72
      55
      62
      66
      38
      40
      36
      48
      47
      53
      46
      53
      40
      38
      39
      40
      42
      47
      35
      37
      42
      52
      38
      47
      36
      47
      36
      41
      44
      30
      41
      38
      35
      41
      39
      40
      37
      40
      40
      27
      26
      38
      27
      26
      34
      42
      26
      30
      42
      32
      41
      45
      56
      40
      57
      34
      46
      50
      61
      90
      92
      99
     110
     120
     139
     124
     121
     134
     150
     112
      96
      94
      70
      56
      41
      34
      39
      40
      30
      40
      37
      29
      26
      34
      23
      25
      25
      31
      33
      27
      27
      37
      27
      31
      27
      27
      30
      29
      33
      22
      33
      32
      28
      28
      22
      25
      33
      27
      32
      32
      41
      28
      33
      29
      31
      32
      34
      28
      28
      36
      28
      32
      27
      28
      32
      28
      26
      23
      22
      21
      35
      30
      24
      31
      24
      29
      33
      29
      23
      21
      14
      33
      19
      32
      23
      40
      31
      43
      42
      29
      33
      26
      36
      36
      28
      33
      30
      44
      42
      42
      32
      45
      44
      20
      31
      31
      26
      31
      26
      13
      27
      25
      22
      20
      18
      18
      28
      23
      27
      20
      28
      30
      17
      20
      22
      25
      27
      23
      30
      18
      18
      19
      16
      18
      15
      21
      19
      15
      14
      17
      15
      26
      15
      19
      21
      22
      17
      21
      26
      24
      22
      19
      17
      33
      30
      25
      28
      30
      31
      27
      38
      31
      27
      27
      21
      19
      17
      27
      21
      12
      15
      11
      12
      16
      16
      10
      14
      15
      15
      17
      15
       9
      13
      18
      14
       9
      15
       9
       8
      14
      18
       9
      16
      13
      18
      12
      11
      17
      22
      15
      14
      14
      21
      25
      22
      26
      37
      31
      29
      27
      32
      36
      46
      75
      74
      93
      98
     109
     113
      96
     132
     102
     136
     127
      81
      69
      60
      35
      12
      26
      15
      15
      15
      15
      11
       7
      10
      14
       4
       8
       8
      10
      12
      16
      12
      10
      11
       7
       7
       8
       8
       5
      10
       6
       6
       7
       7
      14
      14
      10
       2
      11
       5
       7
       7
       5
       8
       4
       6
       4
       5
       8
      10
      14
       6
       5
       6
       4
       6
       7
       3
       6
       6
      10
       4
       4
       3
      10
       5
       6
       5
       4
       5
       7
       4
       6
       3
       5
       7
       3
       5
       4
       7
       4
       5
       4
      10
      12
       6
       6
       4
       4
       6
       7
       5
       5
       5
       5
       3
       7
       2
       4
       9
       5
       4
       4
       7
       2
       5
       8
       7
       6
       7
       6
       4
       4
      10
       8
      10
       9
      10
       7
       3
       5
       6
       8
      10
       6
       4
       3
       7
       6
       4
       2
       3
       3
       6
       2
       5
       5
       2
       6
       7
       3
       5
      11
       7
       4
       6
       2
       5
       2
       6
       8
       9
       5
       9
       8
       6
       5
       9
       3
       7
       7
       3
       3
       9
       2
       2
       5
       5
       3
       5
       4
       3
       5
       7
       4
       5
       4
       3
       3
       6
       5
       6
       7
       6
       6
       3
       5
       3
       5
       4
       4
       5
       4
       5
       9
       9
       1
       1
       4
       5
       5
       3
       2
       8
      10
       1
       0
       5
       3
       2
       2
       4
       5
       0
       7
       6
       4
       6
       1
       2
       4
       8
       4
       7
       2
       4
       3
       4
       4
       5
       7
       3
       2
       6
       4
       6
       7
       5
       6
       6
       3
      15
      12
       9
      16
      20
      23
      29
      38
      53
      57
      76
      96
     121
     150
     203
     244
     296
     374
     464
     590
     745
     896
     984
    1145
    1084
    1181
    1234
    1191
    1243
    1194
     983
     820
     599
     417
     281
     176
     133
      85
      77
      37
      24
      15
       9
       3
       1
       2
       3
       1
       1
       3
       4
       1
       6
       1
       3
       1
       4
       0
       2
       2
       3
       2
       4
       1
       1
       3
       7
       3
       0
       3
       4
       2
       2
       2
       3
       3
       0
       3
       2
       2
       2
       4
       4
       6
       3
       2
       3
       2
       8
       4
       0
       2
       4
       2
       2
       3
       3
       5
       5
       7
       2
       8
       1
       5
      10
       5
       5
       5
       4
       5
       7
       2
      10
      12
       8
      11
       6
      20
      11
      19
      24
      29
      23
      18
      16
      19
       9
      11
      23
      17
       9
      15
       8
       6
       8
       7
      10
      15
       6
       6
      18
      21
      29
      27
      21
      37
      21
      24
      27
      31
      30
      32
      30
      23
      18
      18
      15
      10
       7
       8
       2
       1
       2
       3
       0
       1
       1
       2
       3
       1
       1
       1
       0
       2
       1
       0
       0
       1
       1
       2
       1
       0
       0
       1
       0
       1
       1
       1
       1
       1
       2
       2
       0
       2
       1
       4
       0
       2
       1
       1
       2
       1
       0
       0
       1
       3
       3
       1
       0
       3
       1
       4
       1
       0
       1
       2
       2
       2
       1
       0
       3
       2
       2
       3
       2
       0
       2
       1
       2
       0
       2
       5
       2
       1
       2
       2
       3
       2
       2
       0
       0
       4
       1
       1
       2
       1
       0
       4
       2
       2
       1
       2
       2
       1
       3
       2
       2
       2
       3
       1
       0
       2
       1
       1
       3
       0
       1
       0
       1
       1
       1
       2
       1
       1
       2
       1
       1
       2
       3
       1
       1
       0
       1
       2
       0
       0
       2
       0
       0
       0
       1
       0
       0
       0
       1
       0
       0
       1
       0
       4
       0
       2
       0
       0
       0
       3
       1
       5
       2
       2
       2
       2
       5
       6
       4
       3
       9
      10
      20
      15
      17
      19
      21
      27
      26
      25
      21
      25
      16
      20
      17
      16
       7
       6
       6
       2
       2
       2
       1
       1
       0
       2
       2
       0
       0
       0
       0
       0
       0
       1
       0
       0
       0
       1
       0
       0
       0
       2
       1
       2
       1
       0
       1
       0
       0
       0
       1
       1
       0
       0
       0
       0
       0
       0
       0
       1
       0
       0
       0
       0
       0
       0
       0
       0
       1
       1
       1
       0
       2
       1
       1
       1
       0
       1
       0
       0
       0
       0
       0
       0
       0
       1
       1
       0
       1
       0
       0
       0
       1
       0
       0
       1
       1
       0
       0
       0
       0
       1
       0
       0
       1
       1
       1
       0
       0
       0
       2
       0
       0
       0
       0
       0
       0
       0
       0
       0
       0
       0
       1
       1
       0
       0
       0
       1
       0
       3
       1
       0
       1
       0
       1
       0
       0
       1
       1
       0
       0
       0
       0
       0
       0
       0
       0
       0
       0
       0
       0
       0
       0
       1
       1
       1
       0
       0
       0
       0
       0
       1
       0
       1
       2
       0
       0
       0
       0
       1
       3
       1
       0
       0
       0
       0
       0
       0
       3
       1
       1
       2
       1
       1
       0
       1
       0
       0
       0
       0
       1
       1
       0
       0
       0
       0
       2
       1
       0
       0
       1
       1
       0
       0
       3
       1
       0
       1
       2
       1
       0
       1
       0
       0
       0
       0
       1
       0
       1
       0
       0
       1
       0
       0
       1
       0
       0
       0
       0
       0
       0
       0
       0
       1
       0
       0
       0
       0
       0
       0
       0
       1
       0
       2
       0
       0
       1
       0
       0
       0
       0
       0
       0
       0
       0
       0
       0
       0
       0
       0
       0
       0
       0
       0
       0
       0
       1
       1
       0
       0
       1
       0
       0
       0
       0
       0
       0
       0
       0
       0
       0
       0
       0
       1
       1
       1
       2
       1
       0
       1
       1
       1
       0
       2
       0
       1
       1
       4
       0
       1
       1
       0
       0
       0
       2
       2
       2
       1
       3
       1
       1
       1
       1
       1
       0
       0
       0
       0
       0
       0
       0
       0
       0
       2
       0
       1
       0
       0
       0
       1
       0
       1
       1
       0
       0
       0
       0
       0
       1
       0
       0
       0
       0
       0
       0
       1
       0
       0
       0
       0
       0
       0
       0
       1
       0
       0
       0
       0
       0
       0
       0
       0
       0
       0
       1
       0
       0
       0
       0
       0
       0
       0
       0
       0
       0
       0
       0
       0
       0
       0
       1
       0
       0
       0
       0
       0
       0
       0
       0
       0
       0
       0
       0
       1
       0
       0
       0
       0
       0
       2
       0
       0
       1
       1
       0
       0
       0
       0
       0
       0
       0
       0
       0
       0
       0
       0
       0
       0
       0
       0
       0
       0
       0
       0
       0
       0
       0
       0
       0
       0
       0
       0
       0
       1
       0
       0
       0
       0
       0
       0
       0
       1
       1
       0
       0
       1
       0
       0
       1
       0
       0
       0
       0
       0
       0
       1
       0
       0
       0
       0
       0
       0
       0
       1
       0
       0
       0
       0
       0
       0
       0
       1
       0
       0
       0
       0
       2
       0
       0
       0
       0
       0
       0
       1
       0
       0
       0
       0
       1
       0
       0
       0
       0
       0
       0
       0
       0
       0
       1
       0
       1
       0
       0
       0
       1
       0
       0
       1
       0
       1
       0
       1
       0
       0
       0
       0
       0
       0
       1
       0
       0
       0
       0
       0
       2
       0
       0
       0
       0
       0
       0
       0
       0
       0
       0
       0
       0
       1
       0
       0
       0
       0
       1
       0
       0
       0
       0
       0
       1
       0
       0
       0
       0
       0
       0
       0
       0
       0
       0
       0
       0
       0
       0
       0
       0
       0
       1
       0
       0
       0
       0
       1
       0
       0
       0
       0
       0
       0
       0
       0
       0
       0
       0
       0
       0
       0
       0
       0
       0
       0
       0
       0
       0
       1
       0
       0
       1
       1
       1
       0
       1
       1
       0
       2
       1
       1
       0
       2
       1
       0
       1
       1
       1
       0
       0
       0
       0
       0
       0
       0
       0
       0
       0
       0
       0
       0
       0
       0
       0
       0
       1
       0
       0
       0
       0
       0
       0
       1
       0
       0
       0
       1
       0
       1
       0
       0
       0
       0
       0
       0
       0
       0
       0
       1
       0
       1
       0
       0
       0
       0
       1
       0
       0
       0
       0
       0
       0
       1
       0
       0
       0
       0
       1
       0
       0
       0
       0
       0
       0
       0
       0
       0
       0
       0
       0
       0
       0
       1
       0
       0
       0
       0
       0
       1
       0
       0
       0
       0
       0
       0
       0
       0
       1
       1
       0
       0
       0
       0
       0
       0
       0
       1
       0
       0
       0
       0
       0
       0
       0
       0
       0
       0
       0
       0
       0
       0
       1
       0
       0
       0
       0
       0
       0
       0
       0
       1
       0
       0
       0
       0
       0
       0
       0
       0
       0
       0
       0
       0
       0
       0
       0
       0
       0
       0
       0
       0
       1
       0
       0
       0
       0
       0
       0
       1
       0
       0
       0
       0
       0
       0
       0
       0
       0
       0
       0
       1
       0
       0
       0
       0
       0
       0
       0
       0
       0
       0
       0
       0
       0
       0
       0
       0
       0
       0
       0
       2
       0
       0
       0
       0
       0
       0
       0
       0
       0
       1
       0
       0
       0
       0
       0
       0
       0
       0
       2
       0
       1
       0
       0
       0
       2
       1
       0
       0
       0
       1
       0
       0
       0
       0
       0
       0
       0
       0
       0
       0
       0
       0
       0
       0
       0
       1
       0
       0
       0
       1
       0
       0
       0
       0
       0
       0
       0
       0
       0
       0
       0
       2
       0
       0
       0
       0
       1
       0
       0
       1
       0
       0
       0
       0
       0
       0
       0
       0
       0
       0
       0
       1
       0
       0
       0
       0
       0
       0
       0
       0
       0
       0
       0
       0
       0
       0
       0
       0
       0
       0
       0
       0
       0
       0
       0
       1
       0
       0
       0
       0
       0
       0
       0
       0
       0
       0
       0
       0
       0
       0
       0
       0
       0
       0
       1
       1
       0
       0
       1
       0
       1
       0
       0
       0
       0
       0
       0
       0
       0
       0
       0
       1
       0
       0
       0
       0
       0
       0
       1
       0
       0
       0
       0
       0
       0
       0
       0
       0
       0
       0
       0
       0
       0
       0
       0
       0
       0
       0
       0
       0
       0
       0
       0
       0
       0
       0
       0
       0
       0
       1
       1
       0
       0
       0
       0
       0
       0
       0
       0
       0
       0
       0
       0
       0
       0
       0
       0
       0
       0
       0
       0
       0
       0
       0
       0
       0
       0
       0
       0
       0
       0
       0
       0
       0
       0
       0
       0
       0
       0
       0
       0
       0
       0
       0
       0
       0
       0
       0
       0
       0
       0
       0
       0
       0
       1
       0
       0
       0
       0
       0
       0
       0
       0
       0
       0
       0
       0
       0
       0
       0
       0
       0
       0
       0
       0
       0
       0
       0
       0
       0
       0
       0
       0
       0
       0
       0
       0
       0
       0
       0
       0
       0
       0
       0
       0
       0
       0
       0
       0
       0
       0
       0
       0
       0
       0
       0
       0
       0
       0
       0
       0
       0
       0
       1
       0
       1
       0
       0
       1
       0
       0
       0
       0
       0
       0
       0
       0
       1
       0
       1
       0
       0
       0
       0
       0
       0
       0
       0
       0
       0
       0
       0
       0
       0
       0
       0
       0
       0
       0
       0
       0
       0
       0
       0
       0
       0
       0
       0
       1
       0
       0
       0
       0
       0
       0
       0
       0
       0
       0
       0
       0
       0
       0
       1
       0
       0
       0
       0
       0
       0
       0
       0
       0
       0
       0
       1
       0
       0
       0
       0
       0
       0
       0
       0
       0
       0
       0
       0
       0
       0
       0
       0
       0
       1
       0
       0
       0
       0
       0
       0
       0
       0
       0
       0
       0
       0
       0
       0
       0
       0
       0
       0
       0
       0
       0
       0
       0
       0
       1
       0
       0
       0
       0
       0
       0
       0
       0
       0
       0
       0
       0
       0
       0
       0
       0
       0
       0
       0
       2
       0
       0
       1
       0
       0
       0
       0
       0
       0
       0
       0
       0
       0
       0
       0
       0
       0
       0
       0
       0
       0
       0
       0
       0
       0
       0
       0
       0
       0
       0
       0
       0
       1
       0
       0
       0
       0
       0
       0
       0
       0
       0
       0
       1
       0
       0
       0
       0
       0
       0
       0
       0
       0
       0
       0
       0
       0
       0
       0
       0
       0
       0
       0
       0
       0
       0
       0
       0
       0
       0
       0
       0
       0
       0
       0
       0
       0
       0
       0
       0
       0
       0
       0
       0
       0
       0
       0
       0
       0
       0
       0
       0
       0
       0
       0
       0
       0
       0
       0
       0
       0
       0
       0
       0
       0
       0
       0
       0
       0
       0
       0
       1
       0
       0
       0
       0
       0
       0
       1
       0
       0
       1
       0
       0
       0
       0
       0
       0
       0
       0
       0
       2
       0
       0
       0
       0
       0
       0
       1
       0
       0
       0
       0
       0
       0
       0
       0
       0
       0
       0
       0
       0
       0
       0
       0
       0
       0
       0
       0
       0
       0
       0
       0
       0
       0
       0
       0
       0
       0
       0
       0
       0
       0
       0
       0
       1
       0
       0
       0
       0
       0
       0
       0
       0
       0
       0
       0
       0
       0
       0
       0
       0
       0
       0
       0
       0
       0
       0
       0
       0
       0
       0
       0
       0
       0
       0
       0
       1
       0
       0
       0
       0
       0
       0
       0
       0
       0
       0
       0
       0
       0
       0
       0
       0
       0
       0
       0
       0
       0
       0
       0
       0
       0
       0
       0
       0
       1
       0
       0
       0
       0
       0
       0
       0
       0
       0
       0
       0
       0
       0
       0
       0
       0
       0
       0
       0
       0
       0
       0
       0
       0
       0
       0
       0
       0
       0
       0
       0
       0
       0
       0
       0
       0
       0
       1
       0
       0
       0
       0
       0
       0
       0
       0
       0
       0
       0
       0
       0
       0
       0
       0
       0
       0
       0
       0
       0
       0
       0
       0
       0
       0
       0
       0
       0
       0
       0
       0
       0
       0
       0
       0
       0
       1
       0
       0
       0
       1
       0
       0
       0
       0
       0
       0
       0
       0
       0
       0
       0
       0
       0
       1
       0
       0
       0
       0
       0
       0
       0
       0
       0
       0
       0
       0
       0
       0
       0
       0
       0
       1
       0
       0
       0
       0
       0
       0
       0
       0
       0
       1
       0
       0
       0
       0
       0
       0
       0
       0
       0
       0
       0
       0
       0
       0
       0
       0
       0
       0
       0
       0
       0
       0
       0
       0
       0
       0
       0
       0
       0
       0
       0
       0
       0
       0
       0
       0
       0
       0
       0
       0
       0
       0
       0
       0
       0
       0
       0
       0
       0
       0
       0
       0
       0
       0
       0
       0
       1
       0
       0
       0
       0
       0
       0
       0
       0
       0
       0
       0
       1
       0
       0
       0
       0
       0
       0
       0
       0
       0
       0
       0
       0
       0
       0
       0
       0
       0
       0
       0
       0
       0
       0
       0
       0
       0
       0
       0
       0
       0
       0
       0
       0
       0
       0
       0
       0
       1
       0
       0
       0
       0
       0
       0
       0
       0
       0
       0
       0
       0
       0
       0
       0
       0
       0
       0
       0
       0
       0
       0
       0
       0
       0
       0
       1
       0
       0
       0
       1
       0
       0
       0
       0
       0
       0
       0
       0
       0
       0
       0
       0
       0
       0
       0
       0
       1
       0
       0
       0
       0
       0
       0
       0
       0
       0
       0
       0
       0
       0
       0
       0
       0
       0
       0
       0
       0
       0
       0
       0
       0
       0
       0
       0
       0
       0
       0
       0
       0
       0
       0
       0
       0
       0
       0
       0
       0
       0
       0
       0
       0
       0
       0
       0
       0
       0
       0
       0
       0
       0
       0
       0
       0
       0
       0
       0
       0
       0
       0
       0
       0
       0
       0
       0
       0
       0
       0
       0
       0
       0
       0
       0
       0
       0
       0
       0
       0
       0
       0
       0
       0
       0
       0
       0
       1
       0
       0
       0
       0
       0
       0
       0
       0
       0
       0
       0
       0
       0
       0
       0
       0
       0
       0
       0
       0
       0
       0
       0
       0
       0
       1
       0
       0
       0
       0
       0
       0
       0
       0
       0
       0
       0
       0
       0
       0
       0
       0
       0
       0
       0
       0
       0
       0
       0
       0
       0
       0
       0
       0
       0
       0
       0
       0
       1
       0
       0
       0
       0
       0
       0
       0
       0
       0
       0
       1
       0
       0
       0
       0
       0
       0
       0
       0
       0
       0
       0
       1
       0
       0
       0
       0
       0
       0
       0
       0
       0
       0
       0
       0
       0
       0
       0
       0
       0
       0
       0
       0
       0
       0
       0
       0
       0
       0
       0
       0
       0
       0
       0
       0
       0
       1
       0
       0
       0
       0
       0
       0
       0
       0
       0
       0
       0
       0
       0
       0
       0
       0
       0
       1
       0
       0
       0
       0
       0
       0
       0
       0
       0
       0
       0
       0
       0
       0
       0
       0
       0
       0
       0
       0
       0
       1
       0
       0
       0
       0
       0
       0
       0
       0
       0
       0
       0
       0
       0
       0
       0
       0
       0
       0
       0
       0
       0
       0
       0
       0
       0
       0
       0
       0
       0
       0
       0
       0
       0
       0
       0
       0
       0
       0
       0
       0
       0
       0
       0
       0
       0
       0
       0
       0
       0
       0
       0
       0
       0
       0
       0
       0
       0
       0
       0
       0
       0
       0
       0
       0
       0
       0
       0
       0
       0
       0
       0
       0
       0
       0
       0
       0
       0
       0
       0
       0
       0
       0
       0
       0
       0
       0
       0
       0
       0
       0
       0
       1
       0
       0
       0
       0
       0
       0
       0
       0
       0
       0
       0
       0
       0
       0
       0
       0
       0
       0
       0
       0
       0
       0
       0
       0
       0
       0
       0
       0
       0
       0
       0
       0
       0
       0
       0
       0
       0
       0
       0
       0
       0
       0
       0
       0
       0
       0
       0
       0
       0
       0
       0
       0
       0
       0
       0
       0
       0
       0
       0
       0
       0
       0
       0
       0
       0
       0
       0
       0
       0
       0
       0
       0
       0
       0
       0
       0
       0
       0
       0
       0
       0
       0
       0
       1
       0
       0
       0
       0
       0
       0
       0
       0
       0
       0
       0
       0
       0
       0
       0
       0
       0
       0
       0
       0
       0
       0
       0
       0
       0
       0
       0
       0
       0
       0
       0
       0
       0
       0
       0
       0
       0
       1
       0
       0
       0
       0
       0
       0
       0
       0
       0
       0
       0
       0
       0
       0
       0
       0
       0
       0
       0
       0
       0
       0
       0
       0
       0
       0
       0
       0
       1
       0
       0
       0
       0
       0
       0
       0
       0
       0
       0
       0
       0
       0
       0
       0
       0
       0
       0
       0
       0
       0
       0
       0
       0
       0
       0
       0
       0
       0
       0
       0
       0
       0
       0
       0
       0
       0
       0
       0
       0
       0
       0
       0
       0
       0
       0
       0
       0
       0
       0
       0
       0
       0
       0
       0
       0
       0
       0
       0
       0
       0
       0
       0
       0
       0
       0
       0
       0
       0
       0
       0
       0
       0
       0
       0
       0
       0
       0
       0
       0
       0
       0
       0
       0
       0
       0
       0
       0
       0
       0
       0
       1
       0
       0
       1
       1
       0
       0
       0
       0
       1
       0
       0
       0
       0
       0
       0
       0
       0
       0
       0
       0
       0
       0
       0
       0
       0
       0
       0
       0
       0
       0
       0
       0
       0
       0
       0
       0
       0
       0
       0
       0
       0
       0
       0
       0
       0
       0
       0
       0
       0
       0
       0
       0
       0
       0
       0
       0
       0
       0
       0
       0
       0
       0
       0
       0
       0
       0
       0
       0
       0
       0
       0
       0
       0
       0
       0
       0
       0
       0
       0
       0
       0
       0
       0
       0
       0
       0
       0
       0
       0
       0
       0
       0
       0
       0
       0
       0
       0
       0
       0
       0
       0
       0
       1
       0
       0
       0
       0
       0
       0
       0
       0
       0
       0
       0
       0
       0
       0
       0
       0
       0
       0
       0
       0
       0
       0
       0
       0
       0
       0
       1
       1
       0
       0
       0
       0
       0
       0
       0
       0
       0
       0
       0
       0
       0
       0
       0
       0
       0
       0
       0
       0
       0
       0
       0
       0
       0
       0
       0
       0
       0
       0
       0
       0
       0
       0
       0
       0
       0
       0
       0
       0
       0
       0
       0
       0
       0
       0
       0
       0
       1
       0
       0
       0
       0
       0
       0
       1
       0
       0
       0
       0
       0
       0
       0
       0
       0
       0
       0
       0
       1
       0
       0
       0
       0
       0
       0
       0
       0
       0
       0
       0
       0
       0
       0
       0
       0
       0
       0
       0
       0
       0
       0
       0
       0
       0
       0
       0
       0
       0
       0
       0
       0
       0
       0
       0
       0
       0
       0
       0
       0
       0
       0
       0
       0
       0
       0
       0
       0
       0
       0
       0
       0
       0
       0
       0
       0
       0
       0
       0
       0
       0
       0
       0
       0
       0
       0
       0
       0
       0
       0
       0
       0
       0
       0
       0
       0
       0
       0
       0
       0
       0
       0
       0
       0
       0
       0
       0
       0
       0
       0
       0
       0
       0
       0
       0
       0
       0
       0
       0
       0
       0
       0
       0
       0
       0
       0
       0
       0
       1
       0
       0
       0
       0
       0
       0
       0
       0
       0
       0
       0
       0
       0
       0
       0
       0
       0
       0
       0
       0
       0
       0
       0
       0
       0
       0
       0
       0
       0
       0
       0
       1
       0
       0
       0
       0
       0
       0
       0
       0
       0
       0
       0
       0
       0
       0
       0
       0
       0
       0
       0
       0
       0
       0
       0
       0
       0
       0
       0
       0
       0
       0
       0
       0
       0
       0
       0
       0
       0
       0
       0
       2
       0
       0
       0
       0
       0
       0
       0
       0
       0
       0
       0
       0
       0
       0
       0
       0
       0
       0
       0
       0
       0
       0
       0
       0
       0
       0
       0
       0
       0
       0
       0
       0
       0
       0
       0
       0
       0
       0
       0
       0
       0
       1
       0
       0
       0
       0
       0
       0
       0
       0
       0
       0
       0
       0
       0
       1
       0
       0
       0
       0
       0
       0
       0
       0
       0
       0
       0
       0
       0
       0
       0
       0
       0
       0
       0
       0
       0
       0
       0
       0
       0
       0
       0
       0
       0
       0
       0
       0
       0
       0
       0
       0
       0
       0
       0
       0
       0
       0
       0
       0
       0
       0
       0
       0
       0
       0
       0
       0
       0
       0
       0
       0
       0
       0
       0
       0
       0
       0
       0
       0
       0
       0
       0
       0
       0
       0
       0
       0
       0
       0
       0
       0
       0
       0
       0
       0
       0
       0
       0
       0
       0
       0
       0
       0
       0
       0
       0
       0
       0
       0
       0
       0
       0
       0
       0
       0
       0
       0
       0
       0
       0
       0
       0
       0
       0
       0
       0
       0
       0
       0
       0
       0
       0
       0
       0
       0
       0
       0
       0
       0
       0
       0
       0
       0
       0
       0
       0
       0
       0
       0
       0
       0
       0
       0
       0
       0
       0
       0
       0
       0
       0
       0
       0
       0
       0
       0
       0
       0
       0
       0
       0
       1
       0
       0
       0
       0
       0
       0
       0
       0
       0
       0
       0
       0
       0
       0
       0
       0
       0
       0
       0
       0
       0
       0
       0
       0
       0
       0
       0
       0
       0
       0
       0
       0
       0
       0
       0
       0
       0
       0
       0
       0
       0
       0
       0
       0
       0
       0
       1
       0
       0
       0
       0
       0
       0
       0
       0
       0
       0
       0
       0
       0
       0
       0
       0
       0
       0
       0
       0
       0
       0
       0
       0
       0
       0
       0
       0
       0
       0
       0
       0
       0
       0
       0
       0
       0
       0
       0
       0
       0
       0
       0
       0
       0
       0
       0
       0
       0
       0
       0
       0
       0
       0
       0
       0
       0
       0
       0
       0
       0
       0
       0
       0
       0
       0
       0
       0
       0
       0
       0
       0
       0
       0
       0
       0
       0
       0
       0
       0
       0
       0
       0
       0
       0
       0
       0
       0
       0
       0
       0
       0
       0
       0
       0
       0
       0
       0
       0
       0
       0
       0
       0
       0
       0
       0
       0
       0
       0
       0
       0
       0
       0
       0
       0
       0
       0
       0
       0
       0
       0
       0
       0
       0
       0
       0
       0
       0
       0
       0
       0
       0
       0
       0
       0
       0
       0
       0
       0
       0
       0
       0
       0
       0
       0
       0
       0
       0
       0
       0
       0
       0
       0
       0
       0
       0
       0
       0
       0
       0
       0
       0
       0
       0
       0
       0
       0
       0
       0
       0
       0
       0
       0
       0
       0
       0
       0
       0
       1
       0
       0
       0
       0
       0
       0
       0
       0
       0
       0
       0
       0
       0
       0
       0
       0
       0
       0
       0
       0
       0
       0
       0
       0
       0
       0
       0
       0
       0
       0
       0
       0
       0
       0
       0
       0
       0
       0
       0
       0
       0
       0
       0
       0
       0
       0
       0
       0
       0
       0
       0
       0
       0
       0
       0
       0
       0
       0
       0
       0
       0
       0
       0
       0
       0
       0
       0
       0
       0
       0
       0
       0
       0
       0
       0
       0
       0
       0
       0
       0
       0
       0
       0
       0
       0
       0
       0
       0
       0
       0
       0
       0
       0
       0
       0
       0
       0
       0
       0
       0
       0
       0
       0
       0
       0
       0
       0
       0
       0
       0
       0
       0
       0
       0
       0
       0
       0
       0
       0
       0
       0
       0
       0
       0
       0
       0
       0
       0
       0
       0
       0
       0
       0
       0
       0
       0
       0
       0
       0
       0
       0
       0
       0
       0
       0
       0
       0
       0
       0
       0
       0
       0
       0
       0
       0
       0
       0
       0
       0
       0
       0
       0
       0
       1
       0
       0
       0
       0
       0
       0
       0
       0
       0
       0
       0
       0
       0
       0
       0
       0
       0
       0
       0
       0
       0
       0
       0
       0
       0
       0
       0
       0
       0
       0
       0
       0
       0
       0
       0
       0
       0
       0
       0
       0
       0
       0
       0
       0
       0
       0
       0
       0
       0
       0
       0
       0
       0
       0
       0
       0
       0
       0
       0
       0
       0
       0
       0
       0
       0
       0
       0
       0
       0
       0
       0
       0
       0
       0
       0
       0
       0
       0
       0
       0
       0
       1
       0
       0
       0
       0
       0
       0
       0
       0
       0
       0
       1
       0
       0
       0
       0
       0
       0
       0
       0
       0
       0
       0
       0
       0
       0
       0
       0
       0
       0
       0
       0
       0
       0
       0
       0
       0
       0
       0
       0
       0
       0
       0
       0
       0
       0
       0
       0
       0
       0
       0
       0
       0
       0
       0
       0
       0
       0
       0
       0
       0
       0
       0
       0
       0
       0
       0
       0
       0
       0
       0
       0
       0
       0
       0
       0
       0
       0
       0
       0
       0
       0
       0
       0
       1
       0
       0
       0
       0
       0
       0
       0
       0
       0
       0
       0
       0
       0
       0
       0
       0
       0
       0
       0
       0
       0
       0
       0
       0
       0
       0
       0
       0
       0
       0
       0
       0
       0
       0
       0
       0
       0
       0
       0
       0
       0
       0
       0
       0
       0
       0
       0
       0
       0
       0
       0
       0
       0
       0
       0
       0
       0
       0
       0
       0
       0
       0
       0
       0
       0
       0
       0
       0
       0
       0
       0
       0
       0
       0
       0
       0
       0
       0
       0
       0
       0
       0
       0
       0
       0
       0
       0
       0
       0
       0
       0
       0
       0
       0
       0
       0
       0
       0
       0
       0
       0
       0
       0
       0
       0
       0
       0
       0
       0
       0
       0
       0
       0
       0
       0
       0
       0
       0
       0
       0
       0
       0
       0
       0
       0
       0
       0
       0
       0
       0
       0
       0
       0
       0
       0
       0
       0
       0
       0
       0
       0
       0
       0
       0
       0
       0
       0
       0
       0
       0
       0
       0
       0
       0
       0
       0
       0
       0
       0
       0
       0
       0
       1
       0
       0
       0
       0
       0
       0
       0
       0
       0
       0
       0
       0
       0
       0
       0
       0
       0
       0
       1
       0
       0
       0
       0
       1
       0
       0
       0
       0
       0
       0
       0
       0
       0
       0
       0
       0
       0
       0
       0
       0
       0
       0
       0
       0
       0
       0
       0
       0
       0
       0
       0
       0
       0
       0
       0
       0
       0
       0
       0
       0
       0
       0
       0
       0
       0
       0
       0
       0
       0
       0
       0
       0
       0
       0
       0
       0
       0
       0
       0
       0
       0
       0
       0
       0
       0
       0
       0
       0
       0
       0
       0
       0
       0
       0
       0
       0
       0
       0
       0
       0
       0
       0
       0
       0
       0
       0
       0
       0
       0
       0
       0
       0
       0
       0
       0
       0
       0
       0
       0
       0
       0
       0
       0
       0
       1
       0
       0
       0
       0
       0
       0
       0
       0
       0
       0
       0
       0
       0
       0
       0
       0
       0
       0
       0
       0
       0
       0
       0
       0
       0
       0
       1
       0
       0
       0
       0
       0
       0
       0
       0
       0
       0
       0
       0
       0
       0
       0
       0
       0
       0
       0
       0
       0
       0
       0
       0
       0
       0
       0
       0
       1
       0
       0
       1
       0
       0
       0
       0
       0
       0
       0
       0
       0
       0
       0
       0
       0
       0
       0
       0
       0
       0
       0
       0
       0
       0
       0
       0
       0
       0
       0
       0
       0
       0
       0
       0
       0
       0
       0
       0
       0
       0
       0
       0
       0
       0
       0
       0
       0
       0
       0
       0
       0
       0
       0
       0
       0
       0
       0
       0
       0
       0
       0
       0
       0
       0
       0
       0
       0
       0
       0
       0
       0
       0
       0
       0
       0
       0
       0
       0
       0
       0
       0
       0
       0
       0
       0
       0
       0
       0
       0
       0
       0
       0
       0
       0
       0
       0
       0
       0
       0
       0
       0
       0
       0
       0
       0
       0
       0
       0
       0
       0
       0
       0
       0
       0
       0
       1
       0
       0
       0
       0
       0
       0
       0
       0
       0
       0
       0
       0
       0
       0
       0
       0
       0
       0
       0
       0
       0
       0
       0
       0
       0
       0
       0
       0
       0
       0
       0
       0
       0
       0
       0
       0
       0
       0
       0
       0
       0
       0
       0
       0
       0
       0
       0
       0
       0
       0
       0
       0
       0
       0
       0
       0
       0
       0
       0
       0
       0
       0
       0
       0
       0
       0
       0
       0
       0
       0
       0
       0
       0
       0
       0
       0
       0
       0
       0
       0
       0
       0
       0
       0
       0
       0
       1
       0
       0
       0
       0
       0
       0
       0
       0
       0
       0
       0
       0
       0
       0
       0
       0
       0
       0
       0
       0
       0
       0
       0
       0
       0
       0
       0
       0
       0
       0
       0
       0
       0
       0
       0
       0
       0
       0
       0
       0
       0
       0
       0
       0
       0
       0
       0
       0
       0
       0
       0
       0
       0
       0
       0
       0
       0
       0
       0
       0
       0
       0
       0
       0
       0
       0
       0
       0
       0
       0
       0
       0
       0
       0
       0
       0
       0
       0
       0
       0
       0
       0
       0
       0
       0
       0
       0
       0
       0
       0
       0
       0
       0
       0
       0
       0
       0
       0
       0
       0
       0
       0
       0
       0
       0
       0
       0
       0
       0
       0
       0
       0
       0
       0
       0
       0
       0
       0
       0
       0
       0
       0
       0
       0
       0
       0
       0
       0
       0
       0
       0
       0
       0
       0
       0
       0
       0
       0
       0
       0
       0
       0
       0
       0
       0
       0
       0
       0
       0
       0
       0
       0
       0
       0
       0
       0
       0
       0
       0
       0
       0
       0
       0
       0
       0
       0
       0
       0
       0
       0
       0
       0
       0
       0
       0
       0
       0
       0
       0
       0
       0
       0
       0
       0
       0
       0
       0
       0
       0
       0
       0
       0
       0
       0
       1
       0
       0
       0
       0
       0
       0
       0
       0
       0
       0
       0
       0
       0
       0
       0
       0
       0
       0
       0
       0
       0
       0
       0
       0
       0
       0
       0
       0
       0
       0
       0
       0
       0
       0
       0
       0
       0
       0
       0
       0
       0
       0
       0
       0
       0
       0
       0
       0
       0
       0
       0
       0
       0
       0
       0
       0
       0
       0
       0
       0
       0
       0
       0
       0
       0
       0
       0
       0
       0
       0
       0
       0
       0
       0
       0
       0
       0
       0
       0
       0
       0
       0
       0
       0
       0
       0
       0
       0
       0
       0
       0
       0
       0
       0
       0
       0
       0
       0
       0
       0
       0
       0
       0
       0
       0
       0
       0
       0
       0
       0
       0
       0
       0
       0
       0
       0
       0
       0
       0
       0
       0
       0
       0
       0
       0
       0
       0
       0
       0
       0
       0
       0
       0
       0
       0
       0
       0
       0
       0
       0
       0
       0
       0
       0
       0
       0
       0
       0
       0
       0
       0
       0
       0
       0
       0
       0
       0
       0
       0
       0
       0
       0
       0
       0
       0
       0
       0
       0
       0
       0
       0
       0
       0
       0
       0
       0
       0
       0
       0
       0
       0
       0
       0
       0
       0
       0
       0
       0
       0
       0
       0
       0
       0
       0
       0
       0
       0
       0
$ROI:
2
2765 2788
2820 2882
$PRESETS:
None
0
0
$ENER_FIT:
0.000000 0.402997
$MCA_CAL:
3
0.000000E+000 4.029968E-001 0.000000E+000 keV
$SHAPE_CAL:
3
0.000000E+000 0.000000E+000 0.000000E+000
