 996.78089    4.00000
 996.84601    9.00000
 996.91112   15.00000
 996.97624   10.00000
 997.04136    5.00000
 997.10648   12.00000
 997.17159   11.00000
 997.23671   14.00000
 997.30183    7.00000
 997.36694   10.00000
 997.43206   10.00000
 997.49718   12.00000
 997.56229   11.00000
 997.62741   11.00000
 997.69253   10.00000
 997.75765   17.00000
 997.82276   18.00000
 997.88788   17.00000
 997.95300   11.00000
 998.01811   19.00000
 998.08323   19.00000
 998.14835   22.00000
 998.21347   27.00000
 998.27858   31.00000
 998.34370   27.00000
 998.40882   30.00000
 998.47393   29.00000
 998.53905   45.00000
 998.60417   56.00000
 998.66928   59.00000
 998.73440   67.00000
 998.79952   68.00000
 998.86464   78.00000
 998.92975   82.00000
 998.99487   78.00000
 999.05999   79.00000
 999.12510   91.00000
 999.19022  118.00000
 999.25534  131.00000
 999.32046  121.00000
 999.38557  144.00000
 999.45069  135.00000
 999.51581  147.00000
 999.58092  145.00000
 999.64604  175.00000
 999.71116  153.00000
 999.77627  193.00000
 999.84139  173.00000
 999.90651  199.00000
 999.97163  172.00000
1000.03674  175.00000
1000.10186  146.00000
1000.16698  158.00000
1000.23209  166.00000
1000.29721  161.00000
1000.36233  151.00000
1000.42745  152.00000
1000.49256  160.00000
1000.55768  126.00000
1000.62280  112.00000
1000.68791  114.00000
1000.75303  104.00000
1000.81815   88.00000
1000.88326  107.00000
1000.94838  102.00000
1001.01350   78.00000
1001.07862   61.00000
1001.14373   56.00000
1001.20885   63.00000
1001.27397   55.00000
1001.33908   46.00000
1001.40420   30.00000
1001.46932   35.00000
1001.53444   36.00000
1001.59955   33.00000
1001.66467   26.00000
1001.72979   25.00000
1001.79490   24.00000
1001.86002   25.00000
1001.92514   11.00000
1001.99025   23.00000
1002.05537   16.00000
1002.12049   18.00000
1002.18561   17.00000
1002.25072   18.00000
1002.31584   13.00000
1002.38096   11.00000
1002.44607   12.00000
1002.51119   11.00000
1002.57631    7.00000
1002.64143    7.00000
1002.70654   12.00000
1002.77166   11.00000
1002.83678   10.00000
1002.90189   12.00000
1002.96701   10.00000
1003.03213    9.00000
1003.09724   10.00000
1003.16236   15.00000
1003.22748    5.00000
