$SPEC_ID:
Background
$SPEC_REM:
DET# 1
DETDESC# DETECTOR 1
AP# Maestro Version 7.01
$DATE_MEA:
02/12/2017 17:55:37
$MEAS_TIM:
3788 3814
$DATA:
0 8191
       0
       0
       0
       0
       0
       0
       0
       0
       0
       0
       0
       0
       0
       0
       0
       0
       0
       0
       0
       0
       0
       0
       0
       0
       0
       0
       0
       0
       0
       0
       0
       0
       0
       0
       0
       0
       0
       0
       0
       0
       0
       0
       0
       0
       0
       0
       0
       0
       0
       0
       0
       0
       0
       0
       0
       0
       0
       0
       0
       0
       0
       0
       0
       0
       0
       0
       0
       0
       0
       0
       0
       0
       0
       0
      53
     978
    1970
    2061
    2122
    2014
    2024
    2005
    1956
    2006
    2028
    1977
    2032
    1952
    1975
    2050
    2016
    2094
    1918
    2062
    2024
    1926
    1955
    1945
    2000
    2049
    1974
    1968
    2050
    2086
    1950
    1934
    2043
    2059
    2002
    1894
    1954
    1917
    1985
    2054
    2026
    1956
    1999
    2022
    2019
    2049
    1961
    2024
    2009
    1971
    2038
    1997
    2004
    2050
    2001
    2008
    1940
    2046
    1916
    2045
    2010
    2049
    1976
    2059
    2052
    2047
    2014
    2075
    2078
    2079
    2091
    2122
    2025
    2129
    2105
    2072
    2178
    2031
    2072
    2061
    2137
    2085
    2131
    2169
    2190
    2216
    2254
    2230
    2180
    2122
    2195
    2212
    2304
    2245
    2288
    2224
    2338
    2332
    2213
    2414
    2358
    2365
    2228
    2403
    2372
    2398
    2371
    2372
    2324
    2405
    2437
    2372
    2462
    2439
    2559
    2706
    3004
    3451
    3991
    4297
    4484
    4610
    4891
    5016
    5464
    5810
    5589
    4996
    4247
    3627
    2957
    2537
    2493
    2333
    2298
    2306
    2304
    2392
    2302
    2349
    2416
    2418
    2375
    2407
    2379
    2555
    2566
    2736
    2991
    3297
    3688
    3649
    3770
    3523
    3347
    3116
    2856
    2868
    2892
    2778
    2704
    2642
    2578
    2354
    2401
    2414
    2310
    2417
    2300
    2335
    2371
    2436
    2359
    2479
    2302
    2451
    2403
    2318
    2272
    2364
    2411
    2415
    2438
    2393
    2356
    2379
    2426
    2399
    2475
    2476
    2372
    2373
    2502
    2447
    2459
    2415
    2542
    2480
    2361
    2409
    2465
    2547
    2466
    2508
    2593
    2523
    2596
    2521
    2487
    2488
    2574
    2503
    2456
    2530
    2555
    2604
    2534
    2645
    2520
    2680
    2620
    2686
    2657
    2666
    2690
    2570
    2705
    2778
    2718
    2757
    2703
    2725
    2780
    2751
    2728
    2739
    2729
    2747
    2759
    2763
    2833
    2781
    2688
    2773
    2854
    2726
    2772
    2805
    2803
    2840
    2799
    2894
    2765
    2793
    2840
    2912
    2876
    2814
    2881
    2938
    2806
    2944
    2807
    2828
    2983
    2772
    2828
    2817
    2900
    2946
    2910
    2848
    2758
    2897
    2795
    2882
    2851
    2835
    2872
    2878
    2851
    2833
    2909
    2938
    2891
    2879
    2830
    2901
    2751
    2795
    2883
    2920
    2900
    2814
    2894
    2824
    2877
    2780
    2812
    2835
    2868
    2818
    2977
    2895
    2919
    2824
    2959
    2812
    2867
    2861
    2732
    2783
    2743
    2871
    2749
    2749
    2862
    2916
    2791
    2924
    2812
    2789
    2780
    2920
    2765
    2839
    2849
    2778
    2749
    2759
    2782
    2845
    2815
    2741
    2693
    2691
    2729
    2761
    2808
    2792
    2772
    2745
    2688
    2660
    2687
    2666
    2736
    2724
    2737
    2753
    2729
    2823
    2662
    2628
    2759
    2649
    2760
    2672
    2635
    2715
    2654
    2822
    2773
    2777
    2813
    2759
    2711
    2715
    2771
    2754
    2849
    2762
    2891
    2886
    2983
    2890
    2952
    3028
    3023
    3214
    3252
    3293
    3161
    3182
    3322
    3411
    3420
    3446
    3416
    3458
    3346
    3458
    3412
    3555
    3533
    3443
    3441
    3433
    3482
    3464
    3513
    3476
    3544
    3424
    3571
    3423
    3611
    3421
    3536
    3466
    3545
    3458
    3568
    3455
    3482
    3564
    3486
    3526
    3487
    3515
    3591
    3538
    3461
    3424
    3587
    3370
    3445
    3505
    3420
    3472
    3470
    3429
    3403
    3547
    3399
    3533
    3555
    3575
    3489
    3342
    3444
    3488
    3505
    3438
    3444
    3435
    3461
    3378
    3396
    3493
    3430
    3375
    3413
    3399
    3334
    3345
    3361
    3299
    3421
    3266
    3336
    3278
    3272
    3153
    3299
    3199
    3326
    3300
    3249
    3174
    3199
    3204
    3303
    3189
    3175
    3104
    3156
    3169
    3069
    3191
    3122
    3096
    3125
    3167
    3078
    3073
    3053
    3116
    3075
    3097
    3077
    3012
    3045
    3067
    3044
    3142
    3089
    2984
    3003
    2989
    3035
    2966
    2966
    2931
    3017
    2981
    2916
    3042
    2983
    2909
    2881
    2974
    2850
    2849
    2871
    2837
    2926
    2872
    2913
    2778
    2792
    2803
    2830
    2756
    2807
    2690
    2830
    2861
    2750
    2818
    2774
    2738
    2705
    2760
    2713
    2728
    2716
    2757
    2688
    2640
    2684
    2676
    2697
    2618
    2700
    2630
    2699
    2585
    2599
    2761
    2561
    2616
    2689
    2654
    2599
    2647
    2587
    2464
    2543
    2633
    2551
    2618
    2573
    2631
    2523
    2490
    2568
    2495
    2544
    2679
    2597
    2639
    2474
    2526
    2548
    2466
    2498
    2441
    2618
    2472
    2444
    2488
    2480
    2450
    2489
    2470
    2456
    2479
    2496
    2537
    2478
    2436
    2463
    2461
    2468
    2436
    2383
    2473
    2379
    2495
    2383
    2492
    2429
    2496
    2407
    2399
    2377
    2371
    2445
    2425
    2381
    2431
    2358
    2367
    2312
    2388
    2346
    2335
    2404
    2463
    2357
    2331
    2362
    2382
    2299
    2404
    2399
    2368
    2386
    2318
    2408
    2227
    2302
    2206
    2236
    2344
    2304
    2334
    2257
    2313
    2309
    2318
    2390
    2325
    2270
    2210
    2317
    2321
    2177
    2309
    2196
    2290
    2310
    2237
    2190
    2206
    2282
    2269
    2237
    2290
    2232
    2311
    2265
    2213
    2243
    2205
    2261
    2340
    2255
    2258
    2295
    2223
    2164
    2288
    2177
    2305
    2313
    2297
    2220
    2270
    2184
    2180
    2209
    2213
    2257
    2292
    2191
    2208
    2195
    2211
    2199
    2214
    2325
    2243
    2252
    2272
    2274
    2183
    2250
    2256
    2282
    2225
    2230
    2240
    2255
    2221
    2255
    2191
    2233
    2244
    2266
    2219
    2219
    2264
    2235
    2234
    2225
    2278
    2249
    2274
    2217
    2348
    2329
    2313
    2257
    2237
    2257
    2257
    2274
    2258
    2302
    2227
    2179
    2271
    2280
    2249
    2302
    2232
    2225
    2234
    2294
    2277
    2307
    2273
    2283
    2244
    2287
    2237
    2248
    2212
    2281
    2236
    2303
    2282
    2343
    2310
    2345
    2287
    2363
    2246
    2314
    2369
    2265
    2364
    2309
    2312
    2324
    2318
    2299
    2348
    2246
    2373
    2204
    2360
    2325
    2288
    2273
    2339
    2372
    2337
    2338
    2407
    2347
    2372
    2358
    2389
    2303
    2298
    2321
    2348
    2318
    2358
    2320
    2258
    2399
    2318
    2317
    2361
    2334
    2343
    2243
    2313
    2348
    2231
    2316
    2426
    2233
    2258
    2172
    2311
    2265
    2287
    2236
    2292
    2184
    2179
    2215
    2132
    2164
    2075
    2000
    1988
    1932
    1984
    1866
    1919
    1847
    1795
    1768
    1714
    1696
    1695
    1604
    1685
    1555
    1595
    1491
    1582
    1489
    1450
    1469
    1461
    1369
    1487
    1379
    1352
    1359
    1325
    1410
    1337
    1375
    1403
    1299
    1281
    1327
    1348
    1310
    1276
    1298
    1264
    1323
    1301
    1267
    1256
    1207
    1263
    1225
    1256
    1227
    1223
    1222
    1228
    1225
    1111
    1211
    1196
    1201
    1176
    1111
    1167
    1151
    1091
    1136
    1031
    1130
    1128
    1124
    1119
    1090
    1031
    1069
    1043
    1153
    1037
     997
    1083
    1116
    1040
    1043
    1036
    1042
    1009
     996
    1027
    1019
    1001
    1020
     948
    1004
    1018
     948
     971
     980
     977
     976
     976
     984
    1022
     975
     902
     976
     986
     919
     880
     913
     919
     887
     899
     942
     841
     896
     914
     869
     880
     886
     875
     852
     812
     868
     896
     806
     861
     920
     812
     856
     851
     810
     790
     850
     838
     766
     790
     853
     741
     811
     796
     770
     804
     778
     757
     823
     738
     746
     744
     769
     795
     743
     759
     748
     758
     775
     772
     696
     633
     668
     667
     725
     709
     654
     672
     651
     695
     712
     706
     663
     642
     674
     664
     660
     638
     684
     617
     702
     652
     597
     629
     639
     622
     623
     620
     609
     582
     576
     586
     617
     574
     606
     618
     631
     574
     559
     562
     559
     594
     551
     543
     540
     577
     535
     543
     541
     518
     560
     571
     579
     523
     528
     556
     570
     572
     517
     500
     537
     531
     543
     554
     513
     528
     528
     502
     505
     503
     499
     528
     505
     442
     496
     490
     536
     509
     523
     497
     460
     461
     484
     469
     496
     460
     501
     468
     521
     485
     506
     476
     429
     492
     500
     447
     448
     488
     508
     466
     475
     435
     471
     485
     483
     471
     465
     469
     478
     487
     463
     478
     428
     440
     482
     443
     442
     443
     452
     423
     471
     414
     484
     438
     434
     422
     468
     462
     431
     417
     442
     412
     420
     433
     446
     437
     423
     408
     443
     428
     457
     450
     419
     425
     424
     428
     424
     452
     417
     432
     383
     404
     423
     377
     457
     429
     406
     418
     438
     416
     421
     393
     413
     439
     411
     407
     410
     414
     400
     420
     396
     439
     418
     429
     411
     402
     354
     441
     390
     414
     384
     392
     410
     416
     429
     403
     425
     409
     382
     375
     394
     402
     356
     394
     398
     396
     420
     406
     407
     376
     391
     395
     416
     386
     372
     391
     420
     409
     395
     399
     403
     394
     373
     370
     357
     393
     398
     363
     376
     416
     368
     418
     361
     410
     419
     370
     372
     364
     391
     404
     357
     376
     381
     376
     388
     358
     410
     342
     395
     375
     408
     376
     375
     374
     363
     369
     369
     354
     377
     348
     397
     359
     393
     382
     349
     367
     378
     379
     353
     403
     361
     369
     357
     366
     388
     376
     385
     403
     384
     390
     355
     398
     395
     424
     394
     425
     371
     419
     404
     413
     428
     456
     444
     491
     495
     583
     630
     841
    1288
    2006
    3105
    5039
    8090
   12999
   18995
   26609
   35330
   43809
   50956
   54343
   54959
   51255
   44621
   35727
   26960
   19126
   12905
    7930
    4820
    2930
    1695
    1016
     671
     430
     307
     335
     294
     259
     255
     246
     220
     255
     224
     228
     210
     226
     216
     230
     222
     220
     206
     244
     233
     244
     208
     217
     252
     222
     226
     212
     215
     231
     222
     218
     218
     219
     212
     197
     214
     226
     225
     234
     204
     231
     220
     210
     232
     234
     219
     217
     225
     228
     218
     238
     190
     222
     221
     199
     214
     196
     216
     213
     210
     180
     231
     205
     211
     197
     240
     231
     230
     207
     234
     194
     208
     245
     207
     217
     197
     193
     216
     239
     188
     242
     218
     227
     196
     217
     217
     211
     220
     220
     206
     208
     197
     215
     169
     216
     216
     202
     196
     218
     230
     227
     199
     217
     201
     222
     217
     215
     239
     199
     237
     223
     211
     200
     200
     224
     215
     189
     198
     196
     182
     167
     200
     207
     216
     203
     201
     201
     202
     193
     206
     230
     216
     223
     204
     203
     209
     207
     234
     196
     231
     219
     197
     212
     226
     197
     207
     207
     220
     215
     213
     205
     178
     229
     217
     196
     190
     208
     197
     206
     195
     193
     201
     193
     186
     195
     217
     212
     212
     231
     196
     218
     233
     221
     221
     240
     200
     201
     183
     193
     216
     205
     224
     207
     223
     190
     232
     212
     241
     208
     198
     178
     195
     173
     197
     216
     206
     214
     198
     203
     197
     207
     208
     191
     196
     200
     230
     193
     189
     189
     231
     208
     190
     184
     195
     233
     209
     200
     216
     210
     214
     194
     226
     219
     216
     197
     194
     224
     208
     196
     221
     221
     197
     227
     202
     198
     214
     214
     214
     208
     229
     176
     221
     177
     222
     226
     223
     209
     233
     214
     222
     219
     199
     176
     219
     226
     199
     208
     198
     205
     199
     214
     204
     191
     205
     208
     203
     195
     225
     206
     195
     200
     219
     199
     198
     213
     185
     216
     189
     217
     197
     223
     199
     193
     204
     205
     206
     201
     209
     203
     206
     179
     217
     183
     190
     205
     209
     214
     233
     202
     208
     199
     196
     200
     216
     225
     197
     192
     195
     187
     205
     212
     215
     207
     212
     193
     200
     197
     231
     200
     228
     186
     216
     191
     199
     214
     194
     192
     167
     188
     210
     171
     187
     225
     194
     184
     192
     198
     189
     207
     204
     188
     193
     189
     193
     172
     214
     217
     182
     201
     208
     194
     199
     214
     194
     212
     209
     213
     189
     183
     216
     193
     212
     200
     218
     210
     207
     193
     203
     193
     210
     236
     209
     213
     213
     213
     204
     194
     211
     185
     185
     218
     201
     195
     203
     205
     205
     198
     212
     202
     219
     215
     202
     185
     214
     211
     220
     194
     213
     202
     206
     195
     206
     239
     208
     181
     204
     196
     189
     199
     209
     197
     196
     195
     212
     200
     209
     227
     184
     224
     218
     202
     192
     201
     183
     208
     202
     207
     220
     231
     220
     252
     215
     217
     243
     236
     227
     223
     203
     204
     238
     222
     229
     205
     240
     196
     220
     200
     202
     209
     192
     192
     190
     213
     245
     193
     210
     191
     201
     226
     213
     216
     211
     187
     203
     218
     212
     198
     226
     174
     222
     198
     188
     207
     191
     210
     186
     204
     208
     203
     187
     192
     207
     208
     214
     205
     232
     199
     212
     199
     213
     195
     203
     186
     209
     213
     197
     202
     194
     202
     200
     201
     198
     232
     183
     193
     212
     229
     169
     211
     181
     217
     191
     244
     229
     189
     204
     211
     199
     186
     209
     215
     210
     205
     219
     223
     219
     194
     190
     222
     191
     226
     199
     169
     205
     224
     223
     215
     232
     181
     220
     166
     207
     218
     194
     204
     222
     226
     183
     236
     205
     204
     207
     198
     198
     192
     245
     215
     216
     204
     214
     209
     197
     208
     222
     175
     182
     189
     216
     185
     204
     207
     206
     181
     209
     225
     196
     187
     195
     216
     216
     236
     201
     199
     190
     175
     179
     227
     174
     231
     210
     205
     215
     216
     239
     178
     187
     195
     218
     203
     224
     220
     212
     219
     214
     225
     213
     184
     182
     226
     232
     213
     216
     238
     227
     215
     215
     211
     206
     205
     225
     228
     232
     215
     198
     228
     202
     212
     227
     221
     183
     209
     203
     219
     212
     211
     221
     221
     224
     219
     239
     198
     215
     203
     232
     234
     228
     217
     227
     221
     274
     239
     267
     248
     228
     219
     226
     204
     208
     243
     239
     215
     193
     221
     228
     221
     238
     225
     201
     199
     177
     208
     221
     196
     209
     214
     213
     229
     178
     210
     185
     247
     202
     226
     222
     205
     204
     226
     189
     213
     220
     225
     234
     224
     208
     208
     204
     220
     189
     213
     206
     209
     253
     241
     219
     194
     222
     219
     231
     233
     211
     263
     196
     203
     230
     209
     241
     211
     247
     228
     223
     192
     199
     226
     209
     182
     224
     230
     217
     210
     222
     228
     220
     235
     224
     219
     192
     223
     245
     217
     242
     230
     219
     210
     210
     235
     214
     231
     212
     239
     215
     226
     232
     226
     235
     232
     199
     251
     235
     217
     249
     202
     211
     248
     235
     215
     223
     227
     218
     242
     216
     210
     219
     275
     245
     237
     242
     221
     206
     234
     223
     246
     218
     234
     220
     224
     242
     233
     226
     243
     248
     216
     223
     236
     244
     217
     230
     244
     195
     241
     246
     210
     221
     246
     231
     243
     214
     233
     222
     252
     245
     244
     235
     257
     235
     247
     207
     232
     236
     206
     218
     226
     202
     242
     244
     220
     223
     221
     232
     242
     226
     213
     225
     247
     212
     222
     236
     226
     251
     227
     238
     250
     238
     222
     249
     252
     234
     234
     251
     244
     213
     243
     242
     242
     231
     214
     208
     255
     254
     237
     233
     238
     240
     226
     253
     230
     269
     219
     226
     253
     239
     252
     257
     239
     224
     228
     250
     217
     244
     255
     231
     246
     238
     265
     258
     212
     264
     240
     263
     243
     261
     241
     223
     215
     262
     243
     220
     222
     262
     234
     230
     247
     219
     228
     232
     229
     246
     249
     246
     249
     204
     277
     227
     211
     247
     254
     259
     238
     235
     248
     253
     237
     240
     251
     259
     252
     258
     240
     271
     221
     256
     265
     240
     228
     248
     245
     250
     247
     267
     237
     236
     260
     239
     250
     277
     240
     255
     245
     253
     275
     257
     258
     233
     241
     256
     241
     233
     243
     263
     235
     276
     265
     229
     263
     272
     243
     238
     243
     223
     253
     280
     252
     262
     249
     252
     260
     248
     262
     239
     273
     236
     259
     239
     258
     238
     233
     289
     261
     285
     230
     286
     278
     275
     252
     255
     265
     286
     269
     267
     266
     266
     278
     284
     236
     277
     257
     250
     254
     263
     237
     270
     264
     250
     292
     238
     273
     263
     263
     252
     254
     279
     292
     257
     242
     291
     272
     256
     271
     274
     277
     272
     284
     284
     292
     288
     286
     271
     307
     256
     269
     298
     304
     267
     266
     286
     283
     283
     290
     289
     273
     274
     298
     280
     290
     274
     271
     267
     276
     282
     289
     287
     257
     312
     304
     296
     265
     266
     292
     308
     267
     295
     253
     280
     295
     256
     287
     295
     252
     296
     288
     280
     296
     273
     305
     294
     303
     288
     307
     261
     294
     282
     288
     299
     296
     315
     286
     295
     267
     286
     290
     302
     298
     302
     278
     290
     327
     314
     287
     282
     304
     296
     275
     298
     326
     311
     296
     292
     298
     314
     325
     330
     325
     288
     303
     317
     309
     289
     300
     318
     320
     293
     308
     291
     293
     291
     323
     319
     315
     303
     345
     333
     327
     332
     300
     306
     326
     318
     297
     307
     308
     308
     342
     297
     315
     313
     311
     331
     297
     323
     319
     295
     321
     342
     289
     294
     336
     324
     301
     310
     342
     320
     315
     341
     331
     341
     304
     339
     341
     322
     361
     331
     323
     322
     318
     349
     319
     375
     340
     339
     332
     357
     342
     355
     371
     364
     321
     346
     374
     347
     321
     340
     341
     376
     320
     340
     381
     331
     362
     340
     342
     333
     326
     333
     363
     355
     359
     357
     367
     315
     368
     382
     382
     356
     340
     342
     340
     320
     360
     383
     360
     352
     358
     366
     347
     399
     385
     359
     381
     366
     344
     361
     356
     384
     352
     314
     350
     335
     352
     367
     370
     352
     360
     337
     361
     380
     378
     369
     386
     407
     374
     369
     367
     407
     376
     350
     387
     380
     379
     372
     389
     386
     373
     397
     407
     397
     369
     389
     343
     374
     366
     401
     374
     369
     416
     403
     372
     395
     394
     421
     360
     377
     422
     393
     409
     396
     385
     385
     362
     414
     399
     414
     422
     424
     375
     426
     444
     416
     424
     442
     398
     403
     414
     434
     407
     389
     455
     398
     428
     416
     396
     408
     415
     452
     405
     441
     386
     416
     438
     437
     401
     432
     419
     405
     452
     421
     413
     443
     424
     467
     416
     473
     437
     392
     441
     456
     415
     463
     451
     458
     463
     470
     419
     441
     455
     415
     476
     457
     456
     440
     445
     424
     416
     474
     450
     439
     454
     444
     422
     454
     489
     447
     431
     479
     451
     481
     420
     441
     436
     498
     413
     475
     468
     417
     447
     489
     486
     489
     468
     460
     488
     472
     449
     483
     441
     467
     441
     473
     484
     427
     457
     438
     479
     490
     464
     474
     445
     456
     442
     464
     477
     432
     518
     431
     464
     486
     452
     492
     466
     455
     439
     462
     407
     443
     415
     477
     420
     390
     444
     408
     411
     373
     415
     346
     380
     369
     355
     376
     352
     300
     352
     318
     294
     329
     303
     321
     297
     305
     309
     304
     333
     317
     302
     288
     283
     270
     285
     279
     270
     277
     294
     312
     251
     236
     288
     255
     283
     263
     268
     256
     255
     271
     286
     252
     271
     235
     253
     237
     287
     238
     263
     238
     263
     245
     278
     224
     300
     260
     271
     245
     242
     235
     220
     249
     244
     255
     239
     245
     239
     236
     242
     251
     263
     257
     235
     219
     232
     242
     227
     227
     223
     229
     223
     216
     233
     242
     241
     240
     229
     224
     211
     227
     192
     214
     228
     214
     208
     235
     217
     219
     228
     208
     222
     226
     220
     217
     221
     206
     242
     199
     188
     240
     188
     194
     209
     222
     203
     211
     205
     218
     202
     207
     224
     223
     199
     217
     187
     209
     223
     199
     175
     169
     218
     194
     208
     201
     179
     195
     207
     221
     178
     191
     204
     200
     196
     194
     201
     205
     217
     190
     171
     203
     188
     178
     190
     181
     189
     185
     191
     201
     203
     179
     180
     182
     169
     185
     179
     170
     168
     168
     169
     177
     146
     141
     178
     190
     171
     162
     156
     162
     188
     174
     165
     157
     184
     167
     168
     153
     149
     166
     156
     161
     143
     157
     151
     163
     143
     141
     125
     134
     132
     148
     149
     134
     143
     144
     135
     133
     150
     154
     144
     147
     139
     138
     114
     133
     108
     134
     147
     132
     119
     133
     134
     114
     135
     131
     112
     121
     117
     131
     103
     121
     120
     102
      91
     127
     125
     118
     129
      96
     102
      97
     111
     128
      92
      97
      97
     125
      87
      99
     100
     101
      95
     100
      85
     105
      70
     100
      84
      90
      80
     106
      89
      87
      85
      79
      78
      89
     101
      75
      68
      90
      76
      81
      69
      79
      73
      76
      78
      71
      65
      79
      73
      72
      72
      69
      66
      71
      59
      69
      85
      71
      66
      67
      69
      70
      68
      65
      72
      62
      75
      63
      60
      59
      46
      66
      56
      54
      61
      59
      47
      55
      60
      54
      59
      44
      62
      55
      53
      57
      55
      46
      48
      56
      45
      56
      66
      63
      66
      57
      48
      49
      42
      47
      45
      48
      50
      59
      38
      45
      45
      45
      44
      45
      42
      47
      52
      45
      46
      43
      47
      44
      51
      47
      43
      39
      35
      38
      33
      45
      45
      37
      31
      41
      36
      47
      47
      37
      39
      42
      40
      48
      44
      43
      39
      46
      42
      39
      29
      43
      42
      36
      40
      36
      49
      33
      45
      47
      38
      40
      37
      39
      41
      27
      36
      39
      43
      31
      32
      50
      33
      50
      37
      38
      39
      37
      32
      40
      40
      32
      51
      36
      31
      48
      40
      26
      38
      32
      47
      30
      45
      30
      30
      41
      53
      38
      53
      42
      33
      42
      47
      35
      38
      36
      30
      44
      47
      33
      36
      38
      43
      36
      35
      42
      38
      31
      30
      32
      40
      36
      36
      45
      44
      39
      33
      45
      38
      35
      38
      39
      33
      44
      33
      33
      36
      51
      43
      45
      29
      51
      32
      29
      29
      37
      35
      38
      33
      39
      41
      30
      23
      36
      28
      24
      17
      40
      45
      36
      40
      33
      31
      43
      24
      35
      35
      41
      30
      29
      34
      32
      43
      23
      50
      36
      39
      38
      31
      29
      43
      29
      35
      24
      33
      28
      28
      37
      38
      35
      35
      27
      39
      31
      44
      29
      39
      26
      37
      35
      36
      47
      44
      37
      40
      44
      53
      31
      41
      38
      32
      55
      45
      48
      46
      34
      46
      49
      55
      87
      69
      95
     108
     149
     220
     331
     528
     758
    1308
    2046
    3244
    5040
    7242
    9517
   12126
   14032
   15190
   14649
   13397
   10629
    8125
    5327
    3311
    1942
     957
     437
     209
      92
      36
      17
      15
      14
      10
      15
       7
       8
      10
      14
      11
      13
       6
       6
      10
      12
       9
      12
      14
      10
       7
      12
       7
       8
      11
       6
      12
      20
       8
      14
      12
      12
       2
      11
       9
      15
      13
       7
       9
       9
       7
       7
       9
      12
       7
       7
       9
      12
       6
       9
       9
      11
       4
       7
       9
      12
       6
       7
       7
      11
      15
       9
      12
       3
      12
      11
       9
       6
      10
       6
       9
       5
       4
      10
      13
       6
       5
      15
      12
       7
      16
       5
       9
       2
      11
       8
       6
       4
      13
      10
      11
       9
      13
       6
       9
      13
      10
       8
       5
       4
      12
       5
       8
       9
       7
       7
       2
       3
      12
       6
      15
       6
      12
      11
       4
       6
      10
      11
       5
       6
       7
       9
       9
       6
       8
      10
       7
       6
       9
       7
       7
      10
       8
       8
       7
       6
       4
       8
       8
       9
       9
       5
       6
       9
       9
       9
       9
       5
       9
       8
       7
      11
       9
      13
       5
       6
       6
       6
       7
       8
      10
      10
       6
       8
      10
      13
       4
      12
       8
       4
       9
       6
       2
      11
      10
       5
      12
       9
       7
      12
       4
      15
      10
       9
      10
       7
       8
      13
      10
      10
      12
       8
       6
       5
       4
      12
      14
       7
      10
       6
       7
      12
       9
       9
      12
       6
       3
       4
      17
       9
       7
      12
       5
       5
      11
      13
      13
       5
       7
       8
       4
       6
      10
       8
       9
       4
       4
       8
       6
       7
      14
       8
      11
       7
       9
       5
       6
       2
       5
       6
       8
       8
       6
      10
       7
       6
       4
       7
       7
       9
      13
       4
       8
       4
       7
       7
       9
       5
       8
       7
       8
       8
       5
       8
       7
      10
       6
       5
       8
       3
       8
       7
       8
      10
       8
      11
      10
       8
      11
       6
       7
       6
       8
       9
       9
       2
       4
       9
       6
       5
       8
       2
      10
      16
      12
       5
       4
       2
       7
       4
       4
       5
       7
      14
       7
       7
       8
       8
       4
      10
       9
       7
       5
       4
       8
      12
       2
       8
       8
       4
       6
       9
       8
       7
       8
       9
       9
       9
       7
       4
       7
      12
       4
       6
       5
       4
       9
      11
      10
       9
       7
       9
       4
       6
       8
       7
       5
       8
       2
       6
       7
       6
       7
      11
       6
       7
       8
       7
       5
       5
       4
       4
      11
       6
       6
       8
       3
       3
       5
      11
       6
       9
       6
       7
       1
       8
       7
      11
       5
       7
       8
       8
       6
       8
       9
       3
       9
       9
       4
       6
       4
      11
       8
       8
       7
       5
       2
       8
       4
       8
       4
       9
       3
       5
      11
       8
       3
       8
       5
       4
       7
       8
       6
       2
       7
       4
       2
       5
       5
      10
       8
       5
       2
       6
       6
       7
       5
       4
       1
       3
       9
       6
       6
       3
       7
       5
       7
       4
       6
       9
       9
       6
       9
       6
      10
       9
       5
       7
       7
       3
       6
      10
       3
       7
       8
      10
       5
       5
       9
       8
       9
       6
       8
       4
       6
       6
      11
       8
       8
      12
      19
      13
      22
      15
      15
      21
      30
      24
      25
      34
      25
      23
      14
      11
      13
      10
      13
       5
       8
       6
      10
       4
      11
      10
       6
       7
       5
       6
       5
       9
       5
       3
       2
       5
       5
       9
      11
       5
       4
       8
      11
       3
       5
       9
      10
       2
       7
       5
       7
       6
       5
       6
      10
      13
       6
       6
       5
       6
       7
       3
       5
       1
       6
       4
       5
       4
       6
       7
       4
       8
      13
       5
       1
       2
       7
       3
      14
      10
       5
       5
       9
      13
       6
       5
       4
       2
       8
       4
       4
       7
       8
       7
      10
       4
       6
       6
       2
       6
       5
      10
       7
       7
       5
       8
       7
       5
       9
       4
       3
       3
       7
       5
       8
       5
       6
       3
       3
       7
       7
       3
       6
       8
       6
       4
       4
       3
       4
       7
       6
       4
       4
       5
       7
       8
       3
       6
       7
      13
       7
       2
       4
       9
       5
       4
       5
       7
       3
       4
       5
       7
       9
       2
       4
       7
       8
       3
       5
       5
       3
       1
       2
       6
       9
       4
       4
       5
       7
       4
       4
       5
       4
       5
       7
       7
       4
       6
       3
       3
       7
       8
       2
       4
       4
       5
       5
       4
       8
       4
       7
       8
       5
       5
       3
       7
       3
      10
       6
       5
       6
       7
       7
       4
       7
       4
       3
       7
       6
       5
       5
       6
      10
       9
       8
       4
       9
       5
       8
       7
       5
       6
       8
       2
       9
       5
       3
       3
       4
       5
       5
       7
       5
       5
       7
       6
       8
       3
       9
       4
       6
       8
       9
       7
       7
       5
       6
       4
       7
       5
       3
       8
       4
       6
       7
       5
       6
       9
       8
      10
       7
       2
       7
       5
       3
       6
       5
       2
       5
      10
       3
       8
       3
       3
       2
       8
       7
       9
       4
       5
       5
       2
       2
       6
       6
       5
       4
       3
       6
       4
       2
       4
       7
       7
       3
       5
       3
       3
       6
       4
       3
       6
       2
       8
       5
       9
       2
       7
       6
       6
       6
       6
       4
       6
       5
       6
       4
      11
       5
       7
       5
       8
       6
       3
       3
       7
       3
       4
       4
       3
       5
       5
       2
       4
       4
       4
       0
       7
       2
       2
       8
       9
       4
       4
       7
       6
       9
       5
       4
       4
       7
       5
       2
       5
      11
      10
       4
       4
       1
       6
       2
       6
       3
       4
       6
       4
       4
       1
       6
       7
       6
       6
       1
       6
       5
       5
       3
       5
       3
       3
       2
       6
       6
       5
       6
       5
       5
       6
       7
       3
       4
       3
       2
       1
       6
       4
       2
       5
       2
       2
       6
       2
       2
       7
       3
       4
       7
       4
       3
       5
       5
       1
       3
       2
       4
       4
       4
       3
       4
       3
       4
       2
       4
       2
       1
       5
       3
       5
       3
       2
       4
       4
       4
       4
       4
       1
       2
       2
       3
       6
       0
       3
       2
       2
       6
       2
       1
       4
       5
       4
       1
       4
       7
       2
       3
       1
       5
       4
       5
       4
       2
       1
       1
       4
       1
       3
       3
       1
       2
       1
       3
       3
       8
       3
       3
       3
       3
       0
       1
       3
       3
       2
       2
       1
       1
       2
       3
       3
       0
       3
       1
       0
       2
       3
       3
       1
       1
       3
       1
       2
       3
       3
       1
       0
       2
       1
       1
       3
       1
       1
       1
       3
       2
       2
       3
       6
       0
       1
       2
       1
       3
       2
       3
       2
       2
       0
       1
       0
       2
       1
       1
       2
       1
       3
       4
       3
       3
       3
       1
       1
       2
       2
       2
       1
       4
       4
       1
       2
       0
       4
       1
       2
       3
       3
       1
       0
       3
       1
       2
       2
       3
       2
       1
       2
       1
       1
       1
       1
       1
       1
       5
       1
       2
       0
       1
       0
       0
       1
       1
       4
       1
       0
       0
       1
       3
       1
       0
       0
       2
       3
       0
       2
       2
       2
       0
       1
       1
       0
       0
       0
       0
       0
       3
       3
       0
       3
       0
       1
       1
       4
       2
       0
       1
       1
       3
       1
       3
       0
       0
       1
       1
       1
       0
       4
       0
       1
       0
       1
       2
       0
       1
       0
       0
       1
       2
       1
       0
       0
       1
       3
       5
       2
       1
       0
       1
       0
       0
       0
       0
       1
       3
       1
       1
       1
       1
       0
       1
       0
       2
       1
       0
       1
       2
       1
       1
       0
       0
       1
       1
       1
       1
       1
       2
       2
       3
       0
       2
       2
       2
       3
       2
       0
       3
       1
       2
       1
       1
       0
       1
       0
       1
       0
       1
       0
       0
       0
       0
       0
       1
       2
       1
       2
       0
       0
       2
       1
       1
       1
       0
       0
       0
       2
       1
       2
       1
       0
       2
       1
       0
       0
       2
       0
       0
       0
       2
       1
       1
       1
       0
       2
       1
       1
       1
       0
       1
       0
       1
       1
       0
       0
       0
       0
       1
       0
       0
       0
       0
       2
       3
       0
       1
       1
       0
       2
       2
       2
       1
       1
       0
       2
       0
       3
       1
       0
       0
       1
       1
       1
       0
       1
       0
       1
       3
       1
       1
       1
       0
       0
       0
       0
       1
       0
       0
       2
       2
       1
       1
       2
       1
       0
       0
       2
       1
       2
       3
       2
       1
       1
       1
       1
       2
       2
       3
       0
       1
       3
       1
       2
       2
       3
       3
       1
       2
       4
       2
       3
       0
       3
       1
       1
       0
       1
       3
       1
       2
       3
       1
       0
       1
       2
       1
       1
       1
       1
       2
       0
       1
       3
       2
       1
       1
       0
       0
       3
       0
       4
       1
       1
       1
       5
       1
       3
       7
      10
      16
      20
      27
      36
      36
      53
      52
      48
      52
      41
      62
      30
      37
      31
      29
      18
       8
       6
       6
       5
       1
       1
       0
       1
       0
       0
       0
       1
       0
       0
       0
       0
       0
       0
       0
       0
       0
       1
       2
       0
       2
       0
       0
       0
       1
       0
       0
       0
       0
       0
       0
       1
       0
       0
       0
       0
       0
       0
       0
       0
       0
       1
       1
       0
       0
       2
       0
       0
       0
       0
       1
       2
       0
       0
       0
       0
       1
       0
       0
       1
       1
       2
       0
       0
       0
       1
       0
       0
       1
       1
       1
       0
       1
       1
       3
       0
       0
       0
       0
       0
       0
       0
       0
       1
       1
       0
       4
       0
       0
       0
       1
       0
       0
       1
       0
       0
       0
       0
       1
       0
       0
       0
       0
       0
       0
       1
       1
       1
       1
       0
       1
       0
       0
       0
       0
       0
       0
       1
       0
       0
       0
       0
       0
       0
       1
       1
       0
       0
       0
       1
       0
       1
       0
       0
       0
       1
       2
       0
       0
       1
       0
       0
       1
       0
       1
       1
       0
       1
       0
       0
       0
       0
       0
       0
       2
       0
       1
       0
       0
       1
       0
       2
       0
       0
       0
       0
       0
       0
       1
       0
       0
       0
       0
       1
       0
       0
       1
       1
       0
       0
       1
       0
       0
       0
       1
       0
       1
       0
       0
       0
       0
       0
       1
       1
       0
       1
       0
       0
       0
       0
       0
       0
       0
       0
       0
       0
       2
       2
       0
       0
       0
       0
       0
       3
       0
       1
       0
       1
       0
       1
       0
       0
       1
       0
       0
       1
       0
       0
       1
       0
       1
       0
       1
       0
       0
       1
       0
       0
       0
       0
       2
       1
       0
       1
       0
       0
       0
       0
       1
       2
       1
       0
       0
       2
       0
       0
       0
       0
       1
       0
       1
       0
       1
       0
       0
       0
       1
       0
       1
       0
       1
       0
       1
       1
       0
       0
       0
       0
       0
       0
       0
       1
       0
       2
       0
       2
       1
       0
       0
       1
       0
       1
       1
       0
       0
       0
       1
       0
       2
       0
       0
       0
       0
       0
       0
       0
       0
       0
       1
       0
       0
       0
       1
       1
       2
       0
       0
       0
       0
       1
       0
       1
       0
       0
       0
       0
       0
       0
       0
       0
       1
       0
       0
       0
       1
       0
       0
       2
       0
       0
       0
       1
       0
       1
       0
       0
       1
       0
       0
       1
       0
       1
       1
       0
       0
       0
       0
       0
       1
       0
       0
       0
       0
       0
       0
       0
       0
       0
       1
       0
       1
       0
       0
       1
       0
       0
       0
       0
       0
       0
       1
       0
       1
       1
       0
       0
       1
       0
       0
       1
       0
       0
       1
       0
       0
       1
       0
       1
       1
       0
       0
       0
       0
       0
       1
       1
       0
       2
       2
       0
       0
       0
       0
       0
       1
       0
       1
       1
       2
       0
       1
       2
       1
       1
       1
       0
       0
       0
       0
       1
       1
       0
       1
       0
       0
       1
       0
       0
       0
       0
       0
       1
       0
       0
       1
       0
       0
       1
       0
       0
       0
       0
       0
       0
       0
       0
       0
       0
       0
       0
       0
       0
       0
       0
       0
       1
       0
       0
       0
       0
       1
       0
       0
       0
       0
       1
       1
       0
       0
       0
       1
       0
       1
       2
       2
       1
       0
       0
       0
       1
       0
       0
       0
       0
       1
       1
       0
       0
       0
       0
       0
       0
       1
       1
       0
       0
       0
       0
       0
       1
       0
       0
       1
       0
       0
       0
       0
       0
       0
       0
       1
       0
       1
       0
       0
       0
       0
       0
       0
       0
       0
       1
       0
       0
       0
       2
       0
       0
       1
       0
       0
       0
       0
       0
       0
       0
       0
       0
       0
       0
       0
       0
       1
       0
       0
       1
       1
       0
       0
       1
       0
       0
       0
       0
       0
       0
       2
       0
       0
       0
       0
       0
       0
       0
       0
       0
       0
       0
       0
       0
       0
       0
       0
       0
       1
       1
       0
       0
       0
       0
       1
       0
       0
       0
       0
       1
       0
       0
       0
       1
       0
       0
       0
       1
       0
       2
       0
       0
       0
       1
       0
       1
       0
       1
       0
       0
       0
       0
       0
       0
       1
       0
       0
       0
       0
       0
       0
       0
       0
       0
       0
       1
       0
       0
       1
       0
       0
       0
       0
       0
       0
       0
       0
       0
       1
       0
       1
       0
       0
       1
       1
       0
       0
       0
       0
       0
       2
       1
       1
       1
       1
       0
       1
       0
       0
       0
       0
       1
       0
       0
       1
       1
       0
       0
       0
       0
       1
       0
       0
       0
       0
       1
       0
       0
       1
       0
       0
       0
       0
       0
       1
       0
       0
       1
       0
       1
       1
       0
       0
       0
       0
       0
       0
       0
       0
       0
       0
       3
       1
       0
       0
       0
       1
       2
       0
       0
       0
       0
       2
       1
       0
       1
       0
       1
       0
       0
       0
       0
       0
       0
       0
       0
       0
       1
       1
       0
       0
       0
       0
       0
       1
       0
       1
       0
       0
       0
       0
       1
       0
       0
       1
       0
       0
       0
       0
       0
       2
       0
       0
       2
       1
       0
       0
       0
       0
       1
       0
       0
       0
       0
       0
       1
       0
       0
       0
       0
       1
       0
       0
       0
       0
       1
       1
       1
       1
       0
       0
       1
       0
       2
       1
       0
       0
       1
       1
       0
       0
       2
       1
       0
       1
       0
       0
       0
       2
       0
       0
       0
       0
       1
       1
       0
       0
       1
       0
       0
       1
       1
       0
       1
       1
       2
       1
       1
       2
       1
       1
       0
       0
       1
       0
       0
       1
       0
       0
       0
       1
       0
       0
       0
       0
       0
       0
       0
       0
       0
       0
       0
       0
       1
       0
       0
       1
       0
       0
       1
       0
       0
       0
       0
       0
       1
       0
       0
       0
       0
       0
       0
       0
       0
       0
       1
       0
       0
       0
       0
       0
       0
       0
       0
       0
       0
       1
       1
       0
       1
       0
       0
       0
       0
       1
       0
       0
       0
       0
       0
       0
       0
       0
       1
       0
       0
       0
       0
       0
       0
       1
       0
       0
       0
       0
       1
       1
       0
       0
       0
       0
       0
       1
       0
       0
       0
       0
       1
       0
       0
       0
       0
       0
       1
       0
       0
       1
       1
       0
       0
       0
       0
       0
       0
       0
       0
       1
       0
       0
       1
       1
       0
       0
       1
       0
       0
       0
       0
       0
       1
       1
       0
       0
       2
       0
       0
       0
       0
       0
       0
       0
       0
       0
       1
       0
       0
       0
       0
       0
       0
       0
       1
       0
       0
       0
       0
       0
       1
       0
       1
       0
       0
       0
       0
       0
       0
       0
       0
       0
       1
       0
       0
       0
       0
       0
       0
       1
       0
       0
       0
       0
       0
       0
       0
       0
       0
       0
       1
       1
       0
       0
       1
       0
       2
       0
       1
       0
       0
       1
       0
       0
       1
       2
       0
       0
       1
       0
       1
       0
       0
       0
       0
       0
       0
       2
       0
       1
       0
       1
       0
       0
       1
       1
       1
       0
       1
       0
       1
       0
       1
       0
       1
       0
       0
       0
       0
       1
       0
       0
       0
       1
       0
       1
       1
       0
       0
       0
       1
       0
       0
       0
       0
       0
       0
       0
       0
       0
       0
       0
       0
       0
       0
       0
       3
       1
       0
       1
       0
       0
       2
       0
       1
       0
       0
       0
       0
       0
       3
       0
       1
       0
       1
       0
       0
       0
       0
       0
       0
       0
       0
       0
       0
       0
       0
       1
       0
       0
       1
       1
       0
       0
       0
       0
       1
       0
       2
       0
       2
       0
       2
       0
       0
       2
       1
       1
       0
       0
       0
       0
       0
       2
       0
       0
       1
       1
       1
       0
       0
       0
       1
       0
       0
       0
       1
       1
       1
       0
       1
       1
       1
       1
       1
       0
       0
       0
       0
       0
       0
       0
       0
       0
       0
       1
       2
       0
       0
       0
       0
       1
       0
       0
       0
       0
       0
       0
       0
       0
       1
       0
       0
       0
       0
       0
       0
       0
       0
       0
       1
       0
       0
       0
       0
       2
       0
       0
       0
       0
       0
       0
       0
       0
       1
       0
       2
       0
       0
       0
       1
       0
       0
       1
       0
       1
       0
       0
       0
       0
       0
       0
       0
       1
       0
       0
       0
       2
       0
       1
       0
       1
       0
       0
       0
       0
       0
       0
       0
       0
       1
       0
       0
       0
       0
       0
       0
       0
       0
       0
       1
       0
       0
       0
       0
       0
       1
       0
       0
       0
       0
       0
       0
       0
       0
       0
       0
       0
       0
       0
       1
       0
       0
       0
       0
       0
       0
       0
       0
       2
       0
       0
       0
       0
       3
       0
       1
       0
       1
       0
       0
       0
       1
       1
       0
       0
       0
       0
       0
       0
       0
       0
       0
       1
       0
       0
       0
       0
       0
       0
       1
       0
       0
       0
       0
       0
       0
       1
       1
       1
       0
       0
       0
       0
       0
       0
       0
       0
       0
       0
       1
       1
       1
       1
       0
       1
       0
       0
       0
       0
       1
       1
       0
       1
       1
       0
       0
       0
       0
       0
       0
       1
       0
       0
       1
       0
       1
       0
       0
       0
       0
       1
       0
       0
       0
       0
       0
       0
       1
       0
       0
       0
       0
       0
       0
       1
       0
       0
       1
       0
       0
       0
       0
       2
       1
       0
       2
       0
       0
       0
       0
       1
       0
       0
       0
       0
       1
       0
       0
       0
       1
       0
       0
       0
       0
       0
       1
       0
       0
       0
       0
       0
       0
       0
       0
       0
       0
       0
       0
       0
       0
       1
       0
       0
       0
       0
       0
       0
       1
       1
       1
       0
       0
       0
       0
       0
       0
       1
       0
       0
       0
       0
       1
       0
       0
       0
       0
       0
       0
       0
       1
       0
       0
       0
       0
       0
       0
       0
       0
       0
       0
       1
       1
       0
       0
       1
       0
       0
       0
       1
       1
       0
       0
       0
       0
       1
       0
       1
       0
       0
       0
       1
       1
       0
       1
       0
       0
       1
       0
       0
       0
       0
       0
       0
       0
       0
       0
       0
       0
       0
       0
       1
       0
       0
       0
       1
       2
       1
       0
       0
       0
       0
       0
       0
       0
       0
       0
       0
       0
       0
       1
       0
       0
       0
       1
       0
       0
       0
       0
       0
       0
       0
       1
       0
       0
       0
       0
       0
       0
       0
       0
       0
       0
       0
       0
       0
       0
       0
       0
       0
       0
       2
       0
       0
       0
       0
       0
       0
       0
       0
       0
       0
       0
       0
       0
       0
       0
       0
       0
       0
       0
       0
       0
       1
       1
       2
       0
       1
       0
       0
       0
       0
       0
       0
       0
       0
       1
       0
       0
       1
       1
       0
       0
       0
       0
       0
       0
       1
       0
       0
       0
       0
       0
       0
       0
       0
       0
       0
       0
       0
       0
       0
       2
       0
       0
       0
       0
       0
       0
       0
       0
       0
       0
       0
       1
       0
       0
       0
       0
       0
       0
       0
       0
       0
       0
       1
       0
       0
       0
       0
       0
       0
       0
       0
       0
       1
       0
       0
       1
       0
       0
       0
       0
       0
       0
       0
       0
       1
       1
       0
       0
       0
       1
       0
       0
       0
       0
       0
       0
       0
       1
       0
       1
       0
       0
       0
       0
       0
       0
       0
       1
       1
       0
       0
       0
       0
       0
       0
       0
       0
       0
       0
       0
       1
       0
       1
       0
       0
       0
       0
       1
       1
       0
       0
       0
       1
       1
       0
       0
       1
       0
       0
       0
       1
       0
       0
       1
       1
       0
       0
       0
       0
       0
       1
       0
       0
       0
       0
       0
       0
       0
       0
       0
       1
       1
       2
       0
       0
       0
       0
       0
       0
       0
       0
       0
       1
       1
       0
       1
       0
       0
       0
       0
       0
       1
       0
       0
       0
       0
       0
       0
       0
       0
       0
       1
       1
       0
       0
       0
       0
       0
       0
       0
       0
       1
       0
       1
       0
       0
       0
       0
       0
       0
       0
       0
       0
       0
       0
       1
       1
       1
       1
       1
       0
       0
       0
       0
       0
       0
       0
       0
       0
       0
       0
       0
       0
       0
       0
       0
       0
       0
       0
       0
       0
       0
       0
       0
       0
       0
       0
       0
       0
       1
       0
       0
       0
       0
       0
       0
       0
       0
       0
       0
       0
       0
       0
       0
       0
       0
       1
       0
       0
       0
       0
       0
       0
       0
       0
       0
       1
       0
       0
       0
       0
       0
       0
       0
       0
       1
       0
       0
       1
       0
       0
       0
       0
       0
       0
       0
       0
       0
       0
       0
       0
       1
       0
       1
       0
       0
       0
       0
       0
       0
       0
       0
       0
       1
       1
       0
       0
       0
       0
       0
       0
       0
       0
       0
       1
       1
       0
       0
       0
       0
       0
       0
       0
       0
       0
       0
       0
       0
       1
       1
       0
       1
       0
       0
       0
       0
       0
       1
       0
       0
       0
       0
       0
       0
       0
       0
       0
       0
       0
       0
       0
       0
       1
       0
       0
       0
       0
       0
       0
       0
       0
       0
       0
       0
       0
       0
       0
       0
       0
       0
       1
       0
       0
       0
       0
       0
       0
       0
       0
       0
       1
       0
       0
       0
       0
       0
       0
       0
       0
       0
       0
       0
       0
       0
       0
       0
       0
       0
       0
       1
       0
       0
       0
       0
       2
       0
       0
       0
       0
       1
       0
       1
       0
       0
       0
       0
       0
       0
       0
       0
       1
       0
       0
       0
       0
       0
       0
       0
       0
       0
       1
       0
       0
       0
       0
       0
       1
       0
       1
       0
       0
       0
       0
       0
       1
       0
       1
       0
       0
       0
       0
       0
       1
       0
       0
       0
       0
       0
       0
       0
       0
       1
       0
       0
       0
       0
       0
       0
       0
       0
       0
       0
       0
       0
       0
       0
       0
       0
       0
       0
       0
       0
       0
       0
       0
       0
       0
       0
       0
       0
       0
       0
       0
       0
       0
       0
       0
       0
       0
       1
       0
       0
       0
       0
       0
       0
       0
       0
       0
       0
       0
       0
       0
       0
       0
       0
       0
       0
       0
       0
       1
       0
       1
       0
       0
       1
       2
       2
       0
       1
       1
       0
       0
       0
       0
       0
       0
       0
       1
       0
       0
       0
       0
       0
       0
       0
       0
       0
       0
       0
       0
       0
       1
       0
       0
       2
       0
       0
       1
       1
       0
       0
       0
       2
       1
       2
       0
       3
       2
       4
       1
       4
       3
       2
       3
       2
       5
       3
       2
       1
       0
       0
       0
       0
       1
       0
       0
       0
       0
       0
       0
       0
       0
       0
       0
       0
       0
       0
       0
       0
       0
       0
       0
       0
       0
       0
       0
       0
       0
       0
       0
       0
       0
       1
       0
       0
       0
       0
       0
       0
       0
       0
       0
       1
       0
       0
       1
       0
       0
       0
       0
       0
       0
       0
       0
       0
       0
       0
       0
       2
       0
       0
       0
       0
       0
       0
       0
       0
       0
       0
       0
       0
       0
       0
       0
       0
       0
       0
       0
       0
       0
       0
       0
       0
       0
       0
       0
       0
       0
       0
       0
       0
       0
       0
       0
       0
       0
       0
       0
       0
       0
       0
       0
       0
       0
       0
       0
       0
       0
       0
       0
       0
       0
       0
       0
       0
       0
       0
       0
       0
       0
       0
       0
       0
       0
       0
       0
       0
       0
       2
       0
       0
       0
       0
       0
       0
       0
       0
       0
       0
       1
       0
       0
       0
       0
       0
       0
       0
       0
       0
       0
       0
       0
       0
       0
       0
       0
       0
       0
       0
       0
       0
       0
       0
       0
       0
       0
       0
       0
       0
       0
       1
       1
       0
       0
       0
       1
       0
       0
       0
       0
       0
       0
       0
       0
       0
       0
       0
       0
       0
       0
       1
       0
       0
       0
       0
       0
       1
       0
       0
       0
       0
       0
       0
       0
       0
       0
       0
       0
       0
       0
       0
       0
       0
       0
       0
       1
       0
       0
       0
       0
       0
       0
       0
       0
       0
       0
       0
       1
       0
       0
       0
       0
       0
       0
       0
       0
       0
       0
       0
       0
       0
       0
       0
       0
       0
       0
       0
       0
       1
       0
       0
       0
       0
       0
       0
       0
       0
       0
       0
       0
       0
       1
       0
       0
       0
       0
       0
       0
       0
       0
       0
       0
       0
       0
       1
       0
       0
       0
       0
       0
       0
       0
       0
       0
       0
       0
       0
       0
       0
       0
       0
       0
       0
       0
       0
       0
       0
       0
       0
       0
       0
       0
       0
       0
       0
       0
       0
       0
       0
       0
       0
       0
       0
       1
       0
       0
       0
       0
       1
       0
       0
       0
       0
       0
       0
       0
       1
       0
       0
       0
       0
       0
       0
       0
       0
       0
       0
       0
       0
       0
       0
       0
       0
       0
       0
       0
       0
       0
       0
       0
       0
       0
       0
       0
       0
       1
       0
       0
       0
       0
       0
       0
       0
       0
       0
       0
       0
       0
       0
       0
       0
       0
       1
       0
       0
       0
       0
       0
       0
       0
       0
       0
       1
       1
       0
       0
       0
       0
       0
       0
       0
       0
       0
       0
       0
       0
       1
       0
       0
       0
       0
       0
       0
       0
       0
       1
       0
       0
       0
       0
       0
       1
       0
       0
       0
       1
       0
       0
       0
       0
       0
       0
       0
       0
       0
       1
       0
       0
       0
       0
       0
       0
       0
       0
       0
       0
       1
       0
       0
       0
       0
       0
       0
       0
       0
       0
       0
       0
       0
       0
       0
       0
       0
       0
       0
       0
       0
       0
       1
       0
       1
       0
       0
       0
       0
       0
       0
       0
       1
       0
       0
       0
       0
       0
       0
       0
       0
       0
       0
       0
       1
       0
       0
       0
       0
       0
       0
       0
       0
       0
       0
       0
       0
       0
       0
       0
       0
       0
       0
       0
       0
       0
       0
       0
       0
       0
       0
       0
       0
       0
       0
       0
       1
       0
       0
       0
       0
       0
       0
       0
       0
       0
       1
       0
       0
       0
       0
       0
       0
       0
       0
       0
       0
       0
       0
       0
       0
       0
       0
       0
       0
       0
       0
       0
       0
       0
       1
       0
       0
       0
       0
       0
       0
       0
       0
       0
       0
       1
       0
       0
       0
       0
       0
       0
       0
       0
       0
       0
       0
       0
       0
       0
       0
       0
       0
       0
       0
       1
       0
       0
       0
       0
       0
       0
       0
       0
       0
       0
       0
       0
       1
       0
       0
       0
       0
       0
       0
       0
       0
       0
       0
       0
       0
       0
       0
       0
       0
       0
       0
       0
       0
       0
       1
       0
       0
       0
       1
       0
       0
       0
       0
       0
       0
       0
       0
       0
       0
       0
       0
       0
       0
       0
       0
       0
       0
       0
       0
       0
       0
       0
       0
       0
       0
       0
       0
       0
       0
       0
       0
       0
       0
       0
       0
       1
       0
       0
       1
       0
       0
       0
       0
       0
       0
       0
       0
       0
       0
       0
       0
       0
       0
       0
       0
       0
       0
       0
       0
       0
       0
       0
       0
       0
       1
       0
       0
       0
       0
       0
       0
       0
       0
       1
       0
       0
       1
       1
       0
       1
       0
       0
       0
       0
       0
       0
       0
       0
       0
       0
       0
       0
       0
       0
       0
       0
       0
       0
       0
       0
       0
       0
       0
       0
       0
       0
       0
       0
       0
       0
       0
       0
       0
       0
       0
       0
       0
       0
       0
       0
       0
       0
       0
       0
       0
       0
       0
       0
       0
       0
       0
       0
       0
       0
       0
       0
       0
       0
       0
       1
       0
       0
       0
       0
       0
       0
       0
       0
       0
       0
       0
       0
       0
       0
       0
       0
       0
       0
       0
       0
       0
       0
       0
       0
       0
       0
       0
       0
       1
       0
       0
       0
       0
       0
       0
       0
       0
       0
       0
       0
       0
       0
       0
       0
       0
       0
       0
       0
       0
       0
       0
       0
       0
       0
       0
       0
       0
       0
       0
       0
       0
       0
       0
       0
       0
       0
       0
       0
       0
       0
       0
       0
       0
       0
       0
       0
       0
       0
       0
       0
       0
       0
       1
       0
       0
       1
       0
       0
       0
       1
       0
       0
       0
       0
       0
       0
       0
       0
       0
       0
       0
       0
       0
       0
       0
       2
       0
       0
       1
       0
       1
       0
       0
       0
       0
       0
       0
       1
       0
       0
       0
       0
       0
       0
       0
       0
       0
       0
       0
       0
       0
       0
       0
       0
       0
       0
       0
       0
       0
       0
       0
       0
       0
       0
       0
       0
       0
       0
       0
       0
       0
       0
       0
       0
       0
       1
       0
       0
       0
       0
       0
       0
       0
       0
       0
       0
       0
       0
       0
       0
       0
       0
       0
       1
       0
       0
       0
       0
       0
       0
       0
       0
       0
       0
       0
       0
       0
       0
       0
       0
       0
       0
       0
       0
       0
       0
       0
       0
       0
       0
       0
       0
       0
       0
       0
       0
       0
       0
       0
       0
       0
       0
       0
       1
       0
       1
       0
       0
       0
       0
       0
       0
       0
       0
       0
       0
       0
       0
       0
       0
       0
       0
       0
       0
       0
       0
       0
       0
       0
       1
       0
       0
       0
       0
       0
       0
       0
       0
       0
       0
       0
       0
       0
       0
       0
       0
       0
       0
       0
       0
       0
       0
       0
       1
       0
       0
       0
       0
       1
       0
       0
       0
       0
       0
       0
       1
       0
       1
       0
       0
       1
       0
       0
       0
       0
       0
       0
       0
       0
       0
       1
       0
       0
       0
       0
       1
       0
       0
       0
       0
       0
       0
       0
       0
       0
       0
       0
       0
       0
       1
       0
       0
       0
       0
       0
       0
       0
       1
       0
       0
       0
       1
       0
       0
       0
       0
       0
       1
       1
       0
       0
       0
       0
       0
       0
       0
       0
       0
       0
       0
       0
       0
       1
       0
       0
       0
       0
       0
       0
       0
       0
       0
       0
       0
       0
       0
       0
       0
       0
       0
       0
       0
       0
       0
       0
       0
       0
       1
       0
       0
       0
       0
       1
       0
       0
       0
       0
       0
       0
       0
       0
       0
       0
       0
       1
       0
       0
       0
       0
       0
       0
       0
       0
       0
       0
       0
       0
       0
       1
       0
       0
       0
       0
       0
       1
       0
       0
       0
       0
       0
       0
       0
       0
       0
       0
       0
       0
       1
       0
       0
       0
       0
       1
       0
       0
       0
       0
       0
       0
       0
       0
       0
       0
       0
       0
       0
       0
       0
       0
       0
       0
       0
       0
       0
       0
       0
       0
       0
       0
       0
       0
       0
       0
       0
       0
       0
       0
       0
       0
       0
       0
       0
       0
       0
       0
       0
       0
       0
       0
       0
       0
       0
       0
       0
       0
       0
       0
       0
       0
       0
       0
       0
       0
       0
       0
       0
       0
       0
       0
       0
       0
       0
       0
       0
       0
       0
       0
       0
       0
       0
       0
       0
       0
       0
       0
       0
       0
       0
       0
       0
       0
       0
       0
       0
       0
       0
       0
       0
       0
       0
       0
       0
       0
       0
       0
       0
       0
       0
       0
       0
       0
       0
       0
       0
       0
       0
       0
       0
       0
       0
       0
       0
       0
       0
       0
       0
       0
       0
       0
       0
       0
       0
$ROI:
1
3978 4034
$PRESETS:
None
0
0
$ENER_FIT:
-0.975373 0.380470
$MCA_CAL:
3
-9.753734E-001 3.804702E-001 5.213663E-008 keV
$SHAPE_CAL:
3
5.798134E+000 -2.732920E-004 2.134041E-007
