#             0.000000e+00 2.025010e-01 6.816700e-01 7.765990e-01 9.535180e-01 1.046870e+00 1.189690e+00 1.211590e+00 1.298200e+00 1.371140e+00 1.416590e+00 1.561900e+00 1.571670e+00 1.640920e+00 1.760990e+00 1.811020e+00 1.815150e+00 1.962100e+00 2.021400e+00 2.085700e+00 2.133510e+00 2.179400e+00 2.196120e+00 2.216760e+00 2.240500e+00 2.244310e+00 2.313000e+00 2.327400e+00 2.365980e+00 2.455260e+00 2.475940e+00 2.495490e+00 2.504630e+00 2.520900e+00 2.558400e+00 2.590200e+00 2.624010e+00 2.631940e+00 2.663280e+00 2.678100e+00 2.702600e+00 2.703600e+00
 3.500000e+00 8.204629e-04 5.402693e-04 8.132559e-05 3.692651e-04 3.563795e-04 1.580144e-04 2.843387e-05 1.346376e-04 3.488350e-05 1.620146e-04 1.603354e-04 1.224430e-04 1.294742e-04 1.144465e-04 1.501758e-04 1.393906e-04 1.262548e-04 4.045992e-05 5.911608e-05 3.251016e-05 8.298738e-05 4.885005e-05 4.835246e-05 2.110767e-06 9.466999e-06 6.283643e-05 5.554327e-05 3.391767e-05 3.562693e-05 8.746147e-07 4.427244e-05 4.259872e-05 4.183364e-05 5.309932e-06 2.354724e-05 2.203858e-05 2.146443e-05 2.111397e-05 3.020210e-05 1.827051e-05 2.776374e-05 9.316607e-03
 6.000000e+00 1.240390e-02 1.144510e-02 6.395212e-03 9.064841e-03 1.168341e-02 9.410791e-03 4.201190e-03 3.432965e-03 4.763528e-03 5.472571e-03 8.690457e-03 9.129797e-03 8.247037e-03 5.089526e-03 8.620137e-03 8.468777e-03 6.501338e-03 6.255550e-03 7.429307e-03 5.831676e-03 7.442211e-03 6.356935e-03 4.163948e-03 1.303705e-03 3.208394e-03 5.505636e-03 5.335299e-03 6.277185e-03 3.849629e-03 7.996919e-04 6.278204e-03 6.210335e-03 6.178575e-03 2.589586e-03 5.116654e-03 5.009820e-03 3.350931e-03 3.335014e-03 5.613928e-03 4.713530e-03 5.471856e-03 1.417488e+00
 8.500000e+00 3.430390e-03 3.701129e-03 4.011813e-03 2.769266e-03 3.956572e-03 4.414103e-03 3.358676e-03 9.211503e-04 3.613519e-03 1.637749e-03 3.335628e-03 4.073645e-03 3.276740e-03 1.597434e-03 2.982521e-03 2.965020e-03 2.041335e-03 3.854354e-03 3.811219e-03 3.769648e-03 2.844423e-03 3.014507e-03 1.498491e-03 2.176293e-03 3.075592e-03 1.935260e-03 1.916621e-03 3.617829e-03 1.463462e-03 1.760639e-03 2.700679e-03 2.691958e-03 2.687862e-03 2.872906e-03 2.823551e-03 2.806517e-03 1.405606e-03 1.403736e-03 2.614755e-03 2.758606e-03 2.596044e-03 7.004131e+00
 1.100000e+01 5.738948e-04 6.556553e-04 9.614578e-04 4.744605e-04 7.055549e-04 9.018366e-04 8.614293e-04 1.499663e-04 9.113709e-04 2.747615e-04 6.129860e-04 7.925561e-04 6.065010e-04 2.705618e-04 5.226812e-04 5.208398e-04 3.451446e-04 8.375837e-04 7.637376e-04 8.280907e-04 5.083700e-04 5.785152e-04 2.606819e-04 7.251354e-04 7.834858e-04 3.344248e-04 3.325832e-04 7.430141e-04 2.572953e-04 6.784649e-04 4.939321e-04 4.930688e-04 4.926638e-04 7.590800e-04 5.588363e-04 5.571027e-04 2.517973e-04 2.516214e-04 4.854807e-04 5.522426e-04 4.836554e-04 8.225713e+00
 1.350000e+01 9.498761e-05 1.111982e-04 1.910302e-04 7.906861e-05 1.199683e-04 1.635486e-04 1.748897e-04 2.445222e-05 1.839664e-04 4.521380e-05 1.052189e-04 1.397698e-04 1.043491e-04 4.466198e-05 8.782561e-05 8.758323e-05 5.706279e-05 1.547816e-04 1.359208e-04 1.535194e-04 8.596256e-05 1.006846e-04 4.340736e-05 1.645544e-04 1.546999e-04 5.568827e-05 5.545608e-05 1.332113e-04 4.298889e-05 1.668090e-04 8.412681e-05 8.401830e-05 8.396743e-05 1.514714e-04 9.818181e-05 9.796389e-05 4.231982e-05 4.229860e-05 8.307019e-05 9.735502e-05 8.284360e-05 6.600342e+00
 1.600000e+01 1.682813e-05 1.993827e-05 3.770891e-05 1.401234e-05 2.155283e-05 3.049927e-05 3.475389e-05 4.283848e-06 3.651873e-05 7.940946e-06 1.895232e-05 2.560927e-05 1.881382e-05 7.853496e-06 1.563722e-05 1.559910e-05 1.006159e-05 2.907163e-05 2.499434e-05 2.887003e-05 1.534662e-05 1.824105e-05 7.660165e-06 3.464933e-05 3.003844e-05 9.849848e-06 9.814569e-06 2.456826e-05 7.597154e-06 3.703102e-05 1.506532e-05 1.504884e-05 1.504111e-05 2.952665e-05 1.785852e-05 1.782551e-05 7.497731e-06 7.494602e-06 1.490544e-05 1.773351e-05 1.487134e-05 5.449842e+00
 1.850000e+01 3.207428e-06 3.833253e-06 7.784692e-06 2.671105e-06 4.156453e-06 6.045033e-06 7.183339e-06 8.110818e-07 7.561558e-06 1.504020e-06 3.656589e-06 5.011506e-06 3.632471e-06 1.488771e-06 2.996268e-06 2.990062e-06 1.914410e-06 5.784005e-06 4.896568e-06 5.740933e-06 2.939141e-06 3.523916e-06 1.451784e-06 7.407824e-06 6.081078e-06 1.871671e-06 1.864493e-06 4.807178e-06 1.438972e-06 8.214483e-06 2.881570e-06 2.878217e-06 2.876647e-06 5.972190e-06 3.446203e-06 3.440444e-06 1.419831e-06 1.419293e-06 2.852053e-06 3.424431e-06 2.846136e-06 4.799594e+00
 2.100000e+01 6.577702e-07 7.904398e-07 1.703255e-06 5.463632e-07 8.583159e-07 1.276785e-06 1.565982e-06 1.648484e-07 1.654151e-06 3.057225e-07 7.536378e-07 1.045433e-06 7.487257e-07 3.025996e-07 6.138729e-07 6.125493e-07 3.898902e-07 1.223240e-06 1.023329e-06 1.215880e-06 6.039058e-07 7.289728e-07 2.959644e-07 1.661303e-06 1.307404e-06 3.827439e-07 3.815779e-07 1.008347e-06 2.938749e-07 1.910091e-06 5.945103e-07 5.939670e-07 5.937127e-07 1.288739e-06 7.162321e-07 7.151478e-07 2.906442e-07 2.905439e-07 5.892721e-07 7.121382e-07 5.881636e-07 4.186351e+00
 2.350000e+01 1.426570e-07 1.722209e-07 3.926664e-07 1.181688e-07 1.873242e-07 2.846615e-07 3.590054e-07 3.544768e-08 3.810055e-07 6.576924e-08 1.640757e-07 2.303084e-07 1.630122e-07 6.509160e-08 1.329952e-07 1.327122e-07 8.402691e-08 2.726950e-07 2.254875e-07 2.710711e-07 1.308750e-07 1.587881e-07 6.367333e-08 3.887052e-07 2.946539e-07 8.251464e-08 8.226554e-08 2.222366e-07 6.322557e-08 4.609376e-07 1.288722e-07 1.287564e-07 1.287022e-07 2.904727e-07 1.560623e-07 1.558311e-07 6.253569e-08 6.251434e-08 1.277582e-07 1.551903e-07 1.275232e-07 3.624230e+00
 2.600000e+01 3.337190e-08 4.044995e-08 9.751941e-08 2.754389e-08 4.404442e-08 6.835699e-08 8.851480e-08 8.212782e-09 9.445328e-08 1.524483e-08 3.844851e-08 5.460955e-08 3.819116e-08 1.508085e-08 3.101222e-08 3.094444e-08 1.949503e-08 6.538123e-08 5.343652e-08 6.498103e-08 3.050620e-08 3.717736e-08 1.474076e-08 9.753372e-08 7.131585e-08 1.913595e-08 1.907817e-08 5.265458e-08 1.463591e-08 1.192028e-07 3.003805e-08 3.001123e-08 2.999868e-08 7.029199e-08 3.654008e-08 3.648639e-08 1.447581e-08 1.447088e-08 2.978055e-08 3.633786e-08 2.972638e-08 3.066233e+00
 2.850000e+01 8.093854e-09 9.849122e-09 2.511744e-08 6.656434e-09 1.073591e-08 1.701873e-08 2.261674e-08 1.972523e-09 2.427764e-08 3.664396e-09 9.338441e-09 1.342117e-08 9.273475e-09 3.623159e-09 7.495765e-09 7.478830e-09 4.688830e-09 1.624637e-08 1.312292e-08 1.614325e-08 7.369677e-09 9.019227e-09 3.538229e-09 2.533979e-08 1.787845e-08 4.599813e-09 4.585553e-09 1.292526e-08 3.512212e-09 3.192357e-08 7.253754e-09 7.247134e-09 7.244039e-09 1.761286e-08 8.860798e-09 8.847506e-09 3.472648e-09 3.471431e-09 7.190302e-09 8.810761e-09 7.176980e-09 2.620345e+00
 3.100000e+01 2.081305e-09 2.542697e-09 6.855956e-09 1.705709e-09 2.774435e-09 4.492168e-09 6.123831e-09 5.021977e-10 6.613249e-09 9.341413e-10 2.404667e-09 3.496858e-09 2.387279e-09 9.231711e-10 1.920782e-09 1.916294e-09 1.195650e-09 4.279673e-09 3.416383e-09 4.251476e-09 1.887441e-09 2.319593e-09 9.007089e-10 6.972409e-09 4.750140e-09 1.172243e-09 1.168507e-09 3.363315e-09 8.938627e-10 9.042074e-09 1.856942e-09 1.855205e-09 1.854392e-09 4.676995e-09 2.277708e-09 2.274204e-09 8.834818e-10 8.831630e-10 1.840308e-09 2.264524e-09 1.836821e-09 2.294811e+00
 3.350000e+01 5.562690e-10 6.823348e-10 1.946485e-09 4.543643e-10 7.452860e-10 1.232680e-09 1.724357e-09 1.328833e-10 1.873639e-09 2.475824e-10 6.436674e-10 9.470702e-10 6.388300e-10 2.445544e-10 5.116079e-10 5.103703e-10 3.169148e-10 1.171902e-09 9.244642e-10 1.163874e-09 5.024291e-10 6.200685e-10 2.383781e-10 1.995441e-09 1.311855e-09 3.105085e-10 3.094883e-10 9.096070e-10 2.365023e-10 2.665894e-09 4.940615e-10 4.935857e-10 4.933634e-10 1.290834e-09 6.085139e-10 6.075493e-10 2.336642e-10 2.335772e-10 4.895097e-10 6.048870e-10 4.885568e-10 1.964781e+00
 3.600000e+01 1.567456e-10 1.930457e-10 5.808883e-10 1.276211e-10 2.110722e-10 3.564217e-10 5.107911e-10 3.707350e-11 5.581777e-10 6.919762e-11 1.816585e-10 2.703811e-10 1.802413e-10 6.831802e-11 1.436790e-10 1.433196e-10 8.857275e-11 3.381658e-10 2.636968e-10 3.357637e-10 1.410166e-10 1.747630e-10 6.653036e-11 5.999848e-10 3.816430e-10 8.672560e-11 8.643215e-11 2.593181e-10 6.598927e-11 8.226531e-10 1.385977e-10 1.384604e-10 1.383963e-10 3.753074e-10 1.714052e-10 1.711254e-10 6.517238e-11 6.514737e-11 1.372856e-10 1.703537e-10 1.370112e-10 1.667100e+00
 3.850000e+01 4.605065e-11 5.694451e-11 1.803420e-10 3.737930e-11 6.232567e-11 1.073944e-10 1.575008e-10 1.078538e-11 1.730301e-10 2.017015e-11 5.345993e-11 8.047191e-11 5.302826e-11 1.990460e-11 4.207709e-11 4.196846e-11 2.581520e-11 1.017035e-10 7.841748e-11 1.009571e-10 4.127348e-11 5.136422e-11 1.936651e-11 1.876423e-10 1.156869e-10 2.526093e-11 2.517303e-11 7.707512e-11 1.920407e-11 2.634751e-10 4.054527e-11 4.050399e-11 4.048470e-11 1.137040e-10 5.034790e-11 5.026334e-11 1.895920e-11 1.895171e-11 4.015097e-11 5.003019e-11 4.006857e-11 1.437141e+00
 4.100000e+01 1.376522e-11 1.709103e-11 5.692841e-11 1.114035e-11 1.872468e-11 3.291459e-11 4.938768e-11 3.192417e-12 5.453807e-11 5.983111e-12 1.600894e-11 2.436655e-11 1.587532e-11 5.901728e-12 1.253855e-11 1.250520e-11 7.656074e-12 3.111397e-11 2.372509e-11 3.087840e-11 1.229201e-11 1.536171e-11 5.737194e-12 5.967822e-11 3.566833e-11 7.487005e-12 7.460229e-12 2.330674e-11 5.687619e-12 8.583829e-11 1.206903e-11 1.205640e-11 1.205050e-11 3.503754e-11 1.504882e-11 1.502281e-11 5.612972e-12 5.610690e-12 1.194846e-11 1.495113e-11 1.192328e-11 1.273328e+00
 4.350000e+01 4.266536e-12 5.318616e-12 1.854691e-11 3.443574e-12 5.832818e-12 1.044797e-11 1.600135e-11 9.801187e-13 1.774950e-11 1.841032e-12 4.971535e-12 7.647661e-12 4.928811e-12 1.815213e-12 3.875148e-12 3.864541e-12 2.355161e-12 9.860645e-12 7.440567e-12 9.783922e-12 3.796811e-12 4.764673e-12 1.763109e-12 1.957498e-11 1.138602e-11 2.301728e-12 2.293276e-12 7.305746e-12 1.747437e-12 2.870450e-11 3.726079e-12 3.722077e-12 3.720207e-12 1.117931e-11 4.664934e-12 4.656654e-12 1.723865e-12 1.723145e-12 3.687889e-12 4.633837e-12 3.679918e-12 1.106795e+00
 4.600000e+01 1.375288e-12 1.721252e-12 6.278838e-12 1.106980e-12 1.889387e-12 3.447489e-12 5.387377e-12 3.129283e-13 6.001928e-12 5.891433e-13 1.605518e-12 2.495623e-12 1.591317e-12 5.806367e-13 1.245478e-12 1.241975e-12 7.534405e-13 3.248493e-12 2.426200e-12 3.222556e-12 1.219614e-12 1.536852e-12 5.635052e-13 6.671589e-12 3.777692e-12 7.359037e-13 7.331332e-13 2.381090e-12 5.583617e-13 9.978454e-12 1.196314e-12 1.194997e-12 1.194382e-12 3.707386e-12 1.503838e-12 1.501100e-12 5.506332e-13 5.503973e-13 1.183749e-12 1.493556e-12 1.181128e-12 9.652754e-01
 4.850000e+01 4.628472e-13 5.814516e-13 2.203479e-12 3.716728e-13 6.388688e-13 1.185144e-12 1.883309e-12 1.043925e-13 2.105336e-12 1.969848e-13 5.414299e-13 8.496572e-13 5.365266e-13 1.940687e-13 4.181414e-13 4.169377e-13 2.518440e-13 1.115485e-12 8.255302e-13 1.106409e-12 4.092611e-13 5.177414e-13 1.882012e-13 2.355577e-12 1.305357e-12 2.458459e-13 2.448989e-13 8.098567e-13 1.864411e-13 3.572046e-12 4.012631e-13 4.008112e-13 4.006000e-13 1.280641e-12 5.063620e-13 5.054186e-13 1.837980e-13 1.837173e-13 3.969528e-13 5.028201e-13 3.960539e-13 8.328082e-01
 5.100000e+01 1.537498e-13 1.938754e-13 7.639679e-13 1.231543e-13 2.131986e-13 4.021382e-13 6.500976e-13 3.436390e-14 7.293197e-13 6.499185e-14 1.801812e-13 2.854668e-13 1.785068e-13 6.400384e-14 1.385201e-13 1.381113e-13 8.306191e-14 3.779836e-13 2.771679e-13 3.748355e-13 1.355058e-13 1.721008e-13 6.201915e-14 8.213935e-13 4.450826e-13 8.103555e-14 8.071596e-14 2.717843e-13 6.142470e-14 1.265278e-12 1.327948e-13 1.326418e-13 1.325703e-13 4.364839e-13 1.682277e-13 1.679069e-13 6.053280e-14 6.050560e-14 1.313354e-13 1.670234e-13 1.310312e-13 7.619881e-01
 5.350000e+01 5.537913e-14 7.008035e-14 2.857562e-13 4.425665e-14 7.712998e-14 1.477161e-13 2.423462e-13 1.227164e-14 2.726752e-13 2.326105e-14 6.501921e-14 1.039327e-13 6.440142e-14 2.289896e-14 4.977098e-14 4.962076e-14 2.971848e-14 1.386917e-13 1.008518e-13 1.375185e-13 4.866383e-14 6.203952e-14 2.217226e-14 3.087943e-13 1.642344e-13 2.897719e-14 2.886033e-14 9.885418e-14 2.195475e-14 4.811584e-13 4.766879e-14 4.761262e-14 4.758639e-14 1.610120e-13 6.061272e-14 6.049457e-14 2.162856e-14 2.161861e-14 4.713338e-14 6.016924e-14 4.702179e-14 6.718979e-01
