#             0.000000e+00 2.668200e-01 9.470900e-01 9.498000e-01 1.018000e+00 1.168620e+00 1.222000e+00 1.425270e+00 1.450420e+00 1.463000e+00 1.470110e+00 1.598000e+00 1.642000e+00 1.735000e+00 1.909510e+00 1.917900e+00 2.025000e+00 2.040000e+00 2.047000e+00 2.075000e+00 2.078000e+00 2.094640e+00 2.184580e+00 2.276000e+00 2.284300e+00 2.302000e+00 2.363000e+00 2.374600e+00 2.391000e+00 0.000000e+00 0.000000e+00 0.000000e+00 0.000000e+00 0.000000e+00 0.000000e+00 0.000000e+00 0.000000e+00 0.000000e+00 0.000000e+00 0.000000e+00 0.000000e+00 2.392000e+00
 3.500000e+00 8.704168e-04 8.782982e-04 4.409639e-04 2.039549e-04 4.252837e-04 3.917734e-04 3.798688e-04 4.876295e-04 3.291614e-04 1.366407e-04 3.248312e-04 2.447578e-04 3.468760e-04 3.211541e-04 2.322152e-04 3.323367e-04 3.571634e-05 1.630814e-04 2.415955e-04 7.550696e-05 7.526084e-05 1.967126e-04 1.804741e-04 1.647130e-04 1.052515e-05 5.834627e-05 2.401862e-05 2.367321e-05 1.460140e-04 0.000000e+00 0.000000e+00 0.000000e+00 0.000000e+00 0.000000e+00 0.000000e+00 0.000000e+00 0.000000e+00 0.000000e+00 0.000000e+00 0.000000e+00 0.000000e+00 6.240310e-02
 6.000000e+00 1.245935e-02 1.086597e-02 5.857127e-03 6.992321e-03 5.786556e-03 5.632599e-03 5.576707e-03 8.825092e-03 5.329681e-03 6.050627e-03 5.307793e-03 7.998410e-03 8.939408e-03 8.711364e-03 4.795224e-03 7.805123e-03 3.231967e-03 6.942876e-03 7.929587e-03 4.899804e-03 4.894149e-03 4.565833e-03 4.451631e-03 4.333751e-03 1.613555e-03 4.473202e-03 2.793386e-03 2.778552e-03 4.182954e-03 0.000000e+00 0.000000e+00 0.000000e+00 0.000000e+00 0.000000e+00 0.000000e+00 0.000000e+00 0.000000e+00 0.000000e+00 0.000000e+00 0.000000e+00 0.000000e+00 9.700712e+00
 8.500000e+00 3.276850e-03 2.471419e-03 1.266939e-03 3.114070e-03 1.257211e-03 1.236416e-03 1.229001e-03 2.171792e-03 1.196979e-03 2.900196e-03 1.194195e-03 2.959500e-03 2.704348e-03 2.670444e-03 1.130902e-03 2.037603e-03 2.319425e-03 2.772616e-03 2.554869e-03 2.642218e-03 2.640938e-03 1.103448e-03 1.089910e-03 1.076002e-03 1.760018e-03 2.544774e-03 2.187405e-03 2.182841e-03 1.058283e-03 0.000000e+00 0.000000e+00 0.000000e+00 0.000000e+00 0.000000e+00 0.000000e+00 0.000000e+00 0.000000e+00 0.000000e+00 0.000000e+00 0.000000e+00 0.000000e+00 5.726184e+01
 1.100000e+01 4.809684e-04 3.355614e-04 1.662137e-04 5.917916e-04 1.651009e-04 1.627260e-04 1.618808e-04 3.006531e-04 1.582446e-04 5.614839e-04 1.579298e-04 4.991237e-04 4.110736e-04 4.069420e-04 1.508562e-04 2.852727e-04 5.416853e-04 4.748111e-04 3.929912e-04 5.245500e-04 5.243675e-04 1.478540e-04 1.463921e-04 1.449045e-04 5.037330e-04 5.107085e-04 5.205156e-04 5.197877e-04 1.430311e-04 0.000000e+00 0.000000e+00 0.000000e+00 0.000000e+00 0.000000e+00 0.000000e+00 0.000000e+00 0.000000e+00 0.000000e+00 0.000000e+00 0.000000e+00 0.000000e+00 1.100943e+02
 1.350000e+01 6.678130e-05 4.457148e-05 2.176938e-05 9.512530e-05 2.164638e-05 2.138452e-05 2.129152e-05 4.064088e-05 2.089237e-05 9.130329e-05 2.085787e-05 7.525266e-05 5.861473e-05 5.813780e-05 2.008431e-05 3.893359e-05 9.770567e-05 7.233866e-05 5.652594e-05 8.662426e-05 8.660098e-05 1.975624e-05 1.959640e-05 1.943361e-05 1.016480e-04 8.485378e-05 9.482646e-05 9.472681e-05 1.922840e-05 0.000000e+00 0.000000e+00 0.000000e+00 0.000000e+00 0.000000e+00 0.000000e+00 0.000000e+00 0.000000e+00 0.000000e+00 0.000000e+00 0.000000e+00 0.000000e+00 1.518308e+02
 1.600000e+01 9.739322e-06 6.313038e-06 3.053588e-06 1.521333e-05 3.038535e-06 3.006560e-06 2.995227e-06 5.819392e-06 2.946724e-06 1.468754e-05 2.942542e-06 1.153794e-05 8.684357e-06 8.623918e-06 2.849154e-06 5.608822e-06 1.672365e-05 1.115713e-05 8.420520e-06 1.405124e-05 1.404810e-05 2.809761e-06 2.790611e-06 2.771138e-06 1.863876e-05 1.381252e-05 1.632066e-05 1.630675e-05 2.746630e-06 0.000000e+00 0.000000e+00 0.000000e+00 0.000000e+00 0.000000e+00 0.000000e+00 0.000000e+00 0.000000e+00 0.000000e+00 0.000000e+00 0.000000e+00 0.000000e+00 1.756720e+02
 1.850000e+01 1.516366e-06 9.633245e-07 4.622203e-07 2.523706e-06 4.601321e-07 4.557097e-07 4.541465e-07 8.937838e-07 4.474815e-07 2.444091e-06 4.469088e-07 1.857001e-06 1.363658e-06 1.355114e-06 4.341958e-07 8.646710e-07 2.904572e-06 1.801897e-06 1.326515e-06 2.348879e-06 2.348411e-06 4.288762e-07 4.262990e-07 4.236841e-07 3.387658e-06 2.313459e-06 2.842647e-06 2.840517e-06 4.204008e-07 0.000000e+00 0.000000e+00 0.000000e+00 0.000000e+00 0.000000e+00 0.000000e+00 0.000000e+00 0.000000e+00 0.000000e+00 0.000000e+00 0.000000e+00 0.000000e+00 1.936719e+02
 2.100000e+01 2.555244e-07 1.598573e-07 7.633909e-08 4.456779e-07 7.601372e-08 7.532445e-08 7.508080e-08 1.489943e-07 7.404211e-08 4.322828e-07 7.395288e-08 3.200707e-07 2.310072e-07 2.296386e-07 7.197516e-08 1.444529e-07 5.295309e-07 3.111745e-07 2.250690e-07 4.163563e-07 4.162785e-07 7.114997e-08 7.075087e-08 7.034643e-08 6.382705e-07 4.104688e-07 5.189749e-07 5.186127e-07 6.983942e-08 0.000000e+00 0.000000e+00 0.000000e+00 0.000000e+00 0.000000e+00 0.000000e+00 0.000000e+00 0.000000e+00 0.000000e+00 0.000000e+00 0.000000e+00 0.000000e+00 2.013672e+02
 2.350000e+01 4.548223e-08 2.813717e-08 1.343455e-08 8.266227e-08 1.338302e-08 1.327355e-08 1.323476e-08 2.641057e-08 1.306876e-08 8.036304e-08 1.305445e-08 5.825097e-08 4.151584e-08 4.128992e-08 1.273552e-08 2.567591e-08 1.007602e-07 5.675529e-08 4.053206e-08 7.759631e-08 7.758270e-08 1.260144e-08 1.253638e-08 1.247032e-08 1.245752e-07 7.656564e-08 9.887163e-08 9.880669e-08 1.238733e-08 0.000000e+00 0.000000e+00 0.000000e+00 0.000000e+00 0.000000e+00 0.000000e+00 0.000000e+00 0.000000e+00 0.000000e+00 0.000000e+00 0.000000e+00 0.000000e+00 2.027235e+02
 2.600000e+01 8.677716e-09 5.326130e-09 2.545446e-09 1.632015e-08 2.536861e-09 2.518630e-09 2.512170e-09 5.035708e-09 2.484527e-09 1.591580e-08 2.482144e-09 1.134468e-08 8.004166e-09 7.965868e-09 2.428954e-09 4.912254e-09 2.038885e-08 1.108632e-08 7.837185e-09 1.542796e-08 1.542555e-08 2.406530e-09 2.395632e-09 2.384552e-09 2.575498e-08 1.524536e-08 2.004581e-08 2.003398e-08 2.370610e-09 0.000000e+00 0.000000e+00 0.000000e+00 0.000000e+00 0.000000e+00 0.000000e+00 0.000000e+00 0.000000e+00 0.000000e+00 0.000000e+00 0.000000e+00 0.000000e+00 1.993838e+02
 2.850000e+01 1.715266e-09 1.046342e-09 5.000080e-10 3.306358e-09 4.984603e-10 4.951800e-10 4.940198e-10 9.936577e-10 4.890680e-10 3.230504e-09 4.886421e-10 2.273994e-09 1.591850e-09 1.584949e-09 4.791747e-10 9.715686e-10 4.216698e-09 2.226969e-09 1.561848e-09 3.140115e-09 3.139672e-09 4.752052e-10 4.732804e-10 4.713263e-10 5.423615e-09 3.106569e-09 4.152490e-09 4.150282e-09 4.688713e-10 0.000000e+00 0.000000e+00 0.000000e+00 0.000000e+00 0.000000e+00 0.000000e+00 0.000000e+00 0.000000e+00 0.000000e+00 0.000000e+00 0.000000e+00 0.000000e+00 2.036915e+02
 3.100000e+01 3.607224e-10 2.189494e-10 1.046138e-10 7.085738e-10 1.043078e-10 1.036596e-10 1.034303e-10 2.085294e-10 1.024523e-10 6.929414e-10 1.023683e-10 4.829023e-10 3.360384e-10 3.346627e-10 1.005021e-10 2.041725e-10 9.176096e-10 4.734527e-10 3.300663e-10 6.744091e-10 6.743185e-10 9.972157e-11 9.934360e-11 9.896023e-11 1.198285e-09 6.675681e-10 9.043253e-10 9.038698e-10 9.847914e-11 0.000000e+00 0.000000e+00 0.000000e+00 0.000000e+00 0.000000e+00 0.000000e+00 0.000000e+00 0.000000e+00 0.000000e+00 0.000000e+00 0.000000e+00 0.000000e+00 1.979852e+02
 3.350000e+01 7.908716e-11 4.782111e-11 2.286230e-11 1.578112e-10 2.279953e-11 2.266641e-11 2.261931e-11 4.568365e-11 2.241819e-11 1.544904e-10 2.240089e-11 1.067851e-10 7.398257e-11 7.369647e-11 2.201622e-11 4.478558e-11 2.069843e-10 1.048032e-10 7.273945e-11 1.505416e-10 1.505223e-10 2.185503e-11 2.177691e-11 2.169765e-11 2.738797e-10 1.490812e-10 2.041006e-10 2.040017e-10 2.159812e-11 0.000000e+00 0.000000e+00 0.000000e+00 0.000000e+00 0.000000e+00 0.000000e+00 0.000000e+00 0.000000e+00 0.000000e+00 0.000000e+00 0.000000e+00 0.000000e+00 1.911134e+02
 3.600000e+01 1.831543e-11 1.104511e-11 5.285318e-12 3.701323e-11 5.271811e-12 5.243160e-12 5.233019e-12 1.058445e-11 5.189695e-12 3.628078e-11 5.185967e-12 2.491915e-11 1.721002e-11 1.714792e-11 5.102994e-12 1.039048e-11 4.910983e-11 2.448578e-11 1.694002e-11 3.540836e-11 3.540409e-11 5.068166e-12 5.051276e-12 5.034127e-12 6.574689e-11 3.508511e-11 4.846129e-11 4.843903e-11 5.012575e-12 0.000000e+00 0.000000e+00 0.000000e+00 0.000000e+00 0.000000e+00 0.000000e+00 0.000000e+00 0.000000e+00 0.000000e+00 0.000000e+00 0.000000e+00 0.000000e+00 1.830738e+02
 3.850000e+01 4.431736e-12 2.667618e-12 1.277497e-12 9.044616e-12 1.274441e-12 1.267961e-12 1.265668e-12 2.563171e-12 1.255874e-12 8.875717e-12 1.255032e-12 6.066772e-12 4.180201e-12 4.166105e-12 1.236285e-12 2.519271e-12 1.211869e-11 5.967815e-12 4.118923e-12 8.674911e-12 8.673928e-12 1.228420e-12 1.224606e-12 1.220733e-12 1.638948e-11 8.600588e-12 1.196771e-11 1.196253e-11 1.215869e-12 0.000000e+00 0.000000e+00 0.000000e+00 0.000000e+00 0.000000e+00 0.000000e+00 0.000000e+00 0.000000e+00 0.000000e+00 0.000000e+00 0.000000e+00 0.000000e+00 1.749865e+02
 4.100000e+01 1.094076e-12 6.576928e-13 3.151371e-13 2.250033e-12 3.144235e-13 3.129107e-13 3.123755e-13 6.332709e-13 3.100907e-13 2.209941e-12 3.098941e-13 1.504880e-12 1.035057e-12 1.031758e-12 3.055251e-13 6.230282e-13 3.038062e-12 1.481620e-12 1.020725e-12 2.162396e-12 2.162164e-12 3.036946e-13 3.028070e-13 3.019060e-13 4.143603e-12 2.144830e-12 3.002024e-12 3.000788e-12 3.007745e-13 0.000000e+00 0.000000e+00 0.000000e+00 0.000000e+00 0.000000e+00 0.000000e+00 0.000000e+00 0.000000e+00 0.000000e+00 0.000000e+00 0.000000e+00 0.000000e+00 1.742763e+02
 4.350000e+01 2.810553e-13 1.687970e-13 8.091622e-14 5.815070e-13 8.074149e-14 8.037108e-14 8.024004e-14 1.628122e-13 7.968072e-14 5.715548e-13 7.963262e-14 3.880713e-13 2.665508e-13 2.657409e-13 7.856345e-14 1.603042e-13 7.899199e-13 3.823405e-13 2.630327e-13 5.597643e-13 5.597067e-13 7.811549e-14 7.789840e-14 7.767809e-14 1.084983e-12 5.554127e-13 7.809099e-13 7.806011e-13 7.740146e-14 0.000000e+00 0.000000e+00 0.000000e+00 0.000000e+00 0.000000e+00 0.000000e+00 0.000000e+00 0.000000e+00 0.000000e+00 0.000000e+00 0.000000e+00 0.000000e+00 1.666346e+02
 4.600000e+01 7.528569e-14 4.518846e-14 2.167129e-14 1.565204e-13 2.162652e-14 2.153161e-14 2.149803e-14 4.365429e-14 2.135470e-14 1.539425e-13 2.134237e-14 1.042900e-13 7.156004e-14 7.135197e-14 2.106837e-14 4.301123e-14 2.136750e-13 1.028139e-13 7.065652e-14 1.508897e-13 1.508748e-13 2.095366e-14 2.089802e-14 2.084155e-14 2.952362e-13 1.497630e-13 2.113230e-13 2.112424e-13 2.077065e-14 0.000000e+00 0.000000e+00 0.000000e+00 0.000000e+00 0.000000e+00 0.000000e+00 0.000000e+00 0.000000e+00 0.000000e+00 0.000000e+00 0.000000e+00 0.000000e+00 1.590889e+02
 4.850000e+01 2.113877e-14 1.268395e-14 6.085248e-15 4.411736e-14 6.073194e-15 6.047640e-15 6.038600e-15 1.227053e-14 6.000010e-15 4.341728e-14 5.996690e-15 2.936445e-14 2.013358e-14 2.007746e-14 5.922912e-15 1.209727e-14 6.047842e-14 2.896518e-14 1.988978e-14 4.258830e-14 4.258425e-14 5.891996e-15 5.877012e-15 5.861806e-15 8.397623e-14 4.228245e-14 5.983553e-14 5.981350e-14 5.842712e-15 0.000000e+00 0.000000e+00 0.000000e+00 0.000000e+00 0.000000e+00 0.000000e+00 0.000000e+00 0.000000e+00 0.000000e+00 0.000000e+00 0.000000e+00 0.000000e+00 1.507872e+02
 5.100000e+01 5.871363e-15 3.522728e-15 1.690644e-15 1.229030e-14 1.687424e-15 1.680597e-15 1.678181e-15 3.412229e-15 1.667883e-15 1.210206e-14 1.666996e-15 8.175612e-15 5.602468e-15 5.587456e-15 1.647289e-15 3.365916e-15 1.690556e-14 8.068601e-15 5.537265e-15 1.187918e-14 1.187809e-14 1.639031e-15 1.635029e-15 1.630968e-15 2.356719e-14 1.179698e-14 1.673180e-14 1.672585e-14 1.625868e-15 0.000000e+00 0.000000e+00 0.000000e+00 0.000000e+00 0.000000e+00 0.000000e+00 0.000000e+00 0.000000e+00 0.000000e+00 0.000000e+00 0.000000e+00 0.000000e+00 1.528978e+02
 5.350000e+01 1.772290e-15 1.063385e-15 5.104667e-16 3.718697e-15 5.095281e-16 5.075386e-16 5.068348e-16 1.031142e-15 5.038309e-16 3.663514e-15 5.035726e-16 2.472900e-15 1.693804e-15 1.689426e-15 4.978313e-16 1.017641e-15 5.129367e-15 2.441640e-15 1.674791e-15 3.598239e-15 3.597921e-15 4.954260e-16 4.942604e-16 4.930775e-16 7.174041e-15 3.574174e-15 5.078261e-15 5.076511e-15 4.915923e-16 0.000000e+00 0.000000e+00 0.000000e+00 0.000000e+00 0.000000e+00 0.000000e+00 0.000000e+00 0.000000e+00 0.000000e+00 0.000000e+00 0.000000e+00 0.000000e+00 1.350842e+02
