#             0.000000e+00 9.345100e-01 1.382770e+00 1.495460e+00 1.847270e+00 2.066650e+00 2.182000e+00 2.339660e+00 2.398360e+00 2.473400e+00 2.486010e+00 2.666000e+00 2.743550e+00 2.752000e+00 2.819540e+00 2.864660e+00 2.904080e+00 2.909430e+00 2.957400e+00 3.039700e+00 3.057400e+00 3.124610e+00 3.178310e+00 3.190990e+00 3.236900e+00 3.262620e+00 3.275760e+00 3.289130e+00 3.304000e+00 3.308700e+00 3.325000e+00 3.345000e+00 3.371480e+00 3.379800e+00 3.382000e+00 3.407830e+00 3.446000e+00 3.452170e+00 3.463040e+00 3.471880e+00 3.491000e+00 3.492000e+00
 3.500000e+00 5.494233e-06 1.844618e-07 3.142716e-09 1.337047e-09 5.865556e-11 2.423397e-12 3.194093e-13 8.987388e-15 1.331427e-15 3.273186e-16 6.405769e-17 3.090185e-19 4.606794e-21 0.000000e+00 0.000000e+00 0.000000e+00 0.000000e+00 0.000000e+00 0.000000e+00 0.000000e+00 0.000000e+00 0.000000e+00 0.000000e+00 0.000000e+00 0.000000e+00 0.000000e+00 0.000000e+00 0.000000e+00 0.000000e+00 0.000000e+00 0.000000e+00 0.000000e+00 0.000000e+00 0.000000e+00 0.000000e+00 0.000000e+00 0.000000e+00 0.000000e+00 0.000000e+00 0.000000e+00 0.000000e+00 0.000000e+00
 6.000000e+00 3.090111e-03 3.382619e-03 5.452451e-04 9.378282e-04 5.702701e-04 3.191214e-04 2.285376e-04 1.292469e-04 8.287913e-05 8.075012e-05 4.165658e-05 3.963935e-05 2.075461e-05 2.856489e-05 2.341404e-05 1.372660e-05 5.734405e-06 1.321780e-05 3.717323e-06 7.181566e-06 7.889173e-06 4.005274e-06 3.014410e-06 2.544583e-06 2.194022e-06 2.689053e-06 2.079388e-06 1.927149e-06 6.137439e-07 1.700078e-07 4.675628e-07 7.972407e-07 1.165223e-06 2.156662e-07 1.227124e-06 1.047385e-06 8.249211e-07 8.669563e-07 5.698158e-07 5.438835e-07 6.170224e-07 3.178094e-06
 8.500000e+00 1.344952e-03 3.932131e-03 8.765153e-04 3.720021e-03 2.575840e-03 2.243493e-03 2.070656e-03 2.115514e-03 2.045534e-03 1.526203e-03 1.737470e-03 1.277959e-03 1.386104e-03 1.450140e-03 1.181371e-03 1.297641e-03 3.008141e-04 1.142290e-03 8.820219e-04 9.774780e-04 8.990550e-04 5.196391e-04 8.820915e-04 8.089018e-04 8.139054e-04 6.863416e-04 7.131542e-04 6.995826e-04 5.556379e-04 2.844090e-04 1.289758e-04 6.336963e-04 4.146718e-04 3.718476e-04 6.551762e-04 6.298579e-04 5.935683e-04 5.182337e-04 5.805422e-04 3.163443e-04 5.525098e-04 3.206869e-02
 1.100000e+01 2.281283e-04 8.304544e-04 1.838627e-04 1.108757e-03 6.957207e-04 6.611520e-04 6.426456e-04 7.895078e-04 8.957162e-04 5.601365e-04 9.332164e-04 5.293386e-04 7.743246e-04 7.003919e-04 5.365172e-04 7.781858e-04 1.265765e-04 6.330073e-04 8.022834e-04 6.048861e-04 4.954392e-04 2.856018e-04 6.968226e-04 6.620989e-04 6.814626e-04 4.594834e-04 5.534029e-04 5.504702e-04 7.060200e-04 5.682510e-04 8.356699e-05 6.974476e-04 2.860709e-04 6.367210e-04 5.587135e-04 5.528034e-04 5.440609e-04 4.259440e-04 6.218316e-04 2.495059e-04 5.337409e-04 1.025658e+00
 1.350000e+01 3.592727e-05 1.413152e-04 3.069426e-05 2.140217e-04 1.258424e-04 1.219660e-04 1.199039e-04 1.565838e-04 1.891619e-04 1.084622e-04 2.133988e-04 1.050656e-04 1.725886e-04 1.466001e-04 1.082175e-04 1.755881e-04 2.437306e-05 1.365868e-04 2.148145e-04 1.334325e-04 1.037356e-04 5.875957e-05 1.661732e-04 1.595297e-04 1.643891e-04 9.981761e-05 1.276452e-04 1.273147e-04 2.022705e-04 2.051522e-04 1.754948e-05 1.847478e-04 6.112842e-05 2.061166e-04 1.307676e-04 1.301039e-04 1.291209e-04 9.615786e-05 1.574287e-04 5.486852e-05 1.279589e-04 3.987364e+00
 1.600000e+01 5.946072e-06 2.430717e-05 5.210879e-06 3.917947e-05 2.217550e-05 2.164990e-05 2.137157e-05 2.871431e-05 3.577460e-05 1.958978e-05 4.198018e-05 1.913674e-05 3.324414e-05 2.737830e-05 1.980978e-05 3.394867e-05 4.356703e-06 2.576528e-05 4.526407e-05 2.534758e-05 1.921741e-05 1.076568e-05 3.269420e-05 3.150052e-05 3.245752e-05 1.870236e-05 2.458457e-05 2.454112e-05 4.352513e-05 4.996507e-05 3.224636e-06 3.809261e-05 1.132456e-05 4.713272e-05 2.528736e-05 2.520039e-05 2.507168e-05 1.822354e-05 3.153704e-05 1.025565e-05 2.491968e-05 6.889283e+00
 1.850000e+01 1.049103e-06 4.392599e-06 9.327487e-07 7.353098e-06 4.057821e-06 3.976104e-06 3.932958e-06 5.372323e-06 6.818027e-06 3.626991e-06 8.189114e-06 3.557368e-06 6.387079e-06 5.166029e-06 3.692410e-06 6.535092e-06 8.006416e-07 4.883520e-06 9.167374e-06 4.819594e-06 3.601843e-06 2.002646e-06 6.342279e-06 6.118946e-06 6.306039e-06 3.523391e-06 4.703216e-06 4.696604e-06 8.894705e-06 1.100875e-05 5.998606e-07 7.585178e-06 2.117590e-06 9.983121e-06 4.846400e-06 4.833187e-06 4.813646e-06 3.450687e-06 6.165511e-06 1.925237e-06 4.790585e-06 7.823601e+00
 2.100000e+01 1.992936e-07 8.485400e-07 1.788550e-07 1.458590e-06 7.898573e-07 7.756301e-07 7.681331e-07 1.061294e-06 1.364145e-06 7.107494e-07 1.664690e-06 6.987220e-07 1.283209e-06 1.025439e-06 7.265221e-07 1.314690e-06 1.560019e-07 9.714610e-07 1.908433e-06 9.604227e-07 7.109343e-07 3.930423e-07 1.281177e-06 1.236610e-06 1.274895e-06 6.974641e-07 9.403741e-07 9.392369e-07 1.860154e-06 2.421751e-06 1.176141e-07 1.558622e-06 4.169758e-07 2.137823e-06 9.702577e-07 9.679860e-07 9.646276e-07 6.850079e-07 1.250587e-06 3.798077e-07 9.606665e-07 7.580538e+00
 2.350000e+01 4.002479e-08 1.726078e-07 3.616606e-08 3.028369e-07 1.615228e-07 1.588483e-07 1.574409e-07 2.194165e-07 2.847980e-07 1.459780e-07 3.517624e-07 1.437302e-07 2.685305e-07 2.126650e-07 1.496506e-07 2.754145e-07 3.190105e-08 2.017067e-07 4.102150e-07 1.996373e-07 1.467409e-07 8.075610e-08 2.690790e-07 2.597266e-07 2.678935e-07 1.442302e-07 1.958842e-07 1.956715e-07 4.008957e-07 5.417423e-07 2.413671e-08 3.314897e-07 8.588307e-08 4.687894e-07 2.023175e-07 2.018926e-07 2.012646e-07 1.419113e-07 2.633121e-07 7.830253e-08 2.005241e-07 6.908647e+00
 2.600000e+01 8.662127e-09 3.773505e-08 7.868024e-09 6.733069e-08 3.544757e-08 3.489775e-08 3.460874e-08 4.857147e-08 6.355789e-08 3.212864e-08 7.928290e-08 3.166900e-08 6.000629e-08 4.717941e-08 3.301298e-08 6.160651e-08 6.997483e-09 4.477445e-08 9.371001e-08 4.434961e-08 3.241867e-08 1.776978e-08 6.029326e-08 5.818306e-08 6.004790e-08 3.190652e-08 4.358005e-08 4.353648e-08 9.173362e-08 1.277074e-07 5.304177e-09 7.503068e-08 1.893495e-08 1.087602e-07 4.505400e-08 4.496692e-08 4.483825e-08 3.143405e-08 5.910080e-08 1.727218e-08 4.468659e-08 6.131946e+00
 2.850000e+01 1.941937e-09 8.532616e-09 1.771474e-09 1.544814e-08 8.039510e-09 7.921340e-09 7.859272e-09 1.109632e-08 1.462270e-08 7.301694e-09 1.839840e-08 7.203311e-09 1.381553e-08 1.079574e-08 7.517146e-09 1.419752e-08 1.585868e-09 1.024784e-08 2.199391e-08 1.015642e-08 7.389963e-09 4.036021e-09 1.391201e-08 1.341958e-08 1.385872e-08 7.280459e-09 9.990968e-09 9.981606e-09 2.155362e-08 3.077919e-08 1.203130e-09 1.746255e-08 4.308145e-09 2.585730e-08 1.033798e-08 1.031926e-08 1.029159e-08 7.179516e-09 1.365320e-08 3.930311e-09 1.025899e-08 5.373612e+00
 3.100000e+01 4.616459e-10 2.043520e-09 4.225730e-10 3.747662e-09 1.929899e-09 1.902750e-09 1.888502e-09 2.680415e-09 3.554572e-09 1.755303e-09 4.507226e-09 1.732787e-09 3.359517e-09 2.611028e-09 1.810101e-09 3.455512e-09 3.802842e-10 2.478552e-09 5.441858e-09 2.457523e-09 1.781015e-09 9.694601e-10 3.389149e-09 3.267584e-09 3.376777e-09 1.755996e-09 2.419500e-09 2.417350e-09 5.336952e-09 7.796252e-09 2.886238e-10 4.286979e-09 1.036468e-09 6.470373e-09 2.505653e-09 2.501350e-09 2.494993e-09 1.732951e-09 3.329126e-09 9.454681e-10 2.487525e-09 4.685191e+00
 3.350000e+01 1.140882e-10 5.084217e-10 1.047448e-10 9.434726e-10 4.810870e-10 4.745678e-10 4.711484e-10 6.719109e-10 8.962418e-10 4.380258e-10 1.144630e-09 4.326360e-10 8.471394e-10 6.551634e-10 4.523629e-10 8.720956e-10 9.468054e-11 6.218494e-10 1.394555e-09 6.167810e-10 4.453975e-10 2.417020e-10 8.559335e-10 8.247755e-10 8.529232e-10 4.394121e-10 6.076271e-10 6.071097e-10 1.368351e-09 2.041476e-09 7.186603e-11 1.090344e-09 2.587456e-10 1.675209e-09 6.297559e-10 6.287197e-10 6.271892e-10 4.339023e-10 8.413292e-10 2.359962e-10 6.253861e-10 4.103434e+00
 3.600000e+01 2.974418e-11 1.333461e-10 2.737410e-11 2.501789e-10 1.263814e-10 1.247233e-10 1.238541e-10 1.774167e-10 2.379527e-10 1.151605e-10 3.059620e-10 1.137939e-10 2.248925e-10 1.731302e-10 1.190833e-10 2.317133e-10 2.483601e-11 1.642931e-10 3.759074e-10 1.630008e-10 1.173179e-10 6.347616e-11 2.275463e-10 2.191330e-10 2.267694e-10 1.158005e-10 1.606658e-10 1.605340e-10 3.689787e-10 5.614476e-10 1.885087e-11 2.917852e-10 6.803560e-11 4.558719e-10 1.666421e-10 1.663778e-10 1.659874e-10 1.144052e-10 2.237833e-10 6.203916e-11 1.655276e-10 3.604984e+00
 3.850000e+01 8.095071e-12 3.648639e-11 7.465146e-12 6.915739e-11 3.462264e-11 3.418012e-11 3.394827e-11 4.883228e-11 6.583521e-11 3.156419e-11 8.519812e-11 3.120069e-11 6.220622e-11 4.768203e-11 3.267737e-11 6.414537e-11 6.792863e-12 4.523394e-11 1.055038e-10 4.488817e-11 3.220781e-11 1.737647e-11 6.301860e-11 6.065079e-11 6.280899e-11 3.180433e-11 4.426372e-11 4.422847e-11 1.035842e-10 1.606002e-10 5.153873e-12 8.131829e-11 1.864574e-11 1.290970e-10 4.594421e-11 4.587351e-11 4.576911e-11 3.143373e-11 6.200215e-11 1.699687e-11 4.564614e-11 3.188803e+00
 4.100000e+01 2.243730e-12 1.016330e-11 2.072744e-12 1.945354e-11 9.654557e-12 9.533892e-12 9.470698e-12 1.367696e-11 1.853157e-11 8.804426e-12 2.413195e-11 8.706030e-12 1.750440e-11 1.336211e-11 9.125080e-12 1.806452e-11 1.891033e-12 1.267106e-11 3.011171e-11 1.257641e-11 8.997315e-12 4.840719e-12 1.775279e-11 1.707465e-11 1.769484e-11 8.887692e-12 1.240568e-11 1.239604e-11 2.956776e-11 4.668998e-11 1.433918e-12 2.304725e-11 5.199800e-12 3.716424e-11 1.288608e-11 1.286647e-11 1.283789e-11 8.786776e-12 1.747177e-11 4.738090e-12 1.280424e-11 2.819589e+00
 4.350000e+01 6.456047e-13 2.938359e-12 5.973491e-13 5.677064e-12 2.793801e-12 2.759569e-12 2.741648e-12 3.974335e-12 5.411018e-12 2.548313e-12 7.088574e-12 2.520334e-12 5.108622e-12 3.884276e-12 2.643585e-12 5.276232e-12 5.461858e-13 3.681872e-12 8.908635e-12 3.654922e-12 2.607424e-12 1.399068e-12 5.186557e-12 4.985141e-12 5.169806e-12 2.576340e-12 3.606249e-12 3.603507e-12 8.748421e-12 1.405648e-11 4.139021e-13 6.772520e-12 1.504264e-12 1.108532e-11 3.748507e-12 3.742996e-12 3.734858e-12 2.547854e-12 5.105754e-12 1.370197e-12 3.725276e-12 2.509483e+00
 4.600000e+01 1.934158e-13 8.840348e-13 1.791413e-13 1.723608e-12 8.410983e-13 8.309481e-13 8.256373e-13 1.201295e-12 1.643372e-12 7.672096e-13 2.165672e-12 7.589373e-13 1.550698e-12 1.174442e-12 7.966078e-13 1.602815e-12 1.640918e-13 1.112728e-12 2.741042e-12 1.104835e-12 7.860044e-13 4.206156e-13 1.575999e-12 1.513745e-12 1.570994e-12 7.768063e-13 1.090351e-12 1.089536e-12 2.692020e-12 4.400762e-12 1.242758e-13 2.069804e-12 4.526367e-13 3.438621e-12 1.134133e-12 1.132494e-12 1.130074e-12 7.683929e-13 1.551763e-12 4.121283e-13 1.127224e-12 2.247815e+00
 4.850000e+01 6.062523e-14 2.782732e-13 5.621997e-14 5.471373e-13 2.649027e-13 2.617458e-13 2.600946e-13 3.797454e-13 5.218140e-13 2.416094e-13 6.914388e-13 2.390429e-13 4.921204e-13 3.713504e-13 2.510616e-13 5.090164e-13 5.156841e-14 3.516547e-13 8.807997e-13 3.491549e-13 2.477451e-13 1.322330e-13 5.005345e-13 4.804543e-13 4.989600e-13 2.449038e-13 3.446516e-13 3.443975e-13 8.650018e-13 1.435920e-12 3.902288e-14 6.609056e-13 1.424270e-13 1.112943e-12 3.587304e-13 3.582190e-13 3.574640e-13 2.422959e-13 4.929118e-13 1.296233e-13 3.565751e-13 2.023336e+00
 5.100000e+01 1.877202e-14 8.648977e-14 1.741802e-14 1.715135e-13 8.236574e-14 8.139327e-14 8.088482e-14 1.185026e-13 1.635786e-13 7.510292e-14 2.179863e-13 7.431452e-14 1.541710e-13 1.159025e-13 7.810434e-14 1.595863e-13 1.599600e-14 1.096986e-13 2.795285e-13 1.089259e-13 7.708494e-14 4.103561e-14 1.569682e-13 1.505662e-13 1.564767e-13 7.622737e-14 1.075555e-13 1.074770e-13 2.745344e-13 4.631393e-13 1.209676e-14 2.083956e-13 4.424304e-14 3.559005e-13 1.120233e-13 1.118651e-13 1.116316e-13 7.542621e-14 1.545896e-13 4.024658e-14 1.113567e-13 1.793291e+00
 5.350000e+01 6.308307e-15 2.918315e-14 5.858623e-15 5.834685e-14 2.779949e-14 2.747047e-14 2.730030e-14 4.013683e-14 5.564830e-14 2.534062e-14 7.455980e-14 2.507706e-14 5.241291e-14 3.926107e-14 2.637230e-14 5.429298e-14 5.385481e-15 3.713888e-14 9.620892e-14 3.687912e-14 2.603146e-14 1.382157e-14 5.339481e-14 5.118178e-14 5.322822e-14 2.573972e-14 3.641155e-14 3.638519e-14 9.446814e-14 1.617823e-13 4.068442e-15 7.126343e-14 1.491001e-14 1.233404e-13 3.794842e-14 3.789524e-14 3.781676e-14 2.547216e-14 5.258869e-14 1.355673e-14 3.772438e-14 1.632042e+00
