$SPEC_ID:
No sample description was entered.
$SPEC_REM:
DET# 2
DETDESC# DETECTOR 2
AP# Maestro Version 7.01
$DATE_MEA:
01/24/2017 13:35:53
$MEAS_TIM:
428 447
$DATA:
0 8191
       0
       0
       0
       0
       0
       0
       0
       0
       0
       0
       0
       0
       0
       0
       0
       0
       0
       0
       0
       0
       0
       0
       0
       0
       0
       0
       0
       0
       0
       0
       0
       0
       0
       0
       0
       0
       0
       0
       0
       0
       0
       0
       0
       0
       0
       0
       0
       0
       0
       0
       0
       0
       0
       0
       0
       0
       0
       0
       0
       0
       0
       0
       0
       0
       0
       0
       0
       0
       0
       0
       0
       0
       0
       0
       0
       0
       0
       0
       0
       0
       0
       0
       0
       0
       0
       0
       0
       0
       0
       0
       0
       0
       0
       0
       0
       0
     278
    4079
    5805
    5702
    8187
   21827
   50197
   78598
   81095
   48182
   16604
    6128
    3874
    3270
    2953
    2851
    2394
    1723
    1484
    2210
    7206
   17096
   20504
   12452
    7482
    6555
    4132
    1764
     796
     782
     803
     683
     628
     530
     537
     499
     476
     502
     462
     447
     438
     491
     455
     482
     504
     519
     451
     526
     494
     458
     511
     541
     476
     568
     524
     530
     574
     559
     579
     633
     628
     572
     611
     602
     610
     592
     663
     610
     683
     620
     671
     664
     660
     699
     703
     705
     699
     697
     686
     775
     738
     759
     782
     804
     842
     829
     862
     833
     858
     805
     860
    1105
    2028
    3088
    2777
    1662
    1223
    1797
    3554
    4803
    3682
    1766
     987
     858
     798
     770
     676
     715
     728
     754
     836
     923
     884
     875
     813
     788
     754
     861
     924
     925
    1054
    1171
    1337
    1746
    2396
    2603
    2125
    1409
    1297
    1165
    1287
    1392
    1380
    1162
    1047
     999
     974
    1045
    1082
    1023
    1050
    1066
    1032
    1056
    1077
    1109
    1061
    1057
    1110
    1065
    1104
    1134
    1095
    1043
    1041
    1101
     958
    1018
    1002
    1023
     949
     966
     914
     901
     882
     850
     865
     860
     798
     827
     756
     783
     701
     694
     797
     745
     703
     657
     713
     681
     641
     656
     635
     637
     649
     650
     646
     628
     586
     640
     649
     628
     630
     669
     656
     672
     646
     618
     652
     638
     640
     634
     638
     637
     608
     575
     591
     590
     592
     574
     570
     621
     584
     567
     531
     553
     566
     642
    1652
    7747
   24538
   41648
   36450
   16709
    5154
    2169
    1261
     823
     597
     544
     489
     490
     521
     464
     463
     541
     527
     499
     493
     510
     460
     502
     440
     485
     475
     478
     464
     484
     489
     494
     455
     504
     469
     512
     483
     470
     451
     497
     475
     445
     473
     460
     479
     463
     477
     498
     505
     493
     492
     483
     460
     481
     463
     491
     478
     469
     463
     480
     500
     501
     476
     520
     560
     513
     525
     509
     522
     509
     598
     607
     639
     613
     619
     578
     600
     603
     555
     569
     612
     621
     602
     562
     589
     598
     574
     600
     585
     523
     563
     553
     601
     550
     511
     547
     614
     599
     549
     615
     553
     590
     581
     577
     606
     626
     770
     909
     804
     744
     577
     530
     555
     553
     479
     485
     562
     537
     478
     565
     509
     606
     568
     566
     553
     528
     525
     498
     482
     515
     461
     491
     484
     504
     483
     472
     528
     514
     467
     466
     503
     486
     517
     504
     516
     493
     460
     484
     508
     485
     475
     476
     505
     505
     452
     502
     480
     521
     500
     481
     496
     519
     529
     502
     523
     493
     529
     504
     529
     488
     566
     508
     497
     518
     519
     532
     472
     524
     554
     495
     531
     487
     498
     536
     516
     503
     518
     506
     526
     494
     496
     504
     483
     499
     508
     490
     511
     548
     484
     503
     477
     499
     471
     437
     459
     455
     440
     444
     511
     450
     448
     482
     438
     452
     436
     394
     462
     431
     429
     427
     425
     435
     409
     405
     442
     433
     378
     404
     431
     400
     404
     411
     421
     419
     423
     447
     407
     428
     421
     437
     440
     424
     425
     381
     422
     431
     406
     388
     360
     396
     378
     425
     392
     395
     349
     394
     396
     392
     416
     393
     408
     384
     357
     386
     349
     401
     374
     378
     365
     331
     362
     345
     333
     322
     372
     330
     339
     338
     350
     364
     342
     327
     343
     314
     327
     317
     333
     303
     299
     321
     308
     294
     335
     290
     327
     308
     324
     311
     319
     296
     314
     312
     285
     288
     286
     281
     309
     304
     290
     292
     262
     281
     273
     290
     293
     294
     276
     299
     281
     317
     383
     856
    2367
    5023
    6785
    5511
    2784
    1114
     529
     391
     361
     279
     343
     271
     287
     280
     248
     310
     249
     260
     257
     299
     295
     320
     282
     259
     237
     257
     248
     249
     245
     257
     250
     236
     253
     251
     241
     248
     238
     236
     236
     264
     233
     246
     238
     243
     264
     258
     236
     227
     234
     243
     238
     221
     222
     254
     252
     216
     225
     206
     242
     217
     246
     231
     219
     253
     227
     235
     223
     238
     259
     252
     280
     304
     282
     265
     223
     214
     223
     223
     226
     235
     224
     247
     262
     244
     224
     207
     229
     223
     212
     220
     222
     240
     199
     205
     242
     217
     205
     232
     219
     199
     259
     234
     220
     216
     230
     298
     319
     259
     224
     199
     204
     204
     222
     191
     210
     202
     188
     206
     215
     240
     212
     229
     226
     202
     218
     216
     187
     193
     189
     186
     176
     199
     209
     247
     363
     459
     497
     394
     299
     244
     201
     191
     198
     192
     173
     187
     212
     186
     193
     164
     176
     195
     179
     209
     172
     187
     181
     198
     163
     150
     192
     193
     208
     195
     191
     168
     184
     186
     187
     185
     161
     185
     172
     161
     159
     180
     177
     172
     196
     173
     188
     193
     158
     172
     202
     190
     202
     192
     178
     188
     209
     173
     174
     172
     185
     152
     172
     173
     173
     155
     173
     178
     186
     187
     157
     149
     166
     135
     150
     195
     212
     220
     210
     182
     164
     196
     167
     167
     162
     143
     178
     214
     233
     279
     239
     226
     189
     178
     152
     170
     185
     168
     182
     184
     151
     151
     175
     168
     176
     170
     182
     162
     169
     170
     168
     152
     153
     163
     165
     184
     183
     177
     156
     180
     179
     145
     169
     288
     907
    2943
    7643
   13772
   16677
   12681
    6355
    2293
     883
     445
     300
     247
     205
     169
     172
     152
     187
     151
     171
     190
     153
     174
     148
     183
     152
     143
     164
     148
     164
     146
     148
     140
     160
     138
     165
     135
     152
     138
     142
     143
     159
     158
     150
     152
     136
     136
     153
     139
     150
     148
     138
     145
     156
     114
     139
     141
     138
     141
     149
     140
     181
     191
     221
     328
     547
     670
     585
     412
     271
     176
     144
     114
     149
     121
     137
     131
     142
     139
     141
     159
     144
     134
     126
     130
     122
     134
     142
     138
     145
     148
     148
     125
     138
     129
     143
     145
     148
     149
     170
     164
     135
     164
     137
     150
     134
     144
     134
     127
     140
     139
     132
     125
     169
     135
     140
     146
     116
     121
     157
     113
     139
     130
     127
     113
     131
     129
     126
     140
     124
     129
     142
     132
     113
     123
     141
     117
     125
     125
     114
     116
     133
     102
      99
     125
     111
     142
     123
     125
     123
     140
     138
     123
     117
     139
     146
     118
     108
     132
     113
     126
     123
     112
     132
     116
     126
     129
     137
     109
     124
     129
     121
     130
     113
     133
     159
     288
     503
     951
    1210
    1141
     682
     404
     211
     120
     155
     127
     126
     117
     137
     141
     165
     163
     164
     147
     129
     120
     123
     128
     124
     119
     115
     123
     106
     105
     115
     122
     115
     104
     111
     102
     128
     111
     127
     111
     129
     107
     113
     125
     116
     105
     105
     107
     122
      94
     113
     114
     122
      99
     123
     120
     119
     110
     123
     120
     107
     114
     126
     122
      93
     123
     120
     119
     107
     120
     119
     110
     120
     122
     118
     122
     111
     110
     118
     113
     132
     137
     125
     113
     114
     133
     240
     413
     834
    1290
    1547
    1244
     713
     353
     219
     152
     138
     120
     135
     120
     118
     131
     131
     120
     114
     109
     117
     134
     128
     104
     122
     115
     100
     106
     129
      86
     126
     114
     122
     115
     111
     120
     113
     111
     123
     110
     136
     133
      94
      95
     108
      99
     101
     137
     127
     114
     115
      96
     100
     140
     109
     108
     120
     105
     117
     116
     121
     141
     131
     106
     137
     105
     116
     128
     109
     113
     109
     118
     121
     124
     112
     116
      97
     124
     108
     115
     116
     140
     129
     108
     115
     107
     110
     112
     121
     102
     126
     138
     119
     118
     130
     103
     115
     126
     109
     115
     112
     130
     137
     135
     127
     129
     129
     160
     116
     104
     140
     111
     132
     117
     113
     101
     132
     141
     169
     235
     251
     276
     231
     169
     138
     121
     107
     133
     127
     126
     137
     123
     147
     133
     135
     129
     146
     107
     131
     119
     117
     113
     123
     136
     122
     106
     119
     104
     110
     123
     114
     113
     129
     128
     113
     121
     113
     139
     161
     190
     188
     166
     131
     124
     113
     117
     122
     118
     115
     136
     114
     119
     115
     118
     112
     123
     113
     151
     152
     177
     146
     150
     134
     134
     147
     123
     137
     114
     110
     131
     136
     135
     106
     124
     133
     137
     123
     103
     132
     144
     115
     144
     144
     140
     139
     137
     119
     125
     125
     116
     138
     142
     133
     133
     126
     109
     111
     123
     118
     129
     112
     150
     121
     117
     117
     117
     131
     125
     121
     112
     113
     121
     124
     139
     110
     110
     105
     122
     144
     136
     148
     133
     130
     108
     110
     121
     112
     106
     126
     150
     134
     123
     131
     124
     136
     123
     107
     113
     116
     108
     115
     111
     128
     113
     122
     117
     110
     129
     106
     104
     136
     119
     110
     137
     122
     123
     120
     134
     122
     126
     114
     118
     133
     122
     150
     127
     127
     128
     126
     132
     114
     138
     130
     136
     121
     117
     130
     116
     143
     139
     129
     129
     137
     115
     136
     111
     107
     144
     110
     122
     135
     134
     144
     140
     198
     255
     272
     271
     275
     218
     207
     148
     191
     198
     164
     152
     126
     159
     135
     147
     147
     138
     146
     125
     123
     134
     134
     137
     126
     144
     149
     125
     106
     121
     138
     144
     132
     123
     129
     136
     129
     138
     135
     151
     137
     133
     139
     133
     138
     140
     123
     127
     147
     125
     105
     124
     146
     143
      98
     125
     137
     149
     159
     205
     258
     274
     263
     196
     161
     125
     127
     145
     107
     117
     120
     126
     106
     106
     127
     115
     137
     137
     131
     124
      98
     100
      94
     121
     108
     107
     114
     118
     114
     107
     117
     105
     127
     121
     124
     111
      99
     128
     122
     122
     104
     116
     119
      89
     118
     120
     119
     108
     110
     126
     117
     114
     116
     104
     122
     106
     109
     101
     105
     113
     109
     127
     108
     114
     109
     119
     109
     134
      96
      86
     109
      84
     113
     121
     118
     122
     117
     122
     116
     100
     121
     136
     111
     118
     110
     115
     112
     119
     117
      95
     128
     110
     117
     129
     121
     115
      99
     101
     104
     125
     114
     112
      93
     105
     103
     114
      97
     104
      93
     118
      95
     106
     124
     119
     106
     112
     101
      83
     112
      94
      93
     114
     104
     110
     117
     111
     107
      92
     120
      92
     110
      98
     108
      93
     112
     100
      85
     109
     108
     115
      94
     107
     104
     119
      99
     102
      95
     103
      99
     109
     104
     127
     114
      99
     101
     115
     110
     121
     113
     117
      94
      99
     115
     105
     103
      92
     101
     108
     116
     116
     119
     130
      95
     104
      92
     111
     113
      99
     109
     114
     121
     106
     129
     132
     136
     156
     131
     107
     125
     104
      89
     122
     111
     111
     125
     102
     114
     117
      92
     119
     116
     104
      88
     119
     117
     117
     109
     101
     117
     100
     105
     112
     118
      99
      91
     117
      90
     114
      90
      98
      95
     114
     113
     110
     100
      95
     110
     116
     114
     138
     154
     150
     144
     131
     114
     101
     101
     128
     115
     141
     194
     210
     230
     208
     143
     138
     109
      98
     116
     101
     113
     113
     107
     110
     104
     116
     115
      92
     100
     117
     111
     117
     116
     124
     124
     155
     220
     280
     351
     332
     219
     179
     159
     115
     109
      88
      87
      87
     124
     118
      92
     103
      81
     123
      94
     100
     116
     112
     114
      86
      91
      97
     103
     103
      95
     101
      91
      91
     117
     116
     117
      93
      83
      98
     128
     105
      98
     103
      99
      96
      99
     111
     123
     124
     105
      96
      89
     101
     107
     103
     101
      97
     104
     103
      87
     127
     119
     123
     121
     126
     134
     120
     162
     120
     108
      97
     100
     115
     104
     103
     126
     109
     108
     119
     104
     124
     147
     170
     182
     185
     177
     144
      94
      94
     107
     124
     119
     133
     136
     153
     128
     123
     113
     122
     118
     127
     111
     107
     103
     106
     107
     120
     117
      99
     114
     109
      93
     112
     104
     100
     102
     110
     120
     106
     108
     126
     100
     124
     104
     122
      82
     103
     119
     111
     120
     120
     115
     115
      82
     118
     114
     115
     110
     114
      90
     119
      99
     133
     117
     101
     103
     119
     114
     101
     112
     122
     114
     110
     116
     128
     108
      96
     117
     124
     126
     124
     113
     121
     101
      94
     112
     104
     125
     110
     115
     106
     108
      97
     117
     134
     103
     125
     118
     110
     125
     118
     118
     128
     105
     100
     113
     128
     125
     115
     107
      82
     126
     107
     110
     120
      95
     118
     110
     105
     104
     151
     147
     140
     146
     119
     114
      95
     109
      90
      99
     112
     120
     116
     131
     112
     105
     101
      99
     118
      97
      96
      83
      85
      96
      98
      83
      83
      94
      97
      98
      93
     126
     167
     239
     480
     915
    1491
    2289
    2946
    3060
    2449
    1497
     816
     409
     190
     136
     116
      93
      98
     132
     109
     118
      85
     116
      85
     113
      81
      88
      94
      89
     106
      87
      92
     102
     111
      84
      87
      91
      78
      71
      75
      92
      91
     115
      97
     101
     102
     114
     108
     108
      88
      87
     101
      91
      96
      92
     100
      94
     103
     105
     106
      98
     100
      96
      79
      91
     100
      99
      91
      90
      95
      94
      98
      94
      88
      88
      90
     117
     110
     109
      87
      91
     101
     103
      96
      91
     113
     117
     115
     161
     176
     159
     145
     134
      95
     115
     101
     100
     116
      90
     100
      81
      85
      90
      86
      85
      96
     108
      75
      99
      93
      93
      94
      77
      95
      89
      82
      85
     100
      84
     113
      86
     101
      87
      96
      87
     107
      88
     102
      93
     100
      93
     112
      83
      86
      88
     105
     107
      84
      91
     101
      96
     100
      93
     111
      93
      89
     104
      94
      77
     105
      87
     104
     110
      97
      91
      92
      77
      94
      99
      99
      99
      97
      93
      99
     118
     103
     120
      97
     118
     115
     115
     126
     107
     126
      99
     105
     106
     108
     101
      82
      97
      98
      87
      96
      97
      93
     102
      93
      84
     110
      83
      92
     111
      83
      96
      88
     100
      90
      97
      93
     104
     103
     108
     107
      97
      81
      94
      96
      85
      76
      94
      91
     104
     103
      81
      83
      91
      83
     115
      95
     119
      96
      92
     105
     103
     101
     105
      86
      91
      96
     100
     110
     128
     159
     245
     377
     563
     768
     929
     866
     676
     482
     273
     183
     139
     113
     103
      78
      95
     101
      93
      82
     121
     109
     109
     124
      99
     103
      75
      86
      82
     103
      97
      82
      99
     103
      98
      88
      96
      86
      93
      84
     102
      97
      92
     102
      83
      90
      82
      85
      81
      93
     107
      83
      72
      85
      84
      87
      89
      90
      97
      99
      77
      93
      86
      91
      86
      79
      94
      81
     105
      74
      89
      65
      88
      79
     109
      95
      92
      94
      94
      96
      71
      98
     107
      90
      92
      89
      90
      77
     102
      99
      85
      87
      99
     104
     100
      76
     102
      98
      82
      73
      87
      84
      80
      69
      83
      78
      78
      80
      83
      81
      76
      89
      82
      70
      70
      67
      67
      76
      81
      63
      72
      58
      56
      71
      84
      71
      68
      75
      59
      78
      73
      76
      54
      70
      67
      66
      56
      62
      88
     109
     124
     141
     159
     124
     118
      97
      80
      63
      65
      61
      58
      58
      55
      62
      72
      66
      86
      81
      85
      86
     120
      92
      84
      76
      68
      79
      79
      56
      72
      79
      72
      55
      69
      67
      61
      68
      59
      82
      68
      59
      58
      61
      53
      64
      82
      48
      57
      57
      42
      64
      53
      67
      68
      49
      49
      54
      55
      57
      67
      63
      60
      70
      63
      53
      56
      65
      54
      58
      56
      56
      69
      53
      53
      63
      49
      67
      72
      66
      57
      68
      56
      51
      58
      59
      54
      57
      57
      61
      54
      57
      69
      71
      51
      60
      65
      62
      49
      57
      72
      52
      66
      64
      54
      57
      65
      53
      65
      57
      47
      55
      79
     109
     190
     318
     557
     979
    1517
    2143
    2492
    2433
    2005
    1318
     742
     346
     198
     100
      88
      61
      51
      66
      43
      59
      41
      57
      47
      52
      65
      51
      54
      58
      45
      50
      53
      51
      45
      46
      58
      62
      50
      56
      55
      50
      53
      58
      55
      47
      48
      53
      39
      52
      46
      49
      41
      57
      49
      36
      40
      45
      43
      54
      56
      49
      54
      48
      55
      42
      49
      52
      55
      60
      51
      56
      58
      56
      46
      52
      43
      57
      63
      59
      68
      45
      44
      55
      45
      51
      44
      48
      53
      62
      49
      52
      67
      48
      58
      45
      53
      66
      36
      53
      53
      43
      48
      31
      60
      55
      40
      38
      63
      55
      79
     102
     107
     163
     163
     156
     188
     154
     116
      79
      67
      55
      41
      45
      45
      46
      53
      46
      38
      52
      43
      46
      46
      38
      36
      30
      25
      41
      36
      44
      37
      35
      54
      35
      38
      33
      47
      52
      42
      35
      41
      46
      43
      45
      48
      29
      33
      40
      33
      50
      30
      36
      40
      44
      43
      35
      38
      43
      32
      39
      40
      43
      40
      45
      49
      44
      54
      38
      46
      39
      34
      39
      36
      33
      35
      44
      37
      38
      48
      39
      45
      29
      35
      29
      34
      46
      43
      33
      47
      41
      30
      38
      36
      52
      54
      42
      39
      40
      46
      34
      40
      40
      37
      39
      38
      46
      40
      44
      33
      37
      33
      34
      41
      44
      44
      39
      41
      42
      44
      36
      61
      41
      58
      47
      42
      29
      46
      40
      22
      43
      41
      42
      32
      48
      46
      46
      42
      33
      38
      43
      42
      32
      42
      31
      43
      31
      41
      49
      43
      37
      41
      39
      35
      44
      45
      29
      41
      52
      44
      49
      32
      38
      29
      39
      42
      43
      41
      38
      45
      32
      46
      30
      37
      50
      31
      35
      33
      47
      40
      46
      32
      33
      38
      47
      49
      48
      38
      49
      37
      33
      37
      37
      34
      37
      40
      39
      50
      43
      34
      44
      52
      36
      45
      36
      48
      38
      45
      54
      76
     120
     152
     337
     506
     796
    1165
    1449
    1557
    1399
    1108
     750
     405
     248
     188
     179
     225
     288
     289
     273
     235
     176
     125
      88
      69
      53
      35
      55
      43
      55
      48
      40
      47
      34
      43
      28
      45
      51
      37
      50
      45
      35
      48
      49
      39
      45
      50
      45
      42
      43
      47
      44
      34
      44
      40
      37
      35
      37
      34
      42
      50
      47
      50
      41
      55
      58
      64
      88
      91
     167
     231
     343
     575
     786
    1279
    1623
    1959
    1871
    1633
    1152
     695
     372
     200
     112
      66
      54
      50
      45
      42
      47
      41
      48
      54
      47
      45
      48
      38
      40
      36
      56
      50
      52
      60
      59
      64
      63
      61
      53
      56
      66
      50
      69
      63
      70
      67
      48
      49
      57
      45
      41
      48
      39
      46
      58
      41
      45
      57
      41
      53
      45
      34
      50
      45
      48
      40
      58
      41
      42
      46
      36
      55
      53
      45
      40
      51
      52
      42
      44
      47
      63
      40
      53
      52
      35
      53
      40
      40
      46
      49
      41
      62
      44
      35
      45
      61
      45
      45
      41
      62
      56
      50
      59
      41
      54
      59
      53
      68
      74
      62
      87
      74
      67
      53
      63
      47
      57
      58
      49
      42
      66
      49
      49
      61
      48
      68
      58
      51
      58
      50
      46
      52
      50
      46
      54
      55
      55
      54
      49
      48
      46
      54
      57
      49
      45
      62
      54
      40
      51
      38
      44
      62
      60
      50
      47
      40
      51
      45
      47
      41
      57
      53
      52
      62
      55
      48
      43
      59
      54
      68
      43
      47
      59
      53
      65
      52
      38
      49
      70
      47
      46
      54
      61
      60
      50
      60
      45
      41
      50
      51
      57
      50
      58
      53
      49
      58
      57
      54
      52
      48
      50
      52
      49
      51
      50
      42
      61
      50
      52
      53
      46
      46
      54
      42
      44
      42
      40
      42
      38
      34
      35
      32
      40
      47
      24
      49
      27
      42
      37
      35
      40
      33
      22
      26
      36
      37
      46
      45
      30
      35
      37
      40
      29
      24
      34
      36
      39
      35
      29
      31
      39
      21
      27
      26
      21
      26
      34
      22
      42
      39
      30
      39
      44
      46
      52
      56
      94
      99
     133
     201
     180
     194
     172
     121
     105
      73
      49
      41
      38
      31
      32
      22
      28
      29
      25
      26
      31
      26
      28
      34
      22
      22
      25
      32
      31
      31
      31
      23
      27
      33
      27
      32
      25
      28
      33
      21
      35
      21
      25
      23
      20
      19
      29
      28
      35
      24
      25
      21
      22
      28
      31
      27
      27
      35
      35
      42
      40
      27
      36
      27
      17
      21
      30
      18
      21
      18
      27
      25
      26
      22
      30
      15
      20
      29
      25
      33
      18
      21
      40
      18
      15
      24
      19
      26
      18
      29
      23
      18
      28
      27
      22
      24
      32
      25
      36
      38
      43
      47
      50
      50
      31
      30
      25
      27
      29
      20
      20
      22
      27
      20
      16
      19
      29
      14
      23
      13
      18
      28
      26
      13
      14
      19
      18
      16
      17
      21
      24
      20
      24
      17
      20
      21
      25
      15
      20
      16
      21
      16
      18
      15
      16
      16
      17
      18
      23
      20
      16
      26
      16
      19
      15
      15
      16
      17
      29
      14
      20
      19
      23
      33
      40
      33
      36
      25
      24
      36
      13
      16
      16
      17
      10
      13
      14
      10
      14
      12
      15
      17
      14
      18
      14
      18
      16
       9
      11
      13
      17
      13
      14
      17
      20
      10
      20
       9
      22
      15
      12
      15
      13
       9
      16
       9
       9
      14
      12
      15
      19
      27
      21
      21
      16
       8
       8
      19
      11
      19
      11
      19
      26
      35
      50
      69
      89
     126
     183
     181
     189
     176
     149
      73
      55
      33
      17
      16
      11
       9
       6
      14
       8
      11
       5
       8
       9
      10
       5
      13
      14
       8
       5
       7
       6
       6
       9
      14
      10
       9
       8
       8
       4
       4
       8
       4
      11
       5
       7
       8
       9
       7
       5
       9
       5
       7
       2
       8
       5
       6
       4
       5
       5
       7
       7
       5
       4
       7
       5
       5
       3
       4
       2
       5
       5
       3
       4
       7
      11
       2
       8
       6
       3
       5
       6
       7
       9
       6
       5
       5
       4
       8
       6
      10
       4
       4
       3
       5
       9
       5
       6
       8
       5
       9
       4
       7
       6
       7
       4
       2
       5
       6
       5
       3
       6
       4
       8
       3
       8
       5
       5
       7
       8
       2
       2
       4
       5
       8
       6
       5
       3
       4
       3
       3
       8
       3
       4
       8
       5
       7
       5
       6
       1
       4
       3
       5
       5
       2
       6
       4
       7
       4
       8
       5
       6
       3
       5
       8
       2
       4
       6
       8
       4
       3
       6
       3
       4
       6
       3
       6
       5
       6
       3
       3
      11
       6
      11
       4
       4
       7
       4
       8
       5
       2
       6
       6
       2
       1
       4
       6
       5
       7
       4
       4
       4
       2
       2
       1
       7
       2
       5
       5
       4
       4
       5
       4
       7
       6
       6
       3
       3
       3
       3
       6
       1
       7
       2
       4
       7
       6
       3
       5
       2
       5
       3
       3
       7
       2
       7
       2
       0
       7
       3
       2
       3
       3
       6
       3
       4
       3
       3
       8
       7
       0
       6
       4
       4
       3
       4
       3
       4
       2
       3
       5
       5
       2
       3
       5
       2
       2
       3
       7
       3
       7
       1
       6
       1
       5
      10
       5
       4
       4
       8
       4
       3
       6
       7
       1
       1
       9
       8
      11
      22
      47
      76
     147
     203
     332
     503
     811
    1097
    1561
    1880
    2122
    2033
    1845
    1305
     872
     521
     254
     123
      68
      29
      18
      13
      12
       7
       8
       1
       5
      17
       7
       4
      12
       9
       8
       5
       7
       4
       6
       9
       2
       3
       2
       8
       3
       4
       4
       2
       0
       1
       4
       3
       4
       6
       7
       2
      11
       3
       5
       6
       2
       8
       7
       3
       2
       5
       2
       4
       6
       7
       2
       7
       4
       4
       0
       2
       5
       2
       5
       9
       8
       6
       4
       4
       2
      10
       6
       4
       4
       3
       6
       5
       4
       2
       8
       5
       4
       2
       5
       6
       5
       8
       4
      10
       8
       9
       9
       9
      11
      12
      16
      18
      15
      26
      25
      40
      23
      26
      20
      25
      25
       9
      11
       8
       3
       7
       5
       7
       6
       3
       6
       5
       6
      13
      12
      19
      17
      18
      26
      29
      39
      42
      36
      54
      32
      23
      26
      10
       4
       1
       4
       4
       1
       1
       1
       0
       1
       1
       2
       1
       0
       1
       2
       4
       2
       2
       1
       1
       4
       3
       3
       4
       4
       2
       2
       1
       0
       2
       2
       2
       4
       2
       3
       2
       3
       2
       0
       4
       2
       2
       1
       0
       1
       0
       2
       1
       2
       2
       3
       3
       0
       3
       5
       0
       3
       1
       0
       4
       3
       1
       1
       2
       2
       0
       2
       1
       1
       3
       3
       1
       1
       3
       3
       0
       1
       1
       1
       2
       4
       0
       5
       1
       1
       2
       1
      12
       3
       2
       2
       5
       3
       2
       3
       3
       2
       1
       2
       2
       2
       2
       5
       1
       3
       2
       1
       1
       4
       1
       0
       1
       3
       3
       2
       1
       2
       2
       2
       2
       1
       2
       3
       2
       0
       3
       2
       1
       0
       0
       1
       1
       1
       2
       1
       2
       1
       1
       1
       1
       1
       1
       0
       1
       1
       1
       1
       0
       3
       3
       3
       4
       3
       2
       1
       3
       1
       0
       2
       0
       1
       1
       0
       1
       2
       1
       1
       1
       0
       3
       4
       8
      11
       7
      13
      25
      32
      31
      29
      28
      21
      33
      23
      18
      23
       5
       9
       1
       1
       1
       0
       1
       1
       0
       0
       1
       1
       1
       1
       2
       0
       0
       0
       1
       1
       1
       0
       1
       1
       0
       1
       2
       1
       1
       1
       1
       1
       1
       0
       0
       1
       0
       0
       0
       0
       2
       0
       2
       0
       1
       1
       2
       0
       1
       1
       0
       1
       2
       0
       1
       1
       1
       0
       0
       0
       0
       2
       1
       1
       2
       0
       0
       1
       1
       0
       0
       1
       0
       2
       2
       0
       1
       0
       1
       1
       0
       0
       1
       0
       0
       3
       0
       3
       1
       0
       1
       1
       0
       0
       1
       3
       0
       2
       1
       0
       1
       1
       1
       2
       2
       1
       0
       0
       1
       3
       1
       0
       3
       1
       1
       0
       0
       0
       1
       1
       1
       2
       2
       2
       1
       3
       3
       0
       0
       2
       1
       0
       1
       0
       1
       1
       0
       0
       2
       0
       2
       0
       3
       1
       1
       0
       0
       1
       0
       0
       1
       1
       0
       0
       0
       0
       0
       1
       1
       1
       1
       0
       0
       0
       1
       0
       1
       2
       3
       1
       1
       2
       1
       2
       0
       1
       1
       0
       0
       0
       0
       1
       0
       0
       0
       0
       0
       2
       3
       0
       1
       0
       1
       1
       3
       2
       0
       1
       0
       0
       1
       0
       2
       1
       1
       0
       0
       1
       2
       0
       1
       0
       1
       0
       1
       1
       1
       0
       1
       0
       1
       0
       0
       0
       0
       1
       0
       1
       0
       1
       0
       0
       0
       0
       0
       0
       0
       0
       0
       0
       0
       1
       1
       0
       0
       0
       0
       0
       1
       1
       0
       0
       0
       0
       1
       0
       0
       2
       0
       1
       1
       0
       2
       0
       0
       1
       0
       0
       1
       1
       1
       0
       0
       0
       0
       0
       0
       1
       1
       0
       0
       0
       1
       1
       1
       2
       0
       1
       4
       3
       1
       2
       1
       1
       1
       0
       3
       1
       3
       0
       2
       0
       0
       1
       1
       1
       1
       3
       0
       2
       1
       1
       0
       2
       0
       1
       3
       0
       0
       0
       0
       0
       0
       0
       1
       0
       1
       1
       0
       0
       0
       2
       1
       0
       1
       1
       0
       1
       0
       0
       1
       0
       0
       0
       0
       0
       0
       0
       0
       0
       0
       0
       0
       2
       3
       0
       1
       0
       1
       0
       0
       0
       0
       1
       0
       2
       1
       0
       0
       1
       0
       0
       0
       0
       0
       1
       0
       0
       0
       0
       0
       0
       0
       0
       1
       1
       1
       1
       0
       0
       0
       0
       0
       0
       0
       0
       0
       0
       0
       0
       0
       0
       0
       0
       1
       0
       0
       1
       1
       0
       0
       0
       0
       1
       1
       0
       1
       0
       0
       0
       1
       0
       1
       0
       1
       0
       0
       0
       1
       0
       0
       1
       1
       1
       1
       0
       1
       0
       0
       0
       0
       1
       0
       0
       0
       0
       0
       3
       1
       0
       0
       0
       0
       0
       1
       0
       1
       1
       0
       1
       0
       0
       0
       0
       1
       0
       1
       1
       0
       0
       0
       0
       0
       0
       0
       0
       1
       0
       0
       1
       0
       0
       0
       0
       0
       0
       0
       0
       0
       0
       0
       0
       0
       0
       0
       1
       2
       1
       2
       0
       1
       0
       0
       0
       0
       1
       0
       0
       0
       0
       1
       1
       0
       0
       0
       0
       0
       2
       0
       0
       0
       0
       0
       1
       0
       0
       0
       0
       1
       2
       0
       1
       0
       0
       1
       0
       0
       1
       0
       0
       1
       1
       0
       0
       0
       2
       1
       0
       0
       1
       0
       0
       1
       0
       2
       1
       0
       1
       0
       1
       0
       2
       0
       0
       0
       0
       0
       0
       0
       1
       0
       0
       0
       1
       0
       0
       0
       0
       0
       0
       0
       0
       0
       0
       1
       0
       0
       1
       0
       0
       1
       0
       0
       0
       1
       0
       0
       0
       0
       0
       0
       2
       1
       1
       0
       0
       0
       1
       0
       0
       0
       0
       1
       1
       1
       0
       0
       0
       0
       0
       1
       2
       1
       0
       0
       0
       1
       0
       0
       1
       0
       0
       0
       0
       1
       0
       0
       0
       0
       0
       0
       1
       0
       0
       1
       0
       0
       0
       1
       0
       0
       1
       0
       0
       0
       0
       0
       0
       0
       0
       0
       0
       1
       0
       0
       0
       0
       1
       0
       0
       0
       0
       1
       0
       0
       0
       0
       0
       0
       0
       0
       0
       0
       1
       0
       1
       0
       0
       0
       0
       0
       1
       0
       0
       0
       0
       0
       0
       0
       1
       0
       0
       0
       0
       0
       0
       0
       0
       0
       0
       0
       0
       0
       0
       0
       0
       1
       0
       0
       0
       0
       0
       0
       0
       0
       0
       2
       0
       2
       0
       0
       0
       0
       0
       0
       1
       0
       0
       0
       0
       0
       0
       2
       0
       1
       0
       0
       0
       0
       1
       0
       0
       0
       0
       0
       0
       0
       0
       0
       1
       0
       0
       0
       0
       0
       0
       0
       0
       0
       1
       0
       0
       1
       2
       0
       0
       0
       0
       1
       0
       0
       0
       1
       0
       0
       0
       0
       0
       0
       0
       0
       0
       0
       0
       0
       0
       0
       0
       0
       0
       0
       1
       0
       0
       0
       0
       1
       1
       0
       1
       1
       0
       0
       0
       0
       0
       0
       0
       2
       0
       0
       0
       0
       0
       0
       0
       1
       0
       0
       0
       0
       0
       0
       0
       0
       0
       0
       0
       0
       0
       0
       0
       0
       0
       0
       0
       0
       0
       1
       1
       0
       0
       2
       0
       0
       0
       1
       0
       0
       0
       0
       0
       2
       0
       0
       0
       0
       0
       1
       0
       0
       1
       0
       0
       0
       0
       0
       0
       2
       0
       0
       0
       0
       0
       1
       0
       0
       0
       0
       0
       0
       1
       0
       0
       0
       0
       0
       0
       0
       0
       0
       1
       0
       0
       0
       0
       0
       0
       0
       1
       0
       0
       0
       0
       1
       1
       0
       0
       0
       0
       0
       0
       0
       0
       0
       0
       0
       0
       0
       0
       1
       0
       0
       0
       1
       0
       1
       0
       0
       0
       0
       0
       1
       1
       0
       0
       1
       1
       0
       1
       1
       0
       0
       1
       0
       0
       0
       1
       0
       0
       0
       0
       0
       0
       0
       0
       0
       0
       0
       0
       0
       0
       1
       1
       1
       0
       0
       0
       1
       0
       0
       0
       0
       0
       0
       1
       0
       0
       0
       0
       1
       0
       0
       0
       0
       0
       0
       0
       0
       0
       0
       1
       0
       0
       0
       0
       0
       0
       1
       0
       1
       1
       0
       0
       0
       0
       0
       0
       0
       0
       0
       0
       1
       0
       0
       0
       0
       0
       0
       0
       0
       0
       1
       0
       1
       0
       0
       0
       0
       0
       0
       1
       0
       0
       0
       0
       0
       0
       0
       0
       0
       0
       0
       0
       0
       0
       1
       1
       1
       0
       0
       0
       0
       0
       0
       0
       0
       0
       1
       0
       0
       0
       0
       0
       1
       0
       0
       1
       0
       0
       0
       0
       0
       0
       0
       0
       0
       0
       2
       0
       0
       0
       0
       0
       1
       0
       0
       0
       1
       0
       1
       0
       0
       0
       0
       0
       0
       0
       0
       1
       0
       0
       0
       1
       0
       0
       0
       1
       0
       0
       0
       0
       1
       0
       0
       0
       0
       0
       1
       1
       0
       0
       1
       0
       0
       1
       0
       0
       0
       0
       0
       0
       0
       0
       1
       0
       0
       0
       0
       0
       0
       0
       1
       0
       0
       0
       0
       0
       0
       0
       1
       0
       0
       0
       0
       0
       0
       0
       0
       0
       0
       0
       1
       1
       0
       0
       0
       0
       0
       0
       0
       0
       0
       0
       0
       1
       0
       0
       1
       0
       0
       0
       1
       0
       0
       0
       0
       0
       0
       0
       0
       0
       0
       1
       1
       0
       0
       0
       0
       0
       0
       0
       0
       0
       0
       0
       1
       0
       0
       0
       0
       0
       2
       0
       0
       0
       0
       0
       0
       0
       0
       0
       0
       0
       0
       0
       0
       0
       1
       0
       0
       0
       0
       0
       1
       0
       1
       1
       0
       0
       0
       0
       0
       0
       0
       0
       0
       0
       0
       0
       0
       0
       0
       1
       0
       0
       1
       0
       0
       0
       0
       0
       0
       0
       0
       0
       0
       0
       0
       1
       0
       0
       0
       0
       0
       0
       0
       0
       0
       0
       0
       1
       0
       0
       0
       0
       0
       0
       0
       1
       1
       0
       0
       0
       0
       0
       0
       0
       0
       0
       0
       0
       0
       1
       0
       0
       0
       0
       0
       0
       1
       0
       0
       0
       0
       0
       0
       0
       0
       0
       0
       0
       0
       0
       0
       0
       0
       0
       0
       0
       0
       1
       1
       1
       1
       0
       0
       1
       0
       0
       0
       0
       0
       0
       0
       0
       1
       0
       0
       0
       0
       0
       0
       0
       0
       1
       0
       1
       0
       1
       0
       0
       0
       0
       0
       0
       0
       0
       0
       0
       0
       0
       0
       1
       1
       0
       0
       0
       1
       0
       0
       0
       0
       0
       0
       0
       0
       0
       0
       0
       0
       0
       0
       0
       0
       0
       0
       0
       0
       0
       0
       0
       0
       0
       0
       0
       0
       0
       0
       0
       0
       0
       0
       1
       0
       0
       0
       0
       1
       0
       0
       0
       0
       0
       0
       0
       0
       0
       0
       0
       0
       0
       0
       0
       0
       0
       0
       0
       0
       0
       0
       0
       0
       0
       0
       0
       0
       0
       1
       0
       1
       0
       0
       0
       0
       0
       0
       0
       1
       0
       0
       1
       1
       0
       0
       0
       0
       0
       0
       0
       0
       1
       0
       0
       0
       0
       0
       0
       0
       0
       0
       1
       0
       1
       0
       0
       0
       0
       0
       0
       0
       0
       0
       0
       0
       0
       0
       0
       0
       0
       0
       0
       0
       0
       0
       0
       0
       0
       0
       0
       1
       0
       0
       0
       0
       0
       0
       0
       0
       0
       0
       0
       0
       0
       0
       1
       0
       0
       0
       0
       0
       0
       0
       0
       1
       0
       0
       0
       0
       0
       0
       0
       0
       0
       0
       0
       0
       0
       0
       0
       0
       0
       0
       0
       0
       1
       0
       0
       0
       0
       0
       0
       0
       0
       0
       0
       0
       0
       0
       0
       0
       1
       1
       0
       0
       0
       0
       0
       0
       0
       0
       0
       0
       0
       0
       0
       0
       1
       0
       0
       0
       0
       0
       0
       0
       0
       0
       0
       0
       0
       0
       0
       0
       0
       0
       0
       0
       0
       0
       0
       0
       0
       0
       0
       0
       0
       1
       0
       0
       0
       0
       0
       0
       0
       0
       0
       0
       0
       0
       0
       0
       0
       0
       0
       0
       0
       0
       0
       0
       0
       1
       0
       0
       0
       1
       0
       0
       0
       0
       0
       0
       0
       0
       0
       0
       0
       0
       1
       0
       0
       0
       0
       1
       0
       0
       0
       0
       0
       0
       0
       0
       0
       0
       0
       0
       0
       0
       0
       0
       0
       0
       0
       0
       0
       0
       0
       0
       0
       0
       0
       0
       0
       0
       0
       1
       1
       0
       1
       0
       0
       0
       0
       0
       0
       0
       0
       0
       0
       0
       0
       0
       0
       0
       0
       0
       0
       0
       0
       1
       0
       0
       0
       0
       0
       2
       0
       0
       0
       0
       0
       0
       0
       0
       0
       0
       0
       0
       1
       0
       0
       0
       0
       0
       0
       0
       0
       0
       0
       0
       0
       0
       0
       0
       0
       0
       0
       0
       0
       0
       0
       0
       0
       0
       0
       1
       0
       0
       0
       0
       0
       0
       0
       0
       0
       0
       0
       0
       0
       0
       0
       0
       0
       0
       0
       0
       0
       0
       0
       0
       0
       0
       0
       0
       0
       0
       0
       0
       0
       0
       0
       0
       0
       0
       0
       1
       0
       1
       0
       0
       0
       1
       0
       0
       0
       0
       0
       1
       0
       0
       0
       0
       0
       0
       0
       1
       0
       0
       0
       0
       0
       0
       0
       0
       1
       0
       0
       0
       0
       0
       0
       0
       0
       0
       0
       0
       0
       0
       0
       0
       0
       0
       1
       0
       0
       0
       0
       0
       0
       0
       0
       0
       0
       0
       0
       0
       0
       1
       0
       0
       0
       0
       0
       0
       0
       0
       0
       0
       0
       0
       0
       0
       0
       0
       0
       0
       0
       0
       0
       0
       0
       0
       0
       1
       0
       0
       0
       0
       0
       0
       0
       0
       0
       0
       1
       0
       0
       0
       0
       0
       0
       0
       0
       0
       0
       0
       0
       0
       0
       0
       0
       0
       0
       0
       0
       0
       0
       0
       0
       0
       0
       0
       0
       0
       0
       0
       0
       0
       0
       0
       0
       0
       0
       0
       0
       0
       0
       0
       0
       0
       1
       0
       0
       0
       0
       0
       0
       0
       0
       0
       1
       0
       0
       0
       0
       0
       0
       0
       0
       0
       0
       0
       0
       0
       0
       1
       0
       0
       0
       0
       0
       0
       0
       0
       0
       1
       0
       0
       0
       0
       0
       0
       0
       0
       0
       0
       0
       0
       0
       0
       0
       0
       0
       0
       0
       0
       0
       0
       0
       0
       0
       0
       0
       0
       0
       0
       0
       0
       0
       0
       0
       0
       0
       0
       1
       0
       0
       0
       0
       0
       0
       0
       1
       0
       0
       0
       0
       0
       0
       0
       0
       0
       0
       0
       0
       0
       0
       0
       0
       0
       0
       0
       0
       0
       0
       0
       0
       0
       0
       0
       0
       0
       1
       0
       0
       0
       0
       0
       0
       0
       0
       0
       0
       0
       0
       0
       0
       0
       0
       0
       0
       0
       0
       0
       0
       0
       0
       0
       0
       0
       0
       0
       0
       0
       0
       0
       0
       1
       0
       0
       0
       0
       0
       0
       0
       0
       0
       0
       0
       0
       0
       0
       0
       0
       0
       0
       0
       0
       0
       0
       0
       0
       0
       0
       0
       0
       0
       0
       0
       0
       0
       0
       0
       0
       1
       0
       0
       0
       0
       0
       0
       0
       0
       0
       0
       0
       0
       0
       0
       0
       0
       0
       0
       0
       0
       0
       0
       0
       0
       0
       0
       0
       0
       0
       0
       0
       0
       0
       0
       0
       0
       0
       1
       0
       0
       0
       0
       0
       1
       0
       0
       0
       0
       0
       0
       0
       0
       0
       0
       0
       0
       0
       0
       1
       0
       0
       0
       0
       0
       0
       0
       0
       0
       0
       0
       0
       0
       0
       0
       0
       0
       0
       0
       0
       0
       0
       0
       0
       0
       0
       0
       0
       0
       0
       0
       0
       0
       0
       0
       0
       0
       0
       0
       1
       0
       0
       0
       0
       0
       0
       0
       0
       0
       0
       0
       0
       0
       0
       0
       1
       0
       0
       0
       0
       0
       0
       0
       0
       0
       0
       0
       0
       0
       0
       1
       0
       0
       0
       0
       0
       0
       0
       0
       0
       0
       0
       0
       0
       0
       0
       0
       0
       0
       0
       0
       0
       0
       0
       0
       0
       1
       0
       0
       0
       0
       0
       0
       1
       0
       0
       0
       0
       0
       0
       0
       0
       0
       0
       0
       0
       0
       0
       0
       0
       0
       0
       0
       0
       0
       0
       0
       0
       1
       1
       0
       0
       0
       0
       0
       0
       0
       0
       0
       0
       0
       0
       0
       0
       0
       0
       0
       0
       0
       0
       0
       0
       0
       0
       0
       0
       0
       0
       0
       0
       0
       0
       0
       0
       0
       0
       0
       0
       0
       0
       0
       0
       0
       0
       0
       0
       0
       0
       0
       0
       0
       1
       0
       0
       0
       0
       0
       0
       0
       0
       0
       0
       0
       0
       0
       0
       0
       0
       0
       0
       0
       0
       0
       0
       0
       0
       0
       0
       0
       0
       0
       0
       0
       0
       0
       0
       0
       0
       0
       0
       0
       0
       0
       0
       0
       0
       0
       0
       0
       0
       0
       1
       0
       0
       0
       0
       0
       0
       0
       0
       0
       0
       0
       0
       0
       0
       0
       0
       0
       0
       0
       0
       0
       0
       0
       0
       0
       0
       0
       0
       0
       0
       0
       0
       0
       0
       0
       0
       0
       0
       0
       0
       0
       0
       0
       0
       0
       0
       0
       0
       0
       0
       0
       0
       0
       0
       0
       0
       0
       0
       0
       0
       0
       0
       0
       0
       0
       0
       0
       0
       0
       0
       0
       1
       0
       0
       0
       1
       0
       0
       0
       0
       0
       0
       1
       0
       0
       0
       0
       0
       0
       0
       0
       0
       0
       0
       0
       0
       0
       0
       0
       1
       0
       0
       0
       0
       0
       0
       0
       0
       0
       1
       0
       0
       0
       0
       0
       0
       0
       0
       0
       0
       0
       1
       0
       0
       0
       0
       0
       0
       0
       0
       0
       0
       0
       0
       0
       0
       0
       0
       0
       0
       0
       0
       0
       0
       0
       0
       0
       0
       0
       0
       0
       0
       0
       0
       0
       0
       0
       0
       0
       0
       0
       0
       0
       0
       0
       0
       0
       0
       0
       0
       0
       0
       0
       0
       0
       0
       0
       0
       0
       0
       0
       0
       0
       0
       0
       0
       0
       0
       0
       0
       0
       0
       0
       0
       0
       0
       0
       0
       0
       0
       0
       0
       0
       0
       0
       0
       0
       0
       0
       0
       0
       0
       0
       0
       0
       0
       0
       0
       0
       0
       0
       0
       0
       0
       0
       0
       0
       1
       0
       0
       0
       0
       0
       0
       0
       0
       0
       0
       0
       0
       0
       0
       0
       0
       0
       0
       0
       0
       0
       0
       0
       0
       0
       0
       0
       0
       0
       0
       0
       0
       0
       1
       0
       0
       0
       0
       0
       0
       0
       0
       0
       0
       0
       0
       0
       0
       0
       0
       0
       0
       0
       1
       0
       0
       0
       0
       0
       0
       0
       0
       0
       0
       0
       0
       0
       0
       0
       0
       0
       0
       0
       0
       0
       1
       0
       0
       0
       0
       0
       0
       0
       0
       0
       0
       0
       0
       0
       0
       0
       0
       0
       0
       0
       0
       0
       0
       0
       0
       0
       0
       0
       0
       0
       0
       0
       0
       0
       0
       0
       0
       0
       0
       0
       0
       0
       0
       0
       0
       0
       0
       0
       0
       0
       0
       0
       0
       0
       0
       0
       0
       0
       0
       0
       0
       0
       0
       0
       0
       0
       0
       0
       0
       1
       0
       0
       1
       0
       0
       0
       0
       1
       0
       0
       0
       0
       0
       0
       0
       0
       0
       0
       0
       0
       0
       0
       0
       0
       0
       0
       0
       0
       0
       0
       0
       0
       0
       0
       0
       0
       0
       0
       0
       0
       0
       0
       0
       0
       0
       0
       0
       0
       0
       0
       0
       0
       1
       0
       0
       0
       0
       0
       0
       0
       0
       0
       0
       0
       0
       0
       0
       0
       0
       1
       0
       0
       0
       0
       0
       0
       0
       0
       0
       0
       0
       0
       0
       0
       0
       0
       0
       0
       0
       0
       0
       0
       0
       0
       0
       0
       0
       0
       0
       0
       0
       1
       0
       0
       0
       0
       0
       0
       0
       0
       0
       0
       0
       0
       0
       0
       0
       0
       0
       0
       0
       0
       0
       0
       0
       0
       0
       0
       0
       0
       0
       0
       0
       0
       0
       0
       0
       0
       0
       0
       0
       0
       0
       0
       0
       0
       0
       0
       0
       0
       0
       0
       0
       0
       0
       0
       0
       0
       0
       0
       0
       0
       0
       0
       0
       0
       0
       0
       0
       0
       0
       0
       0
       0
       0
       0
       0
       0
       0
       0
       0
       0
       0
       0
       0
       0
       0
       0
       0
       0
       0
       0
       0
       0
       0
       0
       0
       0
       0
       0
       0
       0
       0
       0
       0
       0
       0
       0
       0
       0
       0
       0
       0
       0
       0
       0
       0
       0
       0
       0
       0
       0
       0
       0
       0
       0
       0
       1
       0
       0
       0
       0
       0
       0
       0
       0
       0
       0
       0
       0
       0
       0
       0
       1
       0
       0
       0
       0
       0
       1
       0
       0
       0
       0
       0
       0
       0
       0
       0
       0
       0
       0
       0
       0
       0
       0
       0
       0
       0
       0
       0
       0
       0
       0
       0
       0
       0
       0
       0
       0
       0
       0
       0
       0
       0
       0
       0
       0
       0
       0
       0
       0
       0
       0
       0
       0
       0
       0
       0
       0
       0
       0
       0
       0
       0
       0
       0
       0
       0
       0
       0
       0
       0
       0
       0
       0
       0
       0
       0
       0
       0
       0
       0
       0
       0
       0
       0
       0
       0
       0
       0
       0
       0
       0
       0
       0
       0
       0
       0
       0
       0
       0
       0
       0
       0
       0
       0
       0
       1
       0
       0
       0
       0
       0
       0
       0
       0
       0
       0
       0
       0
       0
       0
       0
       0
       0
       0
       0
       0
       0
       0
       0
       0
       0
       0
       0
       0
       0
       0
       0
       0
       0
       0
       0
       0
       0
       0
       0
       0
       0
       0
       0
       0
       0
       0
       0
       0
       0
       0
       0
       0
       0
       0
       0
       0
       0
       0
       0
       0
       0
       0
       0
       0
       0
       0
       0
       0
       0
       0
       0
       0
       0
       0
       0
       0
       0
       0
       0
       0
       0
       0
       0
       0
       0
       0
       0
       0
       0
       0
       0
       0
       0
       0
       0
       0
       0
       0
       0
       0
       0
       0
       0
       0
       0
       0
       0
       0
       0
       0
       0
       0
       0
       0
       0
       0
       0
       0
       0
       0
       0
       0
       0
       0
       0
       0
       0
       0
       0
       0
       0
       0
       0
       0
       0
       0
       0
       0
       0
       0
       0
       0
       0
       0
       0
       0
       0
       0
       0
       0
       0
       0
       0
       0
       0
       0
       0
       0
       0
       0
       0
       0
       0
       0
       0
       0
       0
       0
       0
       0
       0
       0
       0
       0
       0
       0
       0
       0
       0
       0
       0
       0
       0
       0
       0
       0
       0
       0
       0
       0
       0
       1
       0
       0
       0
       0
       0
       1
       0
       0
       0
       0
       0
       0
       0
       0
       0
       0
       0
       0
       0
       0
       0
       0
       0
       0
       0
       0
       0
       0
       0
       0
       0
       0
       0
       0
       0
       0
       0
       0
       0
       0
       0
       0
       0
       0
       0
       0
       0
       0
       0
       0
       0
       0
       0
       0
       0
       0
       0
       0
       0
       0
       0
       0
       0
       0
       0
       0
       0
       0
       0
       0
       0
       0
       0
       0
       0
       0
       0
       0
       0
       0
       0
       0
       0
       0
       0
       0
       0
       0
       0
       0
       0
       0
       0
       0
       0
       0
       0
       0
       0
       0
       0
       0
       0
       0
       0
       0
       0
       0
       0
       0
       0
       0
       0
       0
       0
       0
       0
       0
       0
       0
       0
       0
       0
       0
       0
       0
       0
       0
       0
       0
       0
       0
       0
       0
       0
       0
       0
       0
       0
       0
       0
       0
       0
       0
       0
       0
       0
       0
       0
       0
       0
       0
       0
       0
       0
       0
       0
       0
       0
       0
       0
       0
       0
       0
       0
       0
       0
       0
       0
       0
       0
       0
       0
       0
       0
       0
       0
       0
       0
       0
       0
       0
       0
       0
       0
       0
       0
       0
       0
       0
       0
       0
       0
       0
       0
       0
       0
       0
       0
       0
       0
       0
       0
       0
       0
       0
       0
       0
       0
       0
       0
       0
       0
       0
       0
       0
       0
       0
       0
       0
       0
       0
       0
       0
       0
       0
       0
       0
       0
       0
       0
       0
       0
       0
       0
       0
       0
       0
       0
       0
       0
       0
       0
       0
       0
       0
       0
       0
       0
       0
       0
       0
       0
       0
       0
       0
       0
       0
       0
       0
       0
       0
       0
       0
       0
       0
       0
       0
       0
       0
       0
       0
       0
       0
       0
       0
       0
       0
       0
       0
       0
       0
       0
       0
       0
       0
       0
       0
       0
       0
       0
       0
       0
       0
       0
       0
       0
       0
       0
       0
       0
       0
       0
       0
       0
       0
       0
       0
       0
       0
       0
       0
       0
       0
       0
       0
       0
       0
       0
       0
       0
       0
       0
       0
       0
       0
       0
       0
       0
       0
       0
       0
       0
       0
       0
       0
       0
       0
       0
       0
       0
       0
       0
       0
       0
       0
       0
       0
       0
       0
       0
       0
       0
       0
       0
       0
       0
       0
       0
       0
       0
       0
       1
       0
       0
       0
       0
       0
       0
       0
       0
       0
       1
       0
       0
       0
       0
       0
       0
       0
       0
       0
       0
       0
       0
       0
       0
       0
       0
       0
       0
       0
       0
       0
       0
       0
       0
       0
       0
       0
       0
       0
       0
       0
       0
       0
       0
       0
       0
       0
       0
       0
       0
       0
       0
       0
       0
       0
       0
       0
       0
       0
       0
       0
       0
       0
       0
       0
       0
       0
       0
       0
       0
       0
       0
       0
       0
       0
       0
       0
       0
       0
       0
       0
       0
       0
       0
       0
       0
       0
       0
       0
       0
       0
       0
       0
       0
       0
       0
       0
       0
       0
       0
       0
       0
       0
       0
       0
       0
       0
       0
       0
       0
       0
       0
       1
       0
       0
       0
       0
       0
       0
       0
       0
       0
       0
       0
       0
       0
       0
       0
       0
       0
       0
       0
       0
       0
       0
       0
       0
       0
       0
       0
       0
       0
       0
       1
       0
       0
       0
       0
       0
       0
       0
       0
       0
       0
       0
       0
       0
       0
       0
       0
       0
       0
       0
       0
       0
       0
       0
       0
       0
       0
       0
       0
       0
       0
       0
       0
       0
       0
       0
       0
       0
       0
       0
       0
       0
       0
       0
       0
       0
       0
       0
       0
       0
       0
       0
       0
       0
       0
       0
       0
       0
       0
       0
       0
       0
       0
       0
       0
       0
       0
       0
       0
       0
       0
       0
       0
       0
       0
       0
       0
       0
       0
       0
       0
       0
       0
       0
       0
       0
       0
       0
       0
       0
       0
       0
       0
       0
       0
       0
       0
       0
       0
       0
       0
       0
       0
       0
       0
       0
       0
       0
       0
       0
       0
       0
       0
       1
       0
       0
       0
       0
       0
       0
       0
       0
       0
       0
       0
       0
       0
       0
       0
       0
       0
       0
       0
       0
       0
       0
       0
       0
       0
       0
       0
       0
       0
       0
       0
       0
       0
       0
       0
       0
       0
       0
       0
       0
       0
       0
       0
       0
       0
       0
       0
       1
       0
       0
       0
       0
       0
       0
       0
       0
       0
       0
       0
       0
       0
       0
       0
       0
       0
       0
       0
       0
       0
       0
       0
       0
       0
       0
       0
       0
       0
       0
       0
       0
       0
       0
       0
       0
       0
       0
       0
       0
       0
       0
       0
       0
       0
       0
       0
       0
       0
       0
       0
       0
       0
       0
       0
       0
       0
       0
       0
       0
       0
       0
       0
       0
       0
       0
       0
       0
       0
       0
       0
       0
       0
       0
       0
       0
       0
       0
       0
       0
       0
       0
       0
       0
       0
       0
       0
       0
       0
       0
       0
       0
       0
       0
       0
       0
       0
       0
       0
       0
       0
       0
       0
       0
       0
       0
       0
       0
       0
       0
       0
       0
       0
       0
       0
       0
       0
       0
       0
       0
       0
       0
       0
       0
       0
       0
       0
       0
       0
       0
       0
       0
       0
       0
       0
       0
       0
       0
       0
       0
       0
       0
       0
       0
       0
       0
       0
       0
       0
       0
       0
       0
       0
       0
       0
       0
       0
       0
       0
       0
       0
       0
       0
       0
       0
       0
       0
       0
       0
       0
       0
       0
       0
       0
       0
       0
       0
       0
       0
       0
       0
       0
$ROI:
0
$PRESETS:
None
0
0
$ENER_FIT:
-2.601442 0.384058
$MCA_CAL:
3
-2.601442E+000 3.840580E-001 0.000000E+000 keV
$SHAPE_CAL:
3
0.000000E+000 0.000000E+000 0.000000E+000
