#             0.000000e+00 1.204810e+00 1.466400e+00 1.882200e+00 2.042350e+00 2.131490e+00 2.170150e+00 2.189500e+00 2.200500e+00 2.259920e+00 2.287800e+00 2.320500e+00 2.356400e+00 2.366560e+00 2.394900e+00 2.534690e+00 2.557800e+00 2.577900e+00 2.640200e+00 2.693700e+00 2.764600e+00 2.775200e+00 2.791460e+00 2.810900e+00 2.813000e+00 2.826000e+00 2.835700e+00 2.857060e+00 2.871500e+00 2.902300e+00 2.914200e+00 2.928400e+00 2.992100e+00 3.007700e+00 3.017100e+00 3.034000e+00 3.053000e+00 3.083300e+00 3.107900e+00 3.146900e+00 3.167300e+00 3.168300e+00
 3.500000e+00 8.798882e-03 4.124335e-03 4.523657e-03 2.332797e-03 3.645308e-03 9.269337e-04 4.003405e-04 2.789341e-03 1.787896e-03 1.875604e-04 5.340508e-05 3.438185e-04 2.003625e-03 1.415087e-03 8.128116e-04 1.950558e-03 1.647467e-03 2.239391e-03 2.109010e-03 2.000602e-03 1.067696e-04 1.595714e-03 1.494702e-03 9.690299e-04 1.284228e-03 1.439067e-03 8.619917e-04 7.407948e-05 1.718522e-03 8.729315e-04 3.987932e-04 1.282083e-03 7.850826e-04 7.025232e-04 1.417532e-03 7.462804e-04 9.907870e-04 1.355386e-03 6.811678e-04 6.587693e-06 7.699992e-07 5.224039e-02
 6.000000e+00 9.721413e-02 4.425280e-02 7.548303e-02 6.027523e-02 6.144986e-02 4.007700e-02 2.561544e-02 6.496468e-02 5.461920e-02 1.520103e-02 7.198207e-03 2.413808e-02 3.572904e-02 5.144662e-02 3.834911e-02 5.600021e-02 3.279760e-02 5.320440e-02 5.214800e-02 5.123552e-02 1.215000e-02 5.342761e-02 5.105426e-02 4.359057e-02 3.030125e-02 5.038605e-02 4.290576e-02 1.046410e-02 4.778798e-02 4.194560e-02 2.916653e-02 4.840312e-02 4.033654e-02 3.980499e-02 4.562975e-02 3.958871e-02 2.787556e-02 4.412155e-02 3.827503e-02 2.189330e-03 4.939036e-04 1.397601e+01
 8.500000e+00 2.433331e-02 9.220267e-03 2.084715e-02 2.153200e-02 1.516332e-02 1.993011e-02 1.729001e-02 1.921907e-02 2.058916e-02 1.366626e-02 9.758030e-03 1.687898e-02 8.155121e-03 2.018874e-02 1.935948e-02 1.809452e-02 7.856667e-03 1.429219e-02 1.416370e-02 1.405237e-02 1.249249e-02 1.762570e-02 1.738294e-02 1.870185e-02 7.573705e-03 1.728527e-02 1.873550e-02 1.212389e-02 1.347681e-02 1.840779e-02 1.753360e-02 1.699281e-02 1.811551e-02 1.818088e-02 1.335836e-02 1.797796e-02 7.296996e-03 1.301250e-02 1.773346e-02 5.421476e-03 1.978109e-03 6.071171e+01
 1.100000e+01 3.499531e-03 1.185452e-03 3.072159e-03 3.560164e-03 2.069975e-03 3.842584e-03 3.926434e-03 2.839642e-03 3.439156e-03 3.728182e-03 3.304995e-03 3.861680e-03 1.055200e-03 3.390586e-03 3.726937e-03 2.743715e-03 1.034769e-03 1.970528e-03 1.956908e-03 1.945207e-03 3.517750e-03 2.657525e-03 2.663767e-03 3.205223e-03 1.006039e-03 2.653000e-03 3.211671e-03 3.477221e-03 1.888719e-03 3.170092e-03 3.513587e-03 2.621070e-03 3.135566e-03 3.145922e-03 1.874410e-03 3.119455e-03 9.790224e-04 1.842265e-03 3.091038e-03 2.463236e-03 1.381385e-03 1.071977e+02
 1.350000e+01 4.812709e-04 1.539267e-04 4.305447e-04 5.321327e-04 2.788492e-04 6.251129e-04 6.993163e-04 4.014551e-04 5.174336e-04 7.368452e-04 7.405246e-04 6.904441e-04 1.385923e-04 5.136479e-04 6.078680e-04 3.919910e-04 1.371671e-04 2.682913e-04 2.667347e-04 2.653963e-04 7.056516e-04 3.800516e-04 3.825311e-04 4.887343e-04 1.339660e-04 3.812531e-04 4.915138e-04 7.012017e-04 2.583973e-04 4.843803e-04 5.822983e-04 3.774568e-04 4.800887e-04 4.833002e-04 2.572765e-04 4.780817e-04 1.309456e-04 2.531139e-04 4.745348e-04 6.525593e-04 4.932162e-04 1.366172e+02
 1.600000e+01 6.865437e-05 2.115630e-05 6.222988e-05 7.999773e-05 3.928890e-05 9.913303e-05 1.172102e-04 5.830029e-05 7.810985e-05 1.316616e-04 1.429529e-04 1.159837e-04 1.927022e-05 7.787737e-05 9.642282e-05 5.742880e-05 1.916839e-05 3.815549e-05 3.796814e-05 3.780714e-05 1.271651e-04 5.566404e-05 5.625903e-05 7.445096e-05 1.879077e-05 5.610124e-05 7.505473e-05 1.267726e-04 3.683072e-05 7.389881e-05 9.344037e-05 5.563284e-05 7.335527e-05 7.401124e-05 3.683188e-05 7.310130e-05 1.843498e-05 3.619958e-05 7.265281e-05 1.398652e-04 1.294922e-04 1.603257e+02
 1.850000e+01 1.051103e-05 3.151857e-06 9.596443e-06 1.268990e-05 5.958981e-06 1.631948e-05 2.006321e-05 9.029009e-06 1.242364e-05 2.352355e-05 2.689892e-05 1.987889e-05 2.893540e-06 1.243294e-05 1.588395e-05 8.938450e-06 2.888923e-06 5.820977e-06 5.796232e-06 5.774990e-06 2.282534e-05 8.671237e-06 8.780575e-06 1.191204e-05 2.839902e-06 8.759334e-06 1.203921e-05 2.281851e-05 5.632218e-06 1.183527e-05 1.549758e-05 8.696351e-06 1.175979e-05 1.189443e-05 5.646721e-06 1.172456e-05 2.793894e-06 5.549039e-06 1.166239e-05 2.818739e-05 3.008792e-05 1.732934e+02
 2.100000e+01 1.718212e-06 5.048422e-07 1.574467e-06 2.122765e-06 9.649503e-07 2.806582e-06 3.552257e-06 1.484069e-06 2.081055e-06 4.298487e-06 5.104286e-06 3.521718e-06 4.649802e-07 2.088903e-06 2.730833e-06 1.472400e-06 4.651822e-07 9.457012e-07 9.419859e-07 9.388013e-07 4.180295e-06 1.429610e-06 1.448283e-06 2.001663e-06 4.579016e-07 1.445051e-06 2.027308e-06 4.186091e-06 9.159273e-07 1.989842e-06 2.674861e-06 1.435487e-06 1.978245e-06 2.004856e-06 9.196637e-07 1.972839e-06 4.511121e-07 9.035886e-07 1.963314e-06 5.601231e-06 6.630223e-06 1.818819e+02
 2.350000e+01 3.022409e-07 8.782465e-08 2.790515e-07 3.818724e-07 1.693170e-07 5.165794e-07 6.682100e-07 2.635189e-07 3.748472e-07 8.280298e-07 1.012650e-06 6.627502e-07 8.115254e-08 3.773397e-07 5.014125e-07 2.621149e-07 8.141907e-08 1.666040e-07 1.659912e-07 1.654655e-07 8.064672e-07 2.544613e-07 2.580697e-07 3.614026e-07 8.022483e-08 2.575268e-07 3.667876e-07 8.087344e-07 1.613011e-07 3.593953e-07 4.934594e-07 2.559191e-07 3.574255e-07 3.629315e-07 1.622999e-07 3.565070e-07 7.910792e-08 1.592721e-07 3.548883e-07 1.148594e-06 1.468408e-06 1.814737e+02
 2.600000e+01 5.542924e-08 1.601486e-08 5.163679e-08 7.160867e-08 3.113865e-08 9.879364e-08 1.301525e-07 4.894056e-08 7.043119e-08 1.643256e-07 2.059717e-07 1.291893e-07 1.487837e-08 7.107425e-08 9.569217e-08 4.884845e-08 1.497963e-08 3.080319e-08 3.070242e-08 3.061586e-08 1.604180e-07 4.743690e-08 4.817465e-08 6.816033e-08 1.478396e-08 4.808393e-08 6.928642e-08 1.612912e-07 2.982424e-08 6.781900e-08 9.478981e-08 4.781485e-08 6.748335e-08 6.862848e-08 3.009235e-08 6.732665e-08 1.459990e-08 2.948819e-08 6.705014e-08 2.402662e-07 3.258645e-07 1.881575e+02
 2.850000e+01 1.080611e-08 3.105990e-09 1.012273e-08 1.418307e-08 6.078378e-09 1.986053e-08 2.660635e-08 9.619538e-09 1.397293e-08 3.412528e-08 4.370001e-08 2.642869e-08 2.898610e-09 1.412416e-08 1.923240e-08 9.631330e-09 2.925455e-09 6.037611e-09 6.020121e-09 6.005106e-09 3.339042e-08 9.355826e-09 9.513587e-09 1.356992e-08 2.891670e-09 9.497752e-09 1.380730e-08 3.366008e-08 5.849471e-09 1.350953e-08 1.913921e-08 9.450811e-09 1.345018e-08 1.369101e-08 5.914419e-09 1.342248e-08 2.859940e-09 5.791188e-09 1.337360e-08 5.223149e-08 7.429841e-08 1.851502e+02
 3.100000e+01 2.231119e-09 6.383006e-10 2.096873e-09 2.959515e-09 1.254381e-09 4.190271e-09 5.692451e-09 1.994778e-09 2.918262e-09 7.398637e-09 9.654779e-09 5.656503e-09 5.972215e-10 2.952952e-09 4.057519e-09 2.001329e-09 6.035471e-10 1.249142e-09 1.245790e-09 1.242915e-09 7.248317e-09 1.943864e-09 1.978648e-09 2.839674e-09 5.971070e-10 1.975605e-09 2.891197e-09 7.323122e-09 1.210525e-09 2.827963e-09 4.047202e-09 1.966594e-09 2.816470e-09 2.868659e-09 1.225598e-09 2.811112e-09 5.910816e-10 1.199437e-09 2.801669e-09 1.177001e-08 1.742596e-08 1.800879e+02
 3.350000e+01 4.791571e-10 1.366752e-10 4.518395e-10 6.413098e-10 2.694703e-10 9.162282e-10 1.258547e-09 4.301692e-10 6.327983e-10 1.653770e-09 2.194389e-09 1.250877e-09 1.281449e-10 6.409090e-10 8.868522e-10 4.322919e-10 1.296342e-10 2.689176e-10 2.682350e-10 2.676495e-10 1.621321e-09 4.197639e-10 4.276465e-10 6.165787e-10 1.283269e-10 4.270233e-10 6.281501e-10 1.641960e-09 2.605719e-10 6.141625e-10 8.862064e-10 4.251780e-10 6.117919e-10 6.234957e-10 2.641236e-10 6.106869e-10 1.271040e-10 2.583223e-10 6.087399e-10 2.719365e-09 4.165916e-09 1.730416e+02
 3.600000e+01 1.090568e-10 3.106370e-11 1.032169e-10 1.471572e-10 6.143213e-11 2.118087e-10 2.936140e-10 9.836724e-11 1.453161e-10 3.894028e-10 5.244676e-10 2.919069e-10 2.919316e-11 1.473343e-10 2.050099e-10 9.901823e-11 2.956227e-11 6.143332e-11 6.128694e-11 6.116133e-11 3.820795e-10 9.612948e-11 9.801692e-11 1.418001e-10 2.928229e-11 9.788248e-11 1.445660e-10 3.879292e-10 5.952757e-11 1.412754e-10 2.052240e-10 9.748425e-11 1.407605e-10 1.435544e-10 6.040411e-11 1.405203e-10 2.901999e-11 5.904478e-11 1.400971e-10 6.595558e-10 1.040777e-09 1.661606e+02
 3.850000e+01 2.546270e-11 7.247951e-12 2.417762e-11 3.459204e-11 1.437289e-11 5.008443e-11 6.996008e-11 2.306696e-11 3.418529e-11 9.353658e-11 1.276612e-10 6.957477e-11 6.827562e-12 3.469580e-11 4.849186e-11 2.325551e-11 6.919810e-12 1.439874e-11 1.436669e-11 1.433918e-11 9.186364e-11 2.257556e-11 2.303553e-11 3.340844e-11 6.858584e-12 2.300598e-11 3.408443e-11 9.347804e-11 1.395592e-11 3.329249e-11 4.861781e-11 2.291847e-11 3.317866e-11 3.386093e-11 1.417332e-11 3.312558e-11 6.801195e-12 1.385014e-11 3.303201e-11 1.627200e-10 2.635936e-10 1.661194e+02
 4.100000e+01 6.245694e-12 1.777112e-12 5.945797e-12 8.530342e-12 3.532047e-12 1.240773e-11 1.743848e-11 5.678109e-12 8.435285e-12 2.347982e-11 3.241761e-11 1.734690e-11 1.677436e-12 8.568202e-12 1.201658e-11 5.731408e-12 1.701110e-12 3.543190e-12 3.535771e-12 3.529405e-12 2.307849e-11 5.564029e-12 5.680364e-12 8.254033e-12 1.686959e-12 5.673512e-12 8.425700e-12 2.352178e-11 3.435491e-12 8.227007e-12 1.206323e-11 5.653216e-12 8.200460e-12 8.373631e-12 3.491021e-12 8.188094e-12 1.673696e-12 3.411016e-12 8.166300e-12 4.181801e-11 6.935542e-11 1.593091e+02
 4.350000e+01 1.587428e-12 4.515825e-13 1.514403e-12 2.177381e-12 8.992118e-13 3.178500e-12 4.488688e-12 1.447444e-12 2.154199e-12 6.080135e-12 8.478165e-12 4.466009e-12 4.269833e-13 2.189465e-12 3.078829e-12 1.462313e-12 4.331764e-13 9.029738e-13 9.011771e-13 8.996357e-13 5.979934e-12 1.419758e-12 1.449927e-12 2.110031e-12 4.297541e-13 1.448265e-12 2.154758e-12 6.101804e-12 8.758347e-13 2.103452e-12 3.094039e-12 1.443343e-12 2.096996e-12 2.142094e-12 8.903484e-13 2.093987e-12 4.265497e-13 8.699168e-13 2.088684e-12 1.105213e-11 1.872380e-11 1.515045e+02
 4.600000e+01 4.223703e-13 1.201593e-13 4.037019e-13 5.814311e-13 2.396546e-13 8.511524e-13 1.206541e-12 3.861602e-13 5.754860e-13 1.642652e-12 2.310031e-12 1.200649e-12 1.137856e-13 5.851900e-13 8.245919e-13 3.903871e-13 1.154669e-13 2.408516e-13 2.403933e-13 2.400002e-13 1.616411e-12 3.790881e-13 3.872227e-13 5.641671e-13 1.145947e-13 3.867981e-13 5.762962e-13 1.650874e-12 2.336923e-13 5.624815e-13 8.293951e-13 3.855407e-13 5.608278e-13 5.730519e-13 2.376319e-13 5.600570e-13 1.137782e-13 2.321837e-13 5.586987e-13 3.039554e-12 5.249200e-12 1.442173e+02
 4.850000e+01 1.140541e-13 3.245507e-14 1.092000e-13 1.574947e-13 6.482550e-14 2.310641e-13 3.285378e-13 1.045390e-13 1.559453e-13 4.492271e-13 6.363129e-13 3.269845e-13 3.077699e-14 1.586380e-13 2.238957e-13 1.057393e-13 3.123782e-14 6.519236e-14 6.507340e-14 6.497135e-14 4.422581e-13 1.027009e-13 1.049167e-13 1.529957e-13 3.101151e-14 1.048063e-13 1.563206e-13 4.520065e-13 6.327760e-14 1.525565e-13 2.253711e-13 1.044795e-13 1.521256e-13 1.554752e-13 6.435653e-14 1.519248e-13 3.079963e-14 6.288592e-14 1.515709e-13 8.442775e-13 1.483542e-12 1.433072e+02
 5.100000e+01 3.238830e-14 9.220321e-15 3.105813e-14 4.484415e-14 1.844072e-14 6.590080e-14 9.392480e-14 2.975610e-14 4.441880e-14 1.288956e-13 1.836786e-13 9.349449e-14 8.755104e-15 4.519916e-14 6.387027e-14 3.011000e-14 8.887286e-15 1.855481e-14 1.852226e-14 1.849434e-14 1.269517e-13 2.925258e-14 2.988470e-14 4.360921e-14 8.825383e-15 2.985447e-14 4.456325e-14 1.298084e-13 1.801704e-14 4.348867e-14 6.433323e-14 2.976495e-14 4.337042e-14 4.433131e-14 1.832612e-14 4.331530e-14 8.767428e-15 1.790984e-14 4.321818e-14 2.455154e-13 4.382026e-13 1.350529e+02
 5.350000e+01 9.377302e-15 2.670706e-15 9.004445e-15 1.301391e-14 5.347857e-15 1.914867e-14 2.734331e-14 8.633633e-15 1.289455e-14 3.764038e-14 5.391110e-14 2.722167e-14 2.539042e-15 1.312366e-14 1.856297e-14 8.738892e-15 2.577526e-15 5.383111e-15 5.374004e-15 5.366192e-15 3.708753e-14 8.492605e-15 8.675811e-15 1.266744e-14 2.560211e-15 8.667348e-15 1.294534e-14 3.793174e-14 5.229263e-15 1.263363e-14 1.870782e-14 8.642286e-15 1.260047e-14 1.288031e-14 5.319132e-15 1.258501e-14 2.544002e-15 5.199261e-15 1.255778e-14 7.253499e-14 1.313197e-13 1.308734e+02
