#             0.000000e+00 1.046000e-01 1.040000e+00 1.186880e+00 1.312720e+00 1.581020e+00 1.612660e+00 1.637010e+00 1.790630e+00 1.844930e+00 1.885000e+00 1.963110e+00 1.984260e+00 2.034420e+00 2.065000e+00 2.120870e+00 2.170000e+00 2.275000e+00 2.290760e+00 2.324550e+00 2.330030e+00 2.345360e+00 2.390010e+00 2.413490e+00 2.531200e+00 2.579540e+00 2.612600e+00 2.631980e+00 2.660250e+00 0.000000e+00 0.000000e+00 0.000000e+00 0.000000e+00 0.000000e+00 0.000000e+00 0.000000e+00 0.000000e+00 0.000000e+00 0.000000e+00 0.000000e+00 0.000000e+00 2.661250e+00
 3.500000e+00 1.088612e-02 9.254261e-03 5.436296e-03 1.527234e-02 1.410104e-02 1.225499e-02 1.384109e-02 7.930641e-03 7.902110e-03 1.437590e-02 1.149241e-02 1.407156e-02 2.023660e-03 3.404657e-04 1.145071e-02 1.111190e-02 3.783216e-03 1.110972e-02 1.643889e-03 1.370116e-02 3.836599e-03 1.314358e-02 1.334206e-02 3.541599e-03 3.430789e-03 1.319620e-02 1.031622e-02 6.677450e-03 5.810753e-04 0.000000e+00 0.000000e+00 0.000000e+00 0.000000e+00 0.000000e+00 0.000000e+00 0.000000e+00 0.000000e+00 0.000000e+00 0.000000e+00 0.000000e+00 0.000000e+00 4.758432e+00
 6.000000e+00 1.173445e-01 6.330469e-02 8.117248e-02 1.262234e-01 1.040831e-01 1.203253e-01 1.024088e-01 9.927003e-02 9.891057e-02 1.205455e-01 1.159961e-01 1.174865e-01 4.569543e-02 1.473032e-02 1.145197e-01 1.131858e-01 6.727383e-02 1.118813e-01 4.186972e-02 1.160074e-01 6.657417e-02 9.792114e-02 9.759199e-02 6.447214e-02 6.311211e-02 1.113302e-01 1.071053e-01 8.805947e-02 2.219248e-02 0.000000e+00 0.000000e+00 0.000000e+00 0.000000e+00 0.000000e+00 0.000000e+00 0.000000e+00 0.000000e+00 0.000000e+00 0.000000e+00 0.000000e+00 0.000000e+00 3.067568e+02
 8.500000e+00 3.573559e-02 1.278808e-02 3.095207e-02 2.963777e-02 2.228664e-02 3.257688e-02 2.195562e-02 3.231827e-02 3.210305e-02 2.858719e-02 3.182322e-02 2.824874e-02 2.402150e-02 1.359436e-02 3.159126e-02 3.134223e-02 2.818784e-02 3.114612e-02 2.324207e-02 2.776712e-02 2.800621e-02 2.109214e-02 2.104172e-02 2.761360e-02 2.733191e-02 2.716649e-02 3.029391e-02 3.014410e-02 1.726299e-02 0.000000e+00 0.000000e+00 0.000000e+00 0.000000e+00 0.000000e+00 0.000000e+00 0.000000e+00 0.000000e+00 0.000000e+00 0.000000e+00 0.000000e+00 0.000000e+00 6.099801e+02
 1.100000e+01 5.904988e-03 1.631729e-03 5.798226e-03 4.128667e-03 2.939668e-03 4.916195e-03 2.892946e-03 5.429057e-03 5.392882e-03 3.983976e-03 4.834452e-03 3.958138e-03 5.312612e-03 4.151722e-03 4.786035e-03 4.770998e-03 5.430858e-03 4.728681e-03 5.199414e-03 3.875908e-03 5.386210e-03 2.776214e-03 2.756746e-03 5.351301e-03 5.312565e-03 3.819814e-03 4.636467e-03 5.133164e-03 4.611983e-03 0.000000e+00 0.000000e+00 0.000000e+00 0.000000e+00 0.000000e+00 0.000000e+00 0.000000e+00 0.000000e+00 0.000000e+00 0.000000e+00 0.000000e+00 0.000000e+00 4.183413e+02
 1.350000e+01 8.950076e-04 2.075666e-04 9.469195e-04 5.595044e-04 3.837611e-04 7.010174e-04 3.774949e-04 8.273890e-04 8.210315e-04 5.397763e-04 6.919834e-04 5.376130e-04 9.537875e-04 9.155376e-04 6.829909e-04 6.832930e-04 8.956359e-04 6.751043e-04 9.382596e-04 5.252437e-04 8.874989e-04 3.621126e-04 3.583561e-04 8.842891e-04 8.787765e-04 5.191867e-04 6.650114e-04 7.847755e-04 9.245596e-04 0.000000e+00 0.000000e+00 0.000000e+00 0.000000e+00 0.000000e+00 0.000000e+00 0.000000e+00 0.000000e+00 0.000000e+00 0.000000e+00 0.000000e+00 0.000000e+00 2.733791e+02
 1.600000e+01 1.376922e-04 2.817801e-05 1.529621e-04 7.932579e-05 5.314305e-05 1.032141e-04 5.223272e-05 1.274899e-04 1.261727e-04 7.647315e-05 1.019661e-04 7.647431e-05 1.634952e-04 1.804011e-04 1.005642e-04 1.006767e-04 1.450890e-04 9.941243e-05 1.613559e-04 7.439631e-05 1.438196e-04 5.002113e-05 4.934791e-05 1.433503e-04 1.425086e-04 7.381617e-05 9.798979e-05 1.207508e-04 1.700562e-04 0.000000e+00 0.000000e+00 0.000000e+00 0.000000e+00 0.000000e+00 0.000000e+00 0.000000e+00 0.000000e+00 0.000000e+00 0.000000e+00 0.000000e+00 0.000000e+00 2.452855e+02
 1.850000e+01 2.224967e-05 4.128718e-06 2.571033e-05 1.209908e-05 7.974560e-06 1.621499e-05 7.849890e-06 2.075645e-05 2.051413e-05 1.169747e-05 1.611287e-05 1.176833e-05 2.876628e-05 3.501491e-05 1.582327e-05 1.591913e-05 2.455638e-05 1.565058e-05 2.845029e-05 1.139744e-05 2.429439e-05 7.538394e-06 7.415521e-06 2.427912e-05 2.414395e-05 1.137459e-05 1.550870e-05 1.967741e-05 3.145751e-05 0.000000e+00 0.000000e+00 0.000000e+00 0.000000e+00 0.000000e+00 0.000000e+00 0.000000e+00 0.000000e+00 0.000000e+00 0.000000e+00 0.000000e+00 0.000000e+00 2.371940e+02
 2.100000e+01 3.739094e-06 6.396127e-07 4.459958e-06 1.938252e-06 1.258760e-06 2.662432e-06 1.241976e-06 3.516013e-06 3.467311e-06 1.882715e-06 2.664441e-06 1.902396e-06 5.181554e-06 6.791603e-06 2.606659e-06 2.637043e-06 4.297209e-06 2.582089e-06 5.142775e-06 1.841445e-06 4.246066e-06 1.200352e-06 1.180130e-06 4.255527e-06 4.235142e-06 1.848152e-06 2.578800e-06 3.344511e-06 5.902276e-06 0.000000e+00 0.000000e+00 0.000000e+00 0.000000e+00 0.000000e+00 0.000000e+00 0.000000e+00 0.000000e+00 0.000000e+00 0.000000e+00 0.000000e+00 0.000000e+00 2.369693e+02
 2.350000e+01 6.696410e-07 1.073663e-07 8.171159e-07 3.327501e-07 2.135446e-07 4.652413e-07 2.108480e-07 6.305390e-07 6.194972e-07 3.237295e-07 4.672502e-07 3.275138e-07 9.766071e-07 1.358650e-06 4.561089e-07 4.627773e-07 7.903045e-07 4.521515e-07 9.721194e-07 3.171993e-07 7.801317e-07 2.043265e-07 2.007576e-07 7.833111e-07 7.799207e-07 3.189784e-07 4.534531e-07 5.992302e-07 1.148990e-06 0.000000e+00 0.000000e+00 0.000000e+00 0.000000e+00 0.000000e+00 0.000000e+00 0.000000e+00 0.000000e+00 0.000000e+00 0.000000e+00 0.000000e+00 0.000000e+00 2.296137e+02
 2.600000e+01 1.252537e-07 1.907915e-08 1.555527e-07 6.014353e-08 3.827714e-08 8.520672e-08 3.780174e-08 1.178964e-07 1.154312e-07 5.853252e-08 8.577538e-08 5.926599e-08 1.902239e-07 2.780314e-07 8.354666e-08 8.495091e-08 1.508087e-07 8.282969e-08 1.896680e-07 5.736941e-08 1.484887e-07 3.665335e-08 3.597886e-08 1.494744e-07 1.488300e-07 5.774038e-08 8.324128e-08 1.116637e-07 2.296080e-07 0.000000e+00 0.000000e+00 0.000000e+00 0.000000e+00 0.000000e+00 0.000000e+00 0.000000e+00 0.000000e+00 0.000000e+00 0.000000e+00 0.000000e+00 0.000000e+00 2.214542e+02
 2.850000e+01 2.482544e-08 3.630560e-09 3.131905e-08 1.161232e-08 7.349354e-09 1.663836e-08 7.263039e-09 2.341500e-08 2.285804e-08 1.131554e-08 1.678450e-08 1.147184e-08 3.910657e-08 5.961191e-08 1.632556e-08 1.662798e-08 3.049713e-08 1.618980e-08 3.906897e-08 1.109950e-08 2.992419e-08 7.052777e-09 6.913555e-09 3.023086e-08 3.010194e-08 1.118727e-08 1.630157e-08 2.212908e-08 4.827864e-08 0.000000e+00 0.000000e+00 0.000000e+00 0.000000e+00 0.000000e+00 0.000000e+00 0.000000e+00 0.000000e+00 0.000000e+00 0.000000e+00 0.000000e+00 0.000000e+00 2.119587e+02
 3.100000e+01 5.168994e-09 7.324322e-10 6.614351e-09 2.369578e-09 1.493945e-09 3.428032e-09 1.477737e-09 4.890931e-09 4.763424e-09 2.313175e-09 3.462836e-09 2.348225e-09 8.416635e-09 1.331351e-08 3.367691e-09 3.432637e-09 6.474632e-09 3.341462e-09 8.432956e-09 2.272047e-09 6.334201e-09 1.438187e-09 1.407840e-09 6.421019e-09 6.395020e-09 2.294063e-09 3.369526e-09 4.620153e-09 1.061141e-08 0.000000e+00 0.000000e+00 0.000000e+00 0.000000e+00 0.000000e+00 0.000000e+00 0.000000e+00 0.000000e+00 0.000000e+00 0.000000e+00 0.000000e+00 0.000000e+00 2.015325e+02
 3.350000e+01 1.112659e-09 1.539581e-10 1.440959e-09 5.021441e-10 3.156990e-10 7.318204e-10 3.124940e-10 1.055208e-09 1.026459e-09 4.908918e-10 7.399554e-10 4.988568e-10 1.863452e-09 3.046703e-09 7.196823e-10 7.338870e-10 1.416636e-09 7.144205e-10 1.872808e-09 4.827234e-10 1.382694e-09 3.047042e-10 2.979983e-10 1.405530e-09 1.400151e-09 4.881307e-10 7.212427e-10 9.973083e-10 2.394688e-09 0.000000e+00 0.000000e+00 0.000000e+00 0.000000e+00 0.000000e+00 0.000000e+00 0.000000e+00 0.000000e+00 0.000000e+00 0.000000e+00 0.000000e+00 0.000000e+00 1.970108e+02
 3.600000e+01 2.532322e-10 3.442285e-11 3.311995e-10 1.129129e-10 7.084767e-11 1.654542e-10 7.016172e-11 2.404758e-10 2.338223e-10 1.104898e-10 1.674227e-10 1.123762e-10 4.340842e-10 7.309579e-10 1.628190e-10 1.661064e-10 3.266103e-10 1.616794e-10 4.374353e-10 1.087370e-10 3.181819e-10 6.849952e-11 6.695742e-11 3.241332e-10 3.229356e-10 1.100787e-10 1.633724e-10 2.274370e-10 5.672873e-10 0.000000e+00 0.000000e+00 0.000000e+00 0.000000e+00 0.000000e+00 0.000000e+00 0.000000e+00 0.000000e+00 0.000000e+00 0.000000e+00 0.000000e+00 0.000000e+00 1.868350e+02
 3.850000e+01 5.907769e-11 7.923654e-12 7.791455e-11 2.610049e-11 1.635538e-11 3.840546e-11 1.620333e-11 5.616670e-11 5.459905e-11 2.556085e-11 3.888637e-11 2.601597e-11 1.032764e-10 1.785085e-10 3.781339e-11 3.859097e-11 7.701430e-11 3.755755e-11 1.043043e-10 2.517079e-11 7.491448e-11 1.583505e-11 1.547329e-11 7.644214e-11 7.616572e-11 2.550475e-11 3.797780e-11 5.315101e-11 1.369709e-10 0.000000e+00 0.000000e+00 0.000000e+00 0.000000e+00 0.000000e+00 0.000000e+00 0.000000e+00 0.000000e+00 0.000000e+00 0.000000e+00 0.000000e+00 0.000000e+00 1.776643e+02
 4.100000e+01 1.446608e-11 1.920737e-12 1.921698e-11 6.347535e-12 3.974080e-12 9.370454e-12 3.938617e-12 1.377141e-11 1.338463e-11 6.221155e-12 9.492917e-12 6.335704e-12 2.571725e-11 4.548646e-11 9.230766e-12 9.423269e-12 1.903042e-11 9.170403e-12 2.602279e-11 6.129793e-12 1.849332e-11 3.852688e-12 3.763773e-12 1.889207e-11 1.882523e-11 6.215937e-12 9.278693e-12 1.303980e-11 3.455443e-11 0.000000e+00 0.000000e+00 0.000000e+00 0.000000e+00 0.000000e+00 0.000000e+00 0.000000e+00 0.000000e+00 0.000000e+00 0.000000e+00 0.000000e+00 0.000000e+00 1.687984e+02
 4.350000e+01 3.666093e-12 4.831865e-13 4.900362e-12 1.600827e-12 1.001621e-12 2.368990e-12 9.930380e-13 3.494796e-12 3.396569e-12 1.570132e-12 2.401148e-12 1.599729e-12 6.611153e-12 1.193308e-11 2.334874e-12 2.384150e-12 4.859843e-12 2.320134e-12 6.700933e-12 1.547946e-12 4.720292e-12 9.722414e-13 9.497048e-13 4.825374e-12 4.808725e-12 1.570653e-12 2.348872e-12 3.311689e-12 8.985563e-12 0.000000e+00 0.000000e+00 0.000000e+00 0.000000e+00 0.000000e+00 0.000000e+00 0.000000e+00 0.000000e+00 0.000000e+00 0.000000e+00 0.000000e+00 0.000000e+00 1.640909e+02
 4.600000e+01 9.717655e-13 1.274071e-13 1.305716e-12 4.229094e-13 2.644864e-13 6.269601e-13 2.623031e-13 9.275143e-13 9.015496e-13 4.150795e-13 6.357383e-13 4.230163e-13 1.773641e-12 3.259051e-12 6.182206e-13 6.313883e-13 1.296371e-12 6.144465e-13 1.800146e-12 4.094239e-13 1.258851e-12 2.570156e-13 2.510677e-13 1.287396e-12 1.283063e-12 4.156080e-13 6.223638e-13 8.796713e-13 2.434844e-12 0.000000e+00 0.000000e+00 0.000000e+00 0.000000e+00 0.000000e+00 0.000000e+00 0.000000e+00 0.000000e+00 0.000000e+00 0.000000e+00 0.000000e+00 0.000000e+00 1.555087e+02
 4.850000e+01 2.613202e-13 3.413569e-14 3.526472e-13 1.134674e-13 7.093737e-14 1.684312e-13 7.037103e-14 2.496910e-13 2.427417e-13 1.114320e-13 1.708427e-13 1.135781e-13 4.818007e-13 8.991971e-13 1.661513e-13 1.697091e-13 3.504255e-13 1.651672e-13 4.894606e-13 1.099627e-13 3.402516e-13 6.900020e-14 6.741334e-14 3.480522e-13 3.469068e-13 1.116545e-13 1.673584e-13 2.370051e-13 6.670831e-13 0.000000e+00 0.000000e+00 0.000000e+00 0.000000e+00 0.000000e+00 0.000000e+00 0.000000e+00 0.000000e+00 0.000000e+00 0.000000e+00 0.000000e+00 0.000000e+00 1.479062e+02
 5.100000e+01 7.388599e-14 9.628612e-15 1.000659e-13 3.203845e-14 2.002470e-14 4.760045e-14 1.986957e-14 7.066787e-14 6.871428e-14 3.147993e-14 4.829158e-14 3.208706e-14 1.373716e-13 2.598452e-13 4.697305e-14 4.797987e-14 9.949852e-14 4.670234e-14 1.396400e-13 3.107697e-14 9.661410e-14 1.949422e-14 1.905027e-14 9.883831e-14 9.851958e-14 3.155985e-14 4.733401e-14 6.712901e-14 1.915690e-13 0.000000e+00 0.000000e+00 0.000000e+00 0.000000e+00 0.000000e+00 0.000000e+00 0.000000e+00 0.000000e+00 0.000000e+00 0.000000e+00 0.000000e+00 0.000000e+00 1.429194e+02
 5.350000e+01 2.130088e-14 2.771541e-15 2.893524e-14 9.229398e-15 5.767270e-15 1.372126e-14 5.723806e-15 2.039142e-14 1.983207e-14 9.072671e-15 1.392202e-14 9.247107e-15 3.988272e-14 7.632846e-14 1.354479e-14 1.383441e-14 2.878420e-14 1.346867e-14 4.055733e-14 8.959630e-15 2.795435e-14 5.618660e-15 5.492178e-15 2.859661e-14 2.850612e-14 9.099239e-15 1.365288e-14 1.938440e-14 5.595671e-14 0.000000e+00 0.000000e+00 0.000000e+00 0.000000e+00 0.000000e+00 0.000000e+00 0.000000e+00 0.000000e+00 0.000000e+00 0.000000e+00 0.000000e+00 0.000000e+00 1.374030e+02
