#             0.000000e+00 1.441300e-02 1.364740e-01 3.667590e-01 7.064160e-01 1.007130e+00 1.139900e+00 1.197810e+00 1.265520e+00 1.356830e+00 1.627256e+00 1.725380e+00 1.976630e+00 1.989660e+00 1.991000e+00 2.113110e+00 2.118600e+00 2.206880e+00 2.217660e+00 2.220200e+00 2.330410e+00 2.355960e+00 2.358000e+00 2.455550e+00 2.456000e+00 2.505290e+00 2.564220e+00 2.574500e+00 2.593600e+00 2.599400e+00 0.000000e+00 0.000000e+00 0.000000e+00 0.000000e+00 0.000000e+00 0.000000e+00 0.000000e+00 0.000000e+00 0.000000e+00 0.000000e+00 0.000000e+00 2.600400e+00
 1.000000e+00 7.096585e-17 5.491662e-17 3.420588e-18 5.256438e-21 0.000000e+00 0.000000e+00 0.000000e+00 0.000000e+00 0.000000e+00 0.000000e+00 0.000000e+00 0.000000e+00 0.000000e+00 0.000000e+00 0.000000e+00 0.000000e+00 0.000000e+00 0.000000e+00 0.000000e+00 0.000000e+00 0.000000e+00 0.000000e+00 0.000000e+00 0.000000e+00 0.000000e+00 0.000000e+00 0.000000e+00 0.000000e+00 0.000000e+00 0.000000e+00 0.000000e+00 0.000000e+00 0.000000e+00 0.000000e+00 0.000000e+00 0.000000e+00 0.000000e+00 0.000000e+00 0.000000e+00 0.000000e+00 0.000000e+00 0.000000e+00
 3.500000e+00 2.184577e-02 2.637140e-02 1.934113e-02 1.232909e-02 4.291973e-03 9.655447e-04 8.938998e-04 2.431702e-04 3.464629e-04 1.838213e-04 5.904050e-05 2.902096e-05 2.311274e-06 9.674452e-07 2.001498e-06 6.613045e-07 6.198946e-07 2.052733e-07 1.759954e-07 1.125475e-07 3.881683e-08 3.627737e-09 2.501870e-08 1.348014e-09 2.567380e-09 1.402687e-09 4.366379e-10 2.431635e-10 2.150667e-10 1.850452e-10 0.000000e+00 0.000000e+00 0.000000e+00 0.000000e+00 0.000000e+00 0.000000e+00 0.000000e+00 0.000000e+00 0.000000e+00 0.000000e+00 0.000000e+00 1.416110e-08
 6.000000e+00 1.092248e-01 1.801676e-01 2.128065e-01 1.571096e-01 1.629413e-01 1.339978e-01 1.028973e-01 1.025885e-01 5.420472e-02 1.018921e-01 6.743147e-02 6.077238e-02 2.641291e-02 4.383715e-02 2.591425e-02 4.362038e-02 4.325868e-02 3.764990e-02 3.664018e-02 3.542299e-02 2.606276e-02 1.762313e-02 2.468908e-02 1.953716e-02 2.348056e-02 2.160522e-02 1.647808e-02 9.619689e-03 1.547107e-02 1.533600e-02 0.000000e+00 0.000000e+00 0.000000e+00 0.000000e+00 0.000000e+00 0.000000e+00 0.000000e+00 0.000000e+00 0.000000e+00 0.000000e+00 0.000000e+00 1.548802e-01
 8.500000e+00 4.266310e-02 7.836971e-02 1.073314e-01 7.356278e-02 9.609601e-02 1.067314e-01 6.278220e-02 1.118941e-01 3.200686e-02 9.773003e-02 5.465458e-02 5.307364e-02 2.599924e-02 8.858717e-02 2.587389e-02 6.502507e-02 6.489525e-02 6.280029e-02 6.197094e-02 7.410577e-02 4.330218e-02 7.610858e-02 4.254867e-02 7.319620e-02 6.806883e-02 5.510761e-02 3.901233e-02 2.067387e-02 3.850531e-02 3.864028e-02 0.000000e+00 0.000000e+00 0.000000e+00 0.000000e+00 0.000000e+00 0.000000e+00 0.000000e+00 0.000000e+00 0.000000e+00 0.000000e+00 0.000000e+00 3.591803e+00
 1.100000e+01 1.229854e-02 2.358101e-02 3.430779e-02 2.249992e-02 3.177261e-02 3.897479e-02 2.025943e-02 4.587393e-02 1.004870e-02 3.696804e-02 1.847512e-02 1.815265e-02 8.831322e-03 4.042978e-02 8.806485e-03 2.515816e-02 2.513139e-02 2.469995e-02 2.441345e-02 3.182064e-02 1.629229e-02 4.232048e-02 1.604627e-02 3.666947e-02 3.068548e-02 2.300893e-02 1.535019e-02 7.791825e-03 1.525068e-02 1.537163e-02 0.000000e+00 0.000000e+00 0.000000e+00 0.000000e+00 0.000000e+00 0.000000e+00 0.000000e+00 0.000000e+00 0.000000e+00 0.000000e+00 0.000000e+00 8.404941e+00
 1.350000e+01 3.407958e-03 6.685470e-03 1.005670e-02 6.420705e-03 9.431544e-03 1.212925e-02 5.902239e-03 1.512995e-02 2.880359e-03 1.163856e-02 5.462941e-03 5.387879e-03 2.597916e-03 1.377358e-02 2.592213e-03 7.856086e-03 7.849857e-03 7.749613e-03 7.651570e-03 1.040596e-02 4.977931e-03 1.567428e-02 4.903156e-03 1.280521e-02 1.017751e-02 7.328110e-03 4.745068e-03 2.361174e-03 4.722551e-03 4.768471e-03 0.000000e+00 0.000000e+00 0.000000e+00 0.000000e+00 0.000000e+00 0.000000e+00 0.000000e+00 0.000000e+00 0.000000e+00 0.000000e+00 0.000000e+00 1.122094e+01
 1.600000e+01 9.668511e-04 1.924074e-03 2.959634e-03 1.854055e-03 2.792219e-03 3.696008e-03 1.722511e-03 4.781734e-03 8.314550e-04 3.564486e-03 1.604851e-03 1.585599e-03 7.592711e-04 4.411808e-03 7.578240e-04 2.379990e-03 2.378389e-03 2.352650e-03 2.320946e-03 3.239464e-03 1.485489e-03 5.262620e-03 1.462250e-03 4.139688e-03 3.189507e-03 2.238294e-03 1.422372e-03 6.995393e-04 1.416705e-03 1.432588e-03 0.000000e+00 0.000000e+00 0.000000e+00 0.000000e+00 0.000000e+00 0.000000e+00 0.000000e+00 0.000000e+00 0.000000e+00 0.000000e+00 0.000000e+00 1.073671e+01
 1.850000e+01 2.848755e-04 5.729018e-04 8.962459e-04 5.532904e-04 8.486811e-04 1.146925e-03 5.177924e-04 1.523912e-03 2.478989e-04 1.109235e-03 4.842515e-04 4.789590e-04 2.282001e-04 1.415440e-03 2.278062e-04 7.332182e-04 7.327734e-04 7.256280e-04 7.153315e-04 1.016961e-03 4.526015e-04 1.742881e-03 4.451590e-04 1.333673e-03 1.005212e-03 6.924840e-04 4.342701e-04 2.119676e-04 4.327242e-04 4.381440e-04 0.000000e+00 0.000000e+00 0.000000e+00 0.000000e+00 0.000000e+00 0.000000e+00 0.000000e+00 0.000000e+00 0.000000e+00 0.000000e+00 0.000000e+00 9.468165e+00
 2.100000e+01 8.818674e-05 1.787810e-04 2.835085e-04 1.729450e-04 2.691338e-04 3.697306e-04 1.626529e-04 5.018497e-04 7.738645e-05 3.581962e-04 1.525234e-04 1.509662e-04 7.162935e-05 4.678679e-04 7.151453e-05 2.345686e-04 2.344364e-04 2.323141e-04 2.288673e-04 3.301543e-04 1.434830e-04 5.902291e-04 1.410512e-04 4.417353e-04 3.271914e-04 2.221044e-04 1.378678e-04 6.690688e-05 1.374163e-04 1.392595e-04 0.000000e+00 0.000000e+00 0.000000e+00 0.000000e+00 0.000000e+00 0.000000e+00 0.000000e+00 0.000000e+00 0.000000e+00 0.000000e+00 0.000000e+00 8.281476e+00
 2.350000e+01 2.817122e-05 5.750965e-05 9.226274e-05 5.570522e-05 8.775405e-05 1.222439e-04 5.260939e-05 1.689361e-04 2.489259e-05 1.185785e-04 4.943186e-05 4.895481e-05 2.314559e-05 1.578941e-04 2.311080e-05 7.699761e-05 7.695666e-05 7.629919e-05 7.511765e-05 1.097116e-04 4.673448e-05 2.032057e-04 4.592536e-05 1.492465e-04 1.089198e-04 7.302637e-05 4.495396e-05 2.171516e-05 4.481622e-05 4.544391e-05 0.000000e+00 0.000000e+00 0.000000e+00 0.000000e+00 0.000000e+00 0.000000e+00 0.000000e+00 0.000000e+00 0.000000e+00 0.000000e+00 0.000000e+00 7.184506e+00
 2.600000e+01 9.257649e-06 1.901118e-05 3.080212e-05 1.843090e-05 2.933495e-05 4.135272e-05 1.745792e-05 5.803409e-05 8.219053e-06 4.014511e-05 1.642537e-05 1.627379e-05 7.667406e-06 5.432701e-05 7.656444e-06 2.585855e-05 2.584540e-05 2.563431e-05 2.522528e-05 3.723981e-05 1.558879e-05 7.111169e-05 1.531221e-05 5.138928e-05 3.702216e-05 2.455503e-05 1.500485e-05 7.217460e-06 1.496130e-05 1.518029e-05 0.000000e+00 0.000000e+00 0.000000e+00 0.000000e+00 0.000000e+00 0.000000e+00 0.000000e+00 0.000000e+00 0.000000e+00 0.000000e+00 0.000000e+00 6.226346e+00
 2.850000e+01 3.189050e-06 6.581993e-06 1.075514e-05 6.385986e-06 1.025335e-05 1.460578e-05 6.062619e-06 2.077407e-05 2.842581e-06 1.418748e-05 5.710643e-06 5.659714e-06 2.658570e-06 1.946622e-05 2.654916e-06 9.069774e-06 9.065307e-06 8.993641e-06 8.847428e-06 1.318407e-05 5.434542e-06 2.585661e-05 5.336932e-06 1.842037e-05 1.311977e-05 8.619926e-06 5.233952e-06 2.508680e-06 5.219367e-06 5.297657e-06 0.000000e+00 0.000000e+00 0.000000e+00 0.000000e+00 0.000000e+00 0.000000e+00 0.000000e+00 0.000000e+00 0.000000e+00 0.000000e+00 0.000000e+00 5.406615e+00
 3.100000e+01 1.125581e-06 2.333757e-06 3.842241e-06 2.265869e-06 3.666630e-06 5.272409e-06 2.155653e-06 7.588033e-06 1.007014e-06 5.124280e-06 2.032829e-06 2.015288e-06 9.441014e-07 7.117331e-06 9.428530e-07 3.253859e-06 3.252305e-06 3.227361e-06 3.174162e-06 4.769638e-06 1.939565e-06 9.578067e-06 1.904438e-06 6.738483e-06 4.750738e-06 3.095275e-06 1.868894e-06 8.929602e-07 1.863877e-06 1.892346e-06 0.000000e+00 0.000000e+00 0.000000e+00 0.000000e+00 0.000000e+00 0.000000e+00 0.000000e+00 0.000000e+00 0.000000e+00 0.000000e+00 0.000000e+00 4.709808e+00
 3.350000e+01 4.132187e-07 8.602556e-07 1.425937e-06 8.357136e-07 1.361699e-06 1.974666e-06 7.962659e-07 2.872496e-06 3.707882e-07 1.920266e-06 7.517133e-07 7.453986e-07 3.482807e-07 2.696258e-06 3.478347e-07 1.211593e-06 1.211028e-06 1.201974e-06 1.181950e-06 1.789640e-06 7.185615e-07 3.670494e-06 7.054810e-07 2.553373e-06 1.783475e-06 1.153203e-06 6.927046e-07 3.299871e-07 6.909051e-07 7.015985e-07 0.000000e+00 0.000000e+00 0.000000e+00 0.000000e+00 0.000000e+00 0.000000e+00 0.000000e+00 0.000000e+00 0.000000e+00 0.000000e+00 0.000000e+00 4.122616e+00
 3.600000e+01 1.563969e-07 3.267937e-07 5.450257e-07 3.175914e-07 5.207036e-07 7.609692e-07 3.029249e-07 1.117631e-06 1.406054e-07 7.400489e-07 2.861192e-07 2.837622e-07 1.322544e-07 1.049357e-06 1.320891e-07 4.639765e-07 4.637641e-07 4.603569e-07 4.526255e-07 6.902160e-07 2.738734e-07 1.443796e-06 2.688437e-07 9.937603e-07 6.880673e-07 4.418025e-07 2.641120e-07 1.254742e-07 2.634424e-07 2.675472e-07 0.000000e+00 0.000000e+00 0.000000e+00 0.000000e+00 0.000000e+00 0.000000e+00 0.000000e+00 0.000000e+00 0.000000e+00 0.000000e+00 0.000000e+00 3.630518e+00
 3.850000e+01 6.085669e-08 1.275936e-07 2.139874e-07 1.240440e-07 2.045231e-07 3.010039e-07 1.184328e-07 4.459627e-07 5.481466e-08 2.927871e-07 1.119254e-07 1.110190e-07 5.162246e-08 4.188328e-07 5.155931e-08 1.825580e-07 1.824756e-07 1.811540e-07 1.780936e-07 2.733270e-07 1.072761e-07 5.819430e-07 1.053151e-07 3.967798e-07 2.725634e-07 1.738902e-07 1.034976e-07 4.904680e-08 1.032404e-07 1.048601e-07 0.000000e+00 0.000000e+00 0.000000e+00 0.000000e+00 0.000000e+00 0.000000e+00 0.000000e+00 0.000000e+00 0.000000e+00 0.000000e+00 0.000000e+00 3.213291e+00
 4.100000e+01 2.431444e-08 5.114245e-08 8.621777e-08 4.975821e-08 8.246971e-08 1.221683e-07 4.754307e-08 1.824716e-07 2.194341e-08 1.188493e-07 4.495015e-08 4.459117e-08 2.068012e-08 1.713748e-07 2.065530e-08 7.365011e-08 7.361729e-08 7.309095e-08 7.185015e-08 1.109457e-07 4.310875e-08 2.401827e-07 4.231845e-08 1.623277e-07 1.106847e-07 7.018781e-08 4.160036e-08 1.966561e-08 4.149879e-08 4.215422e-08 0.000000e+00 0.000000e+00 0.000000e+00 0.000000e+00 0.000000e+00 0.000000e+00 0.000000e+00 0.000000e+00 0.000000e+00 0.000000e+00 0.000000e+00 2.857632e+00
 4.350000e+01 9.971829e-09 2.104145e-08 3.565697e-08 2.046277e-08 3.408951e-08 5.082779e-08 1.955868e-08 7.653791e-08 9.001570e-09 4.943124e-08 1.848974e-08 1.834350e-08 8.488212e-09 7.186499e-08 8.478152e-09 3.045413e-08 3.044064e-08 3.022433e-08 2.970804e-08 4.615728e-08 1.774816e-08 1.016053e-07 1.742228e-08 6.805633e-08 4.605694e-08 2.902544e-08 1.712994e-08 8.077266e-09 1.709921e-08 1.737050e-08 0.000000e+00 0.000000e+00 0.000000e+00 0.000000e+00 0.000000e+00 0.000000e+00 0.000000e+00 0.000000e+00 0.000000e+00 0.000000e+00 0.000000e+00 2.603317e+00
 4.600000e+01 4.264572e-09 9.024807e-09 1.536527e-08 8.785731e-09 1.470359e-08 2.204131e-08 8.395433e-09 3.343057e-08 3.853643e-09 2.144177e-08 7.940900e-09 7.878426e-09 3.637029e-09 3.139217e-08 3.632754e-09 1.313753e-08 1.313173e-08 1.303876e-08 1.281458e-08 2.002156e-08 7.625490e-09 4.472087e-08 7.485232e-09 2.972293e-08 1.998101e-08 1.252138e-08 7.360579e-09 3.462565e-09 7.342959e-09 7.459785e-09 0.000000e+00 0.000000e+00 0.000000e+00 0.000000e+00 0.000000e+00 0.000000e+00 0.000000e+00 0.000000e+00 0.000000e+00 0.000000e+00 0.000000e+00 2.330614e+00
 4.850000e+01 1.838201e-09 3.901872e-09 6.671972e-09 3.791797e-09 6.377267e-09 9.622130e-09 3.625249e-09 1.470513e-08 1.659195e-09 9.358469e-09 3.428569e-09 3.401590e-09 1.566118e-09 1.380071e-08 1.564284e-09 5.698150e-09 5.695628e-09 5.655214e-09 5.557286e-09 8.734865e-09 3.292743e-09 1.981631e-08 3.231962e-09 1.306088e-08 8.717674e-09 5.429927e-09 3.178247e-09 1.491290e-09 3.170657e-09 3.221328e-09 0.000000e+00 0.000000e+00 0.000000e+00 0.000000e+00 0.000000e+00 0.000000e+00 0.000000e+00 0.000000e+00 0.000000e+00 0.000000e+00 0.000000e+00 2.106768e+00
 5.100000e+01 8.068164e-10 1.717845e-09 2.953789e-09 1.670221e-09 2.822107e-09 4.282435e-09 1.596380e-09 6.591689e-09 7.284719e-10 4.163925e-09 1.509307e-09 1.497378e-09 6.875030e-10 6.182092e-09 6.866963e-10 2.519424e-09 2.518303e-09 2.500326e-09 2.456665e-09 3.884022e-09 1.449354e-09 8.942004e-09 1.422449e-09 5.847536e-09 3.876464e-09 2.400057e-09 1.397439e-09 6.539575e-10 1.394106e-09 1.416518e-09 0.000000e+00 0.000000e+00 0.000000e+00 0.000000e+00 0.000000e+00 0.000000e+00 0.000000e+00 0.000000e+00 0.000000e+00 0.000000e+00 0.000000e+00 1.892089e+00
 5.350000e+01 3.619194e-10 7.725787e-10 1.333904e-09 7.510350e-10 1.274070e-09 1.942825e-09 7.176665e-10 3.008244e-09 3.266399e-10 1.888749e-09 6.776044e-10 6.722506e-10 3.078834e-10 2.818888e-09 3.075230e-10 1.135812e-09 1.135305e-09 1.129300e-09 1.109431e-09 1.763021e-09 6.520245e-10 4.108673e-09 6.398597e-10 2.669869e-09 1.759745e-09 1.083835e-09 6.292051e-10 2.937745e-10 6.277001e-10 6.378557e-10 0.000000e+00 0.000000e+00 0.000000e+00 0.000000e+00 0.000000e+00 0.000000e+00 0.000000e+00 0.000000e+00 0.000000e+00 0.000000e+00 0.000000e+00 1.745630e+00
