#             0.000000e+00 2.495000e-02 5.315000e-02 1.117600e-01 3.656600e-01 3.739300e-01 4.575000e-01 8.856300e-01 1.040120e+00 1.044260e+00 1.050190e+00 1.075500e+00 1.133000e+00 1.184630e+00 1.236550e+00 1.351510e+00 1.353470e+00 1.369000e+00 1.376880e+00 1.418120e+00 1.424000e+00 1.424600e+00 1.434900e+00 1.513320e+00 1.522570e+00 1.524400e+00 1.548810e+00 1.554740e+00 1.605620e+00 1.669900e+00 1.729240e+00 1.740500e+00 1.749350e+00 1.757200e+00 1.778000e+00 1.813300e+00 1.828000e+00 1.843000e+00 1.865800e+00 1.867700e+00 1.925000e+00 1.926000e+00
 1.000000e+00 9.863439e-10 3.156753e-10 6.088358e-10 8.728841e-10 8.394827e-10 2.881582e-10 5.607347e-10 7.657534e-10 7.427300e-10 4.861385e-10 7.564196e-10 8.668111e-11 8.184001e-10 2.240211e-10 8.512338e-10 2.110342e-10 8.371438e-10 7.345500e-10 7.339959e-10 2.059019e-10 6.841846e-10 7.388449e-11 7.298970e-10 6.704219e-10 8.165541e-10 6.687139e-10 1.959397e-10 6.640368e-10 6.561956e-10 6.462995e-10 7.086089e-10 1.816450e-10 3.936805e-10 7.065455e-10 1.789005e-10 2.951651e-10 3.172723e-10 6.197727e-10 7.743279e-10 6.983229e-10 7.670250e-10 1.492186e-04
 3.500000e+00 1.709380e-01 9.366153e-02 1.381732e-01 1.697807e-01 1.668922e-01 8.910745e-02 1.328468e-01 1.605453e-01 1.585294e-01 1.248261e-01 1.247898e-01 4.459978e-02 1.273809e-01 7.877103e-02 1.595710e-01 7.666675e-02 1.583013e-01 1.228118e-01 1.227605e-01 7.582693e-02 1.532156e-01 4.144104e-02 1.223795e-01 1.519114e-01 1.563938e-01 1.517477e-01 7.417787e-02 1.512972e-01 1.505347e-01 1.495581e-01 1.203445e-01 7.175221e-02 1.144509e-01 1.201420e-01 7.127624e-02 4.692664e-02 4.710950e-02 1.468531e-01 1.522480e-01 1.193258e-01 1.514941e-01 1.128387e+02
 6.000000e+00 2.039570e-01 2.043836e-01 2.317614e-01 2.330204e-01 2.298801e-01 1.990133e-01 2.258446e-01 2.232131e-01 2.211737e-01 2.169485e-01 1.336751e-01 1.471630e-01 1.349538e-01 1.861035e-01 1.918404e-01 1.833904e-01 1.906145e-01 1.315816e-01 1.315290e-01 1.823038e-01 2.159952e-01 1.420176e-01 1.311404e-01 2.147681e-01 1.888173e-01 2.146153e-01 1.801667e-01 2.141962e-01 2.134913e-01 2.125969e-01 1.291341e-01 1.770218e-01 2.058638e-01 1.289404e-01 1.764054e-01 4.717370e-02 4.640022e-02 2.101666e-01 1.850803e-01 1.281694e-01 1.844233e-01 3.937470e+02
 8.500000e+00 6.193776e-02 9.358439e-02 8.965111e-02 7.840153e-02 7.743123e-02 9.194875e-02 8.787774e-02 7.537616e-02 7.474697e-02 8.519344e-02 3.729454e-02 8.544440e-02 3.774465e-02 8.796584e-02 5.811037e-02 8.711141e-02 5.772541e-02 3.662202e-02 3.660516e-02 8.676692e-02 7.314491e-02 8.367760e-02 3.648067e-02 7.276410e-02 5.716107e-02 7.271665e-02 8.608525e-02 7.258648e-02 7.236737e-02 7.208914e-02 3.583951e-02 8.507153e-02 8.177795e-02 3.577777e-02 8.487128e-02 1.252072e-02 1.235221e-02 7.133198e-02 5.598779e-02 3.553235e-02 5.578164e-02 2.841247e+02
 1.100000e+01 1.468610e-02 2.897245e-02 2.501208e-02 1.994676e-02 1.969765e-02 2.852341e-02 2.454525e-02 1.918417e-02 1.903050e-02 2.386049e-02 8.327610e-03 3.024510e-02 8.387365e-03 2.746501e-02 1.375253e-02 2.724363e-02 1.366355e-02 8.178741e-03 8.175054e-03 2.715485e-02 1.864580e-02 2.975586e-02 8.147900e-03 1.855560e-02 1.353447e-02 1.854439e-02 2.697994e-02 1.851368e-02 1.846209e-02 1.839677e-02 8.009731e-03 2.672150e-02 2.302041e-02 7.996564e-03 2.667066e-02 2.700536e-03 2.674533e-03 1.822003e-02 1.327065e-02 7.944443e-03 1.322486e-02 2.127537e+02
 1.350000e+01 3.343114e-03 7.925097e-03 6.383306e-03 4.763215e-03 4.699361e-03 7.800106e-03 6.257896e-03 4.568409e-03 4.529521e-03 6.075103e-03 1.816332e-03 8.987386e-03 1.820818e-03 7.507442e-03 3.110767e-03 7.446964e-03 3.088955e-03 1.781264e-03 1.780400e-03 7.422811e-03 4.433065e-03 8.846040e-03 1.774047e-03 4.410670e-03 3.057495e-03 4.407893e-03 7.375404e-03 4.400292e-03 4.387551e-03 4.371466e-03 1.741967e-03 7.305838e-03 5.855309e-03 1.738934e-03 7.292225e-03 5.743420e-04 5.671704e-04 4.328213e-03 2.993993e-03 1.726969e-03 2.983092e-03 1.907030e+02
 1.600000e+01 7.744696e-04 2.112852e-03 1.619676e-03 1.147846e-03 1.132984e-03 2.080861e-03 1.588843e-03 1.102176e-03 1.092936e-03 1.543216e-03 4.107658e-04 2.547041e-03 4.106278e-04 2.004709e-03 7.222381e-04 1.988750e-03 7.172296e-04 4.030028e-04 4.028106e-04 1.982357e-03 1.069832e-03 2.507963e-03 4.013948e-04 1.064432e-03 7.099719e-04 1.063761e-03 1.969776e-03 1.061924e-03 1.058842e-03 1.054945e-03 3.942034e-04 1.951240e-03 1.487244e-03 3.935197e-04 1.947603e-03 1.281102e-04 1.260870e-04 1.044433e-03 6.952041e-04 3.908175e-04 6.926538e-04 1.799835e+02
 1.850000e+01 1.846299e-04 5.639964e-04 4.161606e-04 2.833145e-04 2.799527e-04 5.560802e-04 4.088526e-04 2.730041e-04 2.709216e-04 3.980605e-04 9.644746e-05 7.144178e-04 9.650446e-05 5.372695e-04 1.733084e-04 5.333187e-04 1.722259e-04 9.481159e-05 9.477107e-05 5.317340e-04 2.657086e-04 7.043587e-04 9.447257e-05 2.644876e-04 1.706562e-04 2.643360e-04 5.286116e-04 2.639204e-04 2.632226e-04 2.623397e-04 9.295449e-05 5.240004e-04 3.847683e-04 9.280995e-05 5.230939e-04 2.990527e-05 2.942960e-05 2.599539e-04 1.674545e-04 9.223813e-05 1.669001e-04 1.729142e+02
 2.100000e+01 4.615792e-05 1.541251e-04 1.101362e-04 7.274832e-05 7.192542e-05 1.520446e-04 1.082784e-04 7.024128e-05 6.974089e-05 1.055722e-04 2.381403e-05 2.032197e-04 2.384543e-05 1.471742e-04 4.349492e-05 1.461637e-04 4.324458e-05 2.344125e-05 2.343206e-05 1.457594e-04 6.849673e-05 2.005580e-04 2.336436e-05 6.820697e-05 4.288282e-05 6.817102e-05 1.449647e-04 6.807255e-05 6.790740e-05 6.769867e-05 2.302146e-05 1.437949e-04 1.022952e-04 2.298893e-05 1.435655e-04 7.348927e-06 7.241998e-06 6.713606e-05 4.214926e-05 2.286046e-05 4.202282e-05 1.639822e+02
 2.350000e+01 1.199264e-05 4.289767e-05 2.982862e-05 1.926953e-05 1.905440e-05 4.232058e-05 2.932610e-05 1.861601e-05 1.848631e-05 2.859902e-05 6.126471e-06 5.843505e-05 6.134901e-06 4.098075e-05 1.132059e-05 4.070502e-05 1.125789e-05 6.034531e-06 6.032267e-06 4.059497e-05 1.816513e-05 5.768630e-05 6.015612e-06 1.809063e-05 1.116747e-05 1.808139e-05 4.037905e-05 1.805610e-05 1.801372e-05 1.796022e-05 5.931467e-06 4.006235e-05 2.772851e-05 5.923503e-06 4.000039e-05 1.881965e-06 1.857507e-06 1.781634e-05 1.098487e-05 5.892083e-06 1.095350e-05 1.565733e+02
 2.600000e+01 3.226533e-06 1.219377e-05 8.284189e-06 5.260934e-06 5.203270e-06 1.203083e-05 8.145646e-06 5.085683e-06 5.050886e-06 7.945138e-06 1.636765e-06 1.706810e-05 1.639261e-06 1.165263e-05 3.051181e-06 1.157487e-05 3.034808e-06 1.613129e-06 1.612547e-06 1.154384e-05 4.964723e-06 1.685077e-05 1.608264e-06 4.944739e-06 3.011194e-06 4.942262e-06 1.148299e-05 4.935480e-06 4.924114e-06 4.909767e-06 1.586629e-06 1.139379e-05 7.705288e-06 1.584581e-06 1.137635e-05 5.010850e-07 4.954487e-07 4.871198e-06 2.963516e-06 1.576503e-06 2.955327e-06 1.486716e+02
 2.850000e+01 9.147650e-07 3.614573e-06 2.407528e-06 1.508391e-06 1.492378e-06 3.567269e-06 2.368228e-06 1.459713e-06 1.450035e-06 2.311328e-06 4.619834e-07 5.176596e-06 4.627349e-07 3.457412e-06 8.670146e-07 3.434819e-06 8.625509e-07 4.556151e-07 4.554582e-07 3.425802e-06 1.426078e-06 5.111718e-06 4.543039e-07 1.420518e-06 8.561111e-07 1.419829e-06 3.408116e-06 1.417943e-06 1.414780e-06 1.410787e-06 4.484693e-07 3.382185e-06 2.243226e-06 4.479169e-07 3.377118e-06 1.411387e-07 1.397726e-07 1.400053e-06 8.431008e-07 4.457379e-07 8.408648e-07 1.408649e+02
 3.100000e+01 2.674586e-07 1.095030e-06 7.172288e-07 4.446610e-07 4.401048e-07 1.081066e-06 7.058678e-07 4.308171e-07 4.280694e-07 6.894428e-07 1.347337e-07 1.598578e-06 1.349391e-07 1.048682e-06 2.540775e-07 1.042027e-06 2.528274e-07 1.329646e-07 1.329210e-07 1.039372e-06 4.212651e-07 1.579002e-06 1.326003e-07 4.196866e-07 2.510242e-07 4.194910e-07 1.034163e-06 4.189553e-07 4.180574e-07 4.169240e-07 1.309796e-07 1.026528e-06 6.698063e-07 1.308262e-07 1.025035e-06 4.111418e-08 4.076382e-08 4.138764e-07 2.473810e-07 1.302207e-07 2.467549e-07 1.379118e+02
 3.350000e+01 8.177871e-08 3.443722e-07 2.224184e-07 1.367734e-07 1.354144e-07 3.400771e-07 2.189872e-07 1.326484e-07 1.318310e-07 2.140372e-07 4.113974e-08 5.107745e-07 4.119346e-08 3.301409e-07 7.783813e-08 3.281026e-07 7.747069e-08 4.062281e-08 4.061008e-08 3.272897e-07 1.298087e-07 5.046557e-07 4.051643e-08 1.293387e-07 7.694007e-08 1.292806e-07 3.256928e-07 1.291216e-07 1.288551e-07 1.285187e-07 4.004288e-08 3.233577e-07 2.081322e-07 3.999810e-08 3.229013e-07 1.254587e-08 1.244944e-08 1.276145e-07 7.587026e-08 3.982142e-08 7.568650e-08 1.306543e+02
 3.600000e+01 2.588215e-08 1.114514e-07 7.116335e-08 4.348190e-08 4.306117e-08 1.100857e-07 7.008987e-08 4.220596e-08 4.195341e-08 6.854389e-08 1.301116e-08 1.674524e-07 1.302528e-08 1.069328e-07 2.467479e-08 1.062870e-07 2.456236e-08 1.285374e-08 1.284987e-08 1.060295e-07 4.132903e-08 1.654799e-07 1.282136e-08 4.118439e-08 2.440027e-08 4.116647e-08 1.055249e-07 4.111741e-08 4.103519e-08 4.093144e-08 1.267737e-08 1.047861e-07 6.670372e-08 1.266375e-08 1.046417e-07 3.966555e-09 3.938685e-09 4.065266e-08 2.407319e-08 1.261000e-08 2.401704e-08 1.238432e+02
 3.850000e+01 8.466507e-09 3.710276e-08 2.347492e-08 1.427217e-08 1.413738e-08 3.665484e-08 2.312795e-08 1.386351e-08 1.378270e-08 2.262865e-08 4.255119e-09 5.632576e-08 4.258975e-09 3.562199e-08 8.082696e-09 3.541072e-08 8.046989e-09 4.205307e-09 4.204081e-09 3.532652e-08 1.358300e-08 5.567060e-08 4.195062e-09 1.353676e-08 7.995523e-09 1.353103e-08 3.516153e-08 1.351535e-08 1.348907e-08 1.345591e-08 4.149516e-09 3.492003e-08 2.203488e-08 4.145136e-09 3.487226e-08 1.297003e-09 1.288597e-09 1.336660e-08 7.891570e-09 4.128142e-09 7.873752e-09 1.174439e+02
 4.100000e+01 2.856630e-09 1.268965e-08 7.970506e-09 4.827588e-09 4.783049e-09 1.253864e-08 7.855025e-09 4.692587e-09 4.665904e-09 7.688953e-09 1.435902e-09 1.942717e-08 1.437013e-09 1.219084e-08 2.730566e-09 1.211973e-08 2.718841e-09 1.419600e-09 1.419199e-09 1.209139e-08 4.600024e-09 1.920375e-08 1.416245e-09 4.584764e-09 2.701944e-09 4.582873e-09 1.203588e-08 4.577698e-09 4.569026e-09 4.558085e-09 1.401331e-09 1.195464e-08 7.491812e-09 1.399920e-09 1.193878e-08 4.377052e-10 4.350573e-10 4.528697e-09 2.667863e-09 1.394355e-09 2.662015e-09 1.114418e+02
 4.350000e+01 9.914626e-10 4.450238e-09 2.779084e-09 1.678542e-09 1.663393e-09 4.398009e-09 2.739578e-09 1.632636e-09 1.623567e-09 2.682798e-09 4.985765e-10 6.860396e-09 4.988974e-10 4.277776e-09 9.487659e-10 4.253217e-09 9.447974e-10 4.930634e-10 4.929277e-10 4.243432e-09 1.601166e-09 6.782369e-09 4.919297e-10 1.595982e-09 9.390786e-10 1.595340e-09 4.224265e-09 1.593582e-09 1.590636e-09 1.586920e-09 4.868907e-10 4.196100e-09 2.615349e-09 4.864000e-10 4.190626e-09 1.520008e-10 1.511310e-10 1.576894e-09 9.275201e-10 4.845206e-10 9.255416e-10 1.058340e+02
 4.600000e+01 3.602449e-10 1.629719e-09 1.013086e-09 6.106606e-10 6.052624e-10 1.610848e-09 9.989425e-10 5.943152e-10 5.910852e-10 9.786400e-10 1.812706e-10 2.526710e-09 1.813681e-10 1.567460e-09 3.450877e-10 1.558598e-09 3.436789e-10 1.793154e-10 1.792673e-10 1.555068e-09 5.831095e-10 2.498295e-09 1.789134e-10 5.812639e-10 3.416489e-10 5.810353e-10 1.548153e-09 5.804094e-10 5.793609e-10 5.780380e-10 1.771267e-10 1.538039e-09 9.545473e-10 1.769577e-10 1.536064e-09 5.528026e-11 5.497707e-11 5.744855e-10 3.375558e-10 1.762912e-10 3.368536e-10 1.001375e+02
 4.850000e+01 1.318805e-10 6.000770e-10 3.717091e-10 2.237427e-10 2.218016e-10 5.932128e-10 3.666043e-10 2.178629e-10 2.167022e-10 3.592749e-10 6.640622e-11 9.346315e-10 6.643585e-11 5.774342e-10 1.264424e-10 5.742151e-10 1.259374e-10 6.570571e-11 6.568847e-11 5.729330e-10 2.138366e-10 9.242295e-10 6.556169e-11 2.131640e-10 1.252039e-10 2.130819e-10 5.703953e-10 2.128571e-10 2.124806e-10 2.120057e-10 6.491880e-11 5.667243e-10 3.505739e-10 6.485830e-11 5.660077e-10 2.025670e-11 2.014915e-11 2.107303e-10 1.237375e-10 6.461964e-11 1.234859e-10 9.531025e+01
 5.100000e+01 4.925022e-11 2.249670e-10 1.389888e-10 8.359353e-11 8.288326e-11 2.224295e-10 1.371132e-10 8.143781e-11 8.101192e-11 1.344161e-10 2.482054e-11 3.516693e-10 2.482970e-11 2.165868e-10 4.725915e-11 2.153954e-10 4.707417e-11 2.456400e-11 2.455769e-11 2.149209e-10 7.996070e-11 3.477945e-10 2.451126e-11 7.971754e-11 4.680766e-11 7.968741e-11 2.139918e-10 7.960496e-11 7.946683e-11 7.929257e-11 2.427689e-11 2.126332e-10 1.312216e-10 2.425472e-11 2.123680e-10 7.574543e-12 7.535279e-12 7.882470e-11 4.627045e-11 2.416731e-11 4.617829e-11 9.209691e+01
 5.350000e+01 1.884841e-11 8.633641e-11 5.323240e-11 3.200028e-11 3.173170e-11 8.537031e-11 5.252248e-11 3.118479e-11 3.102443e-11 5.150033e-11 9.505436e-12 1.353444e-10 9.508347e-12 8.314630e-11 1.809727e-11 8.269447e-11 1.802770e-11 9.408949e-12 9.406575e-12 8.251455e-11 3.062866e-11 1.338667e-10 9.389114e-12 3.053713e-11 1.792748e-11 3.052579e-11 8.216225e-11 3.049476e-11 3.044276e-11 3.037717e-11 9.300977e-12 8.164720e-11 5.029526e-11 9.292643e-12 8.154668e-11 2.901837e-12 2.887053e-12 3.020108e-11 1.772549e-11 9.259773e-12 1.769084e-11 8.827077e+01
