#             0.000000e+00 2.870210e-01 4.727400e-01 5.708600e-01 6.130400e-01 6.428000e-01 7.264100e-01 1.023140e+00 1.077790e+00 1.162080e+00 1.211330e+00 1.517230e+00 1.569900e+00 1.648000e+00 1.749780e+00 1.918900e+00 1.961960e+00 2.161900e+00 2.277900e+00 2.312240e+00 2.322400e+00 2.348200e+00 2.349000e+00 2.390000e+00 2.447270e+00 2.493800e+00 2.569900e+00 0.000000e+00 0.000000e+00 0.000000e+00 0.000000e+00 0.000000e+00 0.000000e+00 0.000000e+00 0.000000e+00 0.000000e+00 0.000000e+00 0.000000e+00 0.000000e+00 0.000000e+00 0.000000e+00 2.570900e+00
 1.000000e+00 7.434960e-10 4.954179e-10 4.308022e-10 4.024995e-10 4.112468e-10 4.035776e-10 4.886783e-10 1.188759e-10 2.932939e-10 3.433008e-10 2.605864e-10 2.112603e-11 1.520819e-10 1.299377e-10 1.734885e-10 1.519101e-10 1.014273e-10 9.791297e-11 4.507618e-11 2.321217e-13 6.997946e-11 4.818874e-11 1.288568e-11 1.736534e-11 4.662543e-11 4.564311e-12 3.434074e-11 0.000000e+00 0.000000e+00 0.000000e+00 0.000000e+00 0.000000e+00 0.000000e+00 0.000000e+00 0.000000e+00 0.000000e+00 0.000000e+00 0.000000e+00 0.000000e+00 0.000000e+00 0.000000e+00 1.272451e-06
 3.500000e+00 1.918894e-01 1.255043e-01 1.650677e-01 1.616370e-01 1.191570e-01 1.185484e-01 1.698291e-01 9.951057e-02 1.090133e-01 1.547751e-01 1.058241e-01 4.489827e-02 1.242929e-01 1.290338e-01 1.315753e-01 1.339644e-01 8.538683e-02 1.220073e-01 9.407304e-02 4.847427e-03 1.138106e-01 7.336769e-02 5.776720e-02 6.156463e-02 9.985282e-02 3.107886e-02 9.396907e-02 0.000000e+00 0.000000e+00 0.000000e+00 0.000000e+00 0.000000e+00 0.000000e+00 0.000000e+00 0.000000e+00 0.000000e+00 0.000000e+00 0.000000e+00 0.000000e+00 0.000000e+00 0.000000e+00 5.731998e+00
 6.000000e+00 2.158989e-01 1.205789e-01 2.454103e-01 2.420857e-01 1.160427e-01 1.156230e-01 1.977693e-01 2.260026e-01 1.094003e-01 1.864866e-01 1.074618e-01 1.742187e-01 2.076984e-01 2.061949e-01 1.710046e-01 1.669994e-01 9.638529e-02 1.604587e-01 1.833332e-01 7.127634e-02 1.561128e-01 9.056315e-02 1.777303e-01 1.735039e-01 1.523488e-01 1.459549e-01 1.490178e-01 0.000000e+00 0.000000e+00 0.000000e+00 0.000000e+00 0.000000e+00 0.000000e+00 0.000000e+00 0.000000e+00 0.000000e+00 0.000000e+00 0.000000e+00 0.000000e+00 0.000000e+00 0.000000e+00 6.874038e+01
 8.500000e+00 5.998351e-02 3.054838e-02 7.866747e-02 7.786245e-02 2.957370e-02 2.948395e-02 5.579568e-02 9.000285e-02 2.815591e-02 5.319940e-02 2.774174e-02 9.167324e-02 6.935834e-02 6.968586e-02 4.958359e-02 4.804486e-02 2.535353e-02 4.650472e-02 6.298509e-02 7.428083e-02 4.547760e-02 2.408676e-02 7.606910e-02 7.453766e-02 4.512935e-02 8.019263e-02 4.433131e-02 0.000000e+00 0.000000e+00 0.000000e+00 0.000000e+00 0.000000e+00 0.000000e+00 0.000000e+00 0.000000e+00 0.000000e+00 0.000000e+00 0.000000e+00 0.000000e+00 0.000000e+00 0.000000e+00 1.174874e+02
 1.100000e+01 1.339447e-02 6.440181e-03 1.880982e-02 1.863868e-02 6.249739e-03 6.232329e-03 1.252606e-02 2.414287e-02 5.977616e-03 1.200039e-02 5.899413e-03 2.813621e-02 1.688353e-02 1.705433e-02 1.128971e-02 1.086535e-02 5.460932e-03 1.058198e-02 1.563204e-02 3.224531e-02 1.039493e-02 5.236412e-03 2.112731e-02 2.061327e-02 1.044781e-02 2.524968e-02 1.030007e-02 0.000000e+00 0.000000e+00 0.000000e+00 0.000000e+00 0.000000e+00 0.000000e+00 0.000000e+00 0.000000e+00 0.000000e+00 0.000000e+00 0.000000e+00 0.000000e+00 0.000000e+00 0.000000e+00 1.404876e+02
 1.350000e+01 2.872127e-03 1.340294e-03 4.228934e-03 4.195486e-03 1.305918e-03 1.302774e-03 2.710721e-03 5.846095e-03 1.256687e-03 2.612836e-03 1.242487e-03 7.375500e-03 3.850633e-03 3.925135e-03 2.479373e-03 2.376772e-03 1.162248e-03 2.322852e-03 3.602034e-03 1.024124e-02 2.287181e-03 1.120757e-03 5.206036e-03 5.053527e-03 2.319187e-03 6.668541e-03 2.290892e-03 0.000000e+00 0.000000e+00 0.000000e+00 0.000000e+00 0.000000e+00 0.000000e+00 0.000000e+00 0.000000e+00 0.000000e+00 0.000000e+00 0.000000e+00 0.000000e+00 0.000000e+00 0.000000e+00 1.567774e+02
 1.600000e+01 6.293377e-04 2.878466e-04 9.582185e-04 9.513715e-04 2.811142e-04 2.805031e-04 5.966454e-04 1.397375e-03 2.716321e-04 5.773750e-04 2.689299e-04 1.863394e-03 8.821906e-04 9.042087e-04 5.516842e-04 5.302105e-04 2.538889e-04 5.199817e-04 8.334590e-04 2.943015e-03 5.132355e-04 2.462227e-04 1.264483e-03 1.221018e-03 5.214785e-04 1.699546e-03 5.161840e-04 0.000000e+00 0.000000e+00 0.000000e+00 0.000000e+00 0.000000e+00 0.000000e+00 0.000000e+00 0.000000e+00 0.000000e+00 0.000000e+00 0.000000e+00 0.000000e+00 0.000000e+00 0.000000e+00 1.652193e+02
 1.850000e+01 1.457932e-04 6.559009e-05 2.269488e-04 2.253896e-04 6.412369e-05 6.399071e-05 1.384685e-04 3.434013e-04 6.206458e-05 1.341697e-04 6.148005e-05 4.760993e-04 2.097749e-04 2.154372e-04 1.284942e-04 1.234863e-04 5.825599e-05 1.212753e-04 1.990155e-04 8.238284e-04 1.198267e-04 5.663800e-05 3.121087e-04 3.003052e-04 1.219483e-04 4.339658e-04 1.208183e-04 0.000000e+00 0.000000e+00 0.000000e+00 0.000000e+00 0.000000e+00 0.000000e+00 0.000000e+00 0.000000e+00 0.000000e+00 0.000000e+00 0.000000e+00 0.000000e+00 0.000000e+00 0.000000e+00 1.673707e+02
 2.100000e+01 3.572962e-05 1.587605e-05 5.662319e-05 5.626007e-05 1.554915e-05 1.551941e-05 3.406944e-05 8.833990e-05 1.508667e-05 3.308270e-05 1.495465e-05 1.261601e-04 5.258759e-05 5.410597e-05 3.176627e-05 3.048891e-05 1.422119e-05 2.997348e-05 5.002618e-05 2.333733e-04 2.963513e-05 1.385034e-05 8.055186e-05 7.710445e-05 3.023213e-05 1.145239e-04 2.996614e-05 0.000000e+00 0.000000e+00 0.000000e+00 0.000000e+00 0.000000e+00 0.000000e+00 0.000000e+00 0.000000e+00 0.000000e+00 0.000000e+00 0.000000e+00 0.000000e+00 0.000000e+00 0.000000e+00 1.660426e+02
 2.350000e+01 9.140318e-06 4.026407e-06 1.469432e-05 1.460914e-05 3.951877e-06 3.945091e-06 8.758521e-06 2.346856e-05 3.846243e-06 8.530884e-06 3.816022e-06 3.448210e-05 1.374422e-05 1.416418e-05 8.225410e-06 7.880745e-06 3.647265e-06 7.760206e-06 1.313441e-05 6.741102e-05 7.680803e-06 3.561216e-06 2.157759e-05 2.060270e-05 7.865556e-06 3.124190e-05 7.802642e-06 0.000000e+00 0.000000e+00 0.000000e+00 0.000000e+00 0.000000e+00 0.000000e+00 0.000000e+00 0.000000e+00 0.000000e+00 0.000000e+00 0.000000e+00 0.000000e+00 0.000000e+00 0.000000e+00 1.621566e+02
 2.600000e+01 2.439418e-06 1.068172e-06 3.962541e-06 3.941379e-06 1.050044e-06 1.048396e-06 2.345783e-06 6.432455e-06 1.024443e-06 2.290308e-06 1.017137e-06 9.683553e-06 3.727715e-06 3.847026e-06 2.216190e-06 2.120619e-06 9.764526e-07 2.091432e-06 3.578049e-06 1.988125e-05 2.072215e-06 9.557590e-07 5.960412e-06 5.695386e-06 2.129186e-06 8.774126e-06 2.113984e-06 0.000000e+00 0.000000e+00 0.000000e+00 0.000000e+00 0.000000e+00 0.000000e+00 0.000000e+00 0.000000e+00 0.000000e+00 0.000000e+00 0.000000e+00 0.000000e+00 0.000000e+00 0.000000e+00 1.573588e+02
 2.850000e+01 6.804122e-07 2.966180e-07 1.113396e-06 1.107766e-06 2.918846e-07 2.914548e-07 6.557392e-07 1.829089e-06 2.852168e-07 6.411839e-07 2.833177e-07 2.801821e-06 1.051187e-06 1.086060e-06 6.218256e-07 5.946043e-07 2.727799e-07 5.870244e-07 1.011879e-06 5.996757e-06 5.820442e-07 2.674453e-07 1.702901e-06 1.628327e-06 5.992469e-07 2.541450e-06 5.953194e-07 0.000000e+00 0.000000e+00 0.000000e+00 0.000000e+00 0.000000e+00 0.000000e+00 0.000000e+00 0.000000e+00 0.000000e+00 0.000000e+00 0.000000e+00 0.000000e+00 0.000000e+00 0.000000e+00 1.516948e+02
 3.100000e+01 1.978926e-07 8.598289e-08 3.255300e-07 3.239593e-07 8.468120e-08 8.456300e-08 1.910592e-07 5.397543e-07 8.284721e-08 1.870269e-07 8.232495e-08 8.371535e-07 3.081807e-07 3.187422e-07 1.816671e-07 1.736281e-07 7.942863e-08 1.715357e-07 2.972380e-07 1.854601e-06 1.701627e-07 7.796378e-08 5.041618e-07 4.821617e-07 1.754246e-07 7.604746e-07 1.743407e-07 0.000000e+00 0.000000e+00 0.000000e+00 0.000000e+00 0.000000e+00 0.000000e+00 0.000000e+00 0.000000e+00 0.000000e+00 0.000000e+00 0.000000e+00 0.000000e+00 0.000000e+00 0.000000e+00 1.453670e+02
 3.350000e+01 5.981408e-08 2.592842e-08 9.877601e-08 9.832197e-08 2.555590e-08 2.552207e-08 5.784968e-08 1.649782e-07 2.503069e-08 5.668955e-08 2.488104e-08 2.583982e-07 9.375765e-08 9.707378e-08 5.514606e-08 5.268291e-08 2.405057e-08 5.208103e-08 9.058947e-08 5.893046e-07 5.168573e-08 2.363022e-08 1.545845e-07 1.478648e-07 5.334601e-08 2.351281e-07 5.303318e-08 0.000000e+00 0.000000e+00 0.000000e+00 0.000000e+00 0.000000e+00 0.000000e+00 0.000000e+00 0.000000e+00 0.000000e+00 0.000000e+00 0.000000e+00 0.000000e+00 0.000000e+00 0.000000e+00 1.388649e+02
 3.600000e+01 1.872852e-08 8.106482e-09 3.102166e-08 3.088572e-08 7.995743e-09 7.985683e-09 1.814336e-08 5.211089e-08 7.839582e-09 1.779758e-08 7.795079e-09 8.226812e-08 2.951912e-08 3.059173e-08 1.733726e-08 1.655833e-08 7.547965e-09 1.637886e-08 2.857000e-08 1.922755e-07 1.626096e-08 7.422811e-09 4.897874e-08 4.685757e-08 1.680005e-08 7.499732e-08 1.670641e-08 0.000000e+00 0.000000e+00 0.000000e+00 0.000000e+00 0.000000e+00 0.000000e+00 0.000000e+00 0.000000e+00 0.000000e+00 0.000000e+00 0.000000e+00 0.000000e+00 0.000000e+00 0.000000e+00 1.325168e+02
 3.850000e+01 6.058820e-09 2.620176e-09 1.005942e-08 1.001722e-08 2.585930e-09 2.582825e-09 5.877723e-09 1.697205e-08 2.537723e-09 5.770840e-09 2.523986e-09 2.695767e-08 9.593309e-09 9.948769e-09 5.628596e-09 5.375426e-09 2.447725e-09 5.319982e-09 9.299170e-09 6.430367e-08 5.283603e-09 2.409124e-09 1.599674e-08 1.530488e-08 5.462666e-09 2.462385e-08 5.433801e-09 0.000000e+00 0.000000e+00 0.000000e+00 0.000000e+00 0.000000e+00 0.000000e+00 0.000000e+00 0.000000e+00 0.000000e+00 0.000000e+00 0.000000e+00 0.000000e+00 0.000000e+00 0.000000e+00 1.264066e+02
 4.100000e+01 1.989418e-09 8.599426e-10 3.309217e-09 3.295863e-09 8.491581e-10 8.481787e-10 1.932286e-09 5.601142e-09 8.339590e-10 1.898563e-09 8.296293e-10 8.936460e-09 3.161785e-09 3.280422e-09 1.853707e-09 1.770565e-09 8.056001e-10 1.753089e-09 3.068827e-09 2.167520e-08 1.741611e-09 7.934367e-10 5.291845e-09 5.063074e-09 1.801402e-09 8.178755e-09 1.792309e-09 0.000000e+00 0.000000e+00 0.000000e+00 0.000000e+00 0.000000e+00 0.000000e+00 0.000000e+00 0.000000e+00 0.000000e+00 0.000000e+00 0.000000e+00 0.000000e+00 0.000000e+00 0.000000e+00 1.258246e+02
 4.350000e+01 6.830741e-10 2.952194e-10 1.137838e-09 1.133403e-09 2.916362e-10 2.913116e-10 6.641101e-10 1.930317e-09 2.866002e-10 6.529336e-10 2.851659e-10 3.089903e-09 1.088892e-09 1.130060e-09 6.380722e-10 6.096072e-10 2.772073e-10 6.038187e-10 1.058054e-09 7.596117e-09 6.000256e-10 2.731840e-10 1.827465e-09 1.748560e-09 6.207589e-10 2.833075e-09 6.177485e-10 0.000000e+00 0.000000e+00 0.000000e+00 0.000000e+00 0.000000e+00 0.000000e+00 0.000000e+00 0.000000e+00 0.000000e+00 0.000000e+00 0.000000e+00 0.000000e+00 0.000000e+00 0.000000e+00 1.193488e+02
 4.600000e+01 2.410491e-10 1.041874e-10 4.020001e-10 4.004813e-10 1.029649e-10 1.028539e-10 2.345713e-10 6.830751e-10 1.012426e-10 2.307496e-10 1.007520e-10 1.096093e-09 3.852428e-10 3.998649e-10 2.256687e-10 2.156707e-10 9.803070e-11 2.136918e-10 3.746901e-10 2.723639e-09 2.123923e-10 9.665390e-11 6.478112e-10 6.199104e-10 2.197483e-10 1.006606e-09 2.187195e-10 0.000000e+00 0.000000e+00 0.000000e+00 0.000000e+00 0.000000e+00 0.000000e+00 0.000000e+00 0.000000e+00 0.000000e+00 0.000000e+00 0.000000e+00 0.000000e+00 0.000000e+00 0.000000e+00 1.133110e+02
 4.850000e+01 8.730514e-11 3.774298e-11 1.457272e-10 1.451922e-10 3.731260e-11 3.727352e-11 8.502158e-11 2.478791e-10 3.670625e-11 8.367700e-11 3.653357e-11 3.984753e-10 1.398259e-10 1.451372e-10 8.188954e-11 7.829081e-11 3.557560e-11 7.759617e-11 1.361137e-10 9.986291e-10 7.713887e-11 3.509178e-11 2.354570e-10 2.253548e-10 7.980865e-11 3.664998e-10 7.944677e-11 0.000000e+00 0.000000e+00 0.000000e+00 0.000000e+00 0.000000e+00 0.000000e+00 0.000000e+00 0.000000e+00 0.000000e+00 0.000000e+00 0.000000e+00 0.000000e+00 0.000000e+00 0.000000e+00 1.076802e+02
 5.100000e+01 3.256273e-11 1.408422e-11 5.439393e-11 5.419943e-11 1.392770e-11 1.391349e-11 3.173460e-11 9.256807e-11 1.370720e-11 3.124614e-11 1.364440e-11 1.489806e-10 5.224872e-11 5.422819e-11 3.059685e-11 2.926502e-11 1.329607e-11 2.901194e-11 5.089858e-11 3.757965e-10 2.884576e-11 1.311986e-11 8.805112e-11 8.429416e-11 2.983887e-11 1.372135e-10 2.970749e-11 0.000000e+00 0.000000e+00 0.000000e+00 0.000000e+00 0.000000e+00 0.000000e+00 0.000000e+00 0.000000e+00 0.000000e+00 0.000000e+00 0.000000e+00 0.000000e+00 0.000000e+00 0.000000e+00 1.051858e+02
 5.350000e+01 1.256867e-11 5.438920e-12 2.100882e-11 2.093548e-11 5.379864e-12 5.374502e-12 1.225658e-11 3.576069e-11 5.296671e-12 1.207251e-11 5.272981e-12 5.760312e-11 2.020075e-11 2.096241e-11 1.182829e-11 1.131865e-11 5.141762e-12 1.122323e-11 1.969181e-11 1.460596e-10 1.116058e-11 5.075288e-12 3.405964e-11 3.261590e-11 1.154328e-11 5.312865e-11 1.149376e-11 0.000000e+00 0.000000e+00 0.000000e+00 0.000000e+00 0.000000e+00 0.000000e+00 0.000000e+00 0.000000e+00 0.000000e+00 0.000000e+00 0.000000e+00 0.000000e+00 0.000000e+00 0.000000e+00 9.392166e+01
