#             0.000000e+00 9.835390e-01 2.295654e+00 2.421059e+00 2.465000e+00 2.997220e+00 3.062000e+00 3.223985e+00 3.239785e+00 3.333196e+00 3.358829e+00 3.370867e+00 3.508556e+00 3.616820e+00 3.633000e+00 3.699490e+00 3.711000e+00 3.738570e+00 3.782462e+00 3.802800e+00 3.852000e+00 3.852260e+00 4.035164e+00 4.045990e+00 4.074530e+00 4.077000e+00 4.102000e+00 4.196890e+00 4.205300e+00 4.210000e+00 4.254500e+00 4.311000e+00 4.348000e+00 4.381000e+00 4.387689e+00 4.398000e+00 4.404000e+00 4.407000e+00 4.457453e+00 4.472000e+00 4.530000e+00 4.531000e+00
 1.000000e+00 6.554762e-09 2.498355e-08 2.102016e-08 2.059674e-08 2.200528e-08 4.087209e-09 1.840313e-08 2.011510e-08 1.765151e-08 6.612483e-09 2.163261e-08 1.725445e-08 6.261067e-09 1.628767e-08 1.622235e-08 1.161109e-08 1.998775e-08 9.947092e-09 1.673471e-08 1.716023e-08 3.258721e-09 1.928571e-08 1.452902e-08 1.038596e-08 1.435616e-08 1.419702e-08 8.887836e-09 9.932815e-09 8.575605e-09 1.522397e-08 8.425335e-09 8.251611e-09 9.386190e-09 1.474605e-08 1.294011e-08 8.500646e-09 9.066934e-09 1.285063e-08 1.435180e-08 1.592985e-08 1.559584e-08 1.059221e-03
 3.500000e+00 9.273894e-02 3.649560e-01 3.689818e-01 3.173874e-01 3.797499e-01 6.792812e-02 2.952077e-01 3.388761e-01 3.305679e-01 1.943942e-01 3.560307e-01 2.843712e-01 1.888854e-01 2.756705e-01 2.750957e-01 1.915518e-01 3.420084e-01 1.754385e-01 3.266499e-01 2.860195e-01 6.024815e-02 3.363179e-01 2.606903e-01 2.584549e-01 2.592662e-01 2.959133e-01 1.664104e-01 1.794181e-01 1.638228e-01 2.715512e-01 1.625863e-01 1.611627e-01 1.756512e-01 2.910725e-01 2.478204e-01 2.307355e-01 2.449031e-01 2.471069e-01 2.878077e-01 3.106626e-01 3.081836e-01 8.781914e+01
 6.000000e+00 6.467169e-02 2.773126e-01 3.603962e-01 2.472751e-01 3.581833e-01 5.068033e-02 2.331387e-01 2.930486e-01 3.312636e-01 3.113989e-01 2.955098e-01 2.261602e-01 3.059258e-01 2.205336e-01 2.201615e-01 1.406873e-01 2.854814e-01 1.362643e-01 3.169904e-01 2.195263e-01 4.629435e-02 2.814158e-01 2.108432e-01 3.148237e-01 2.099248e-01 3.043245e-01 1.308220e-01 1.333009e-01 1.292647e-01 2.101537e-01 1.285217e-01 1.276674e-01 1.310381e-01 2.593877e-01 2.025871e-01 2.981891e-01 3.028718e-01 2.021330e-01 2.571255e-01 2.633574e-01 2.616534e-01 2.949615e+02
 8.500000e+00 1.781090e-02 8.202142e-02 1.277860e-01 7.365020e-02 1.257290e-01 1.419450e-02 6.991563e-02 9.479955e-02 1.188995e-01 1.489447e-01 9.473497e-02 6.811526e-02 1.470021e-01 6.667971e-02 6.658518e-02 4.020235e-02 9.195406e-02 3.951384e-02 1.132705e-01 6.579475e-02 1.315857e-02 9.083498e-02 6.423047e-02 1.292517e-01 6.399933e-02 1.108962e-01 3.822186e-02 3.843171e-02 3.785329e-02 6.342757e-02 3.767750e-02 3.747542e-02 3.789120e-02 8.568494e-02 6.215535e-02 1.249733e-01 1.253494e-01 6.204130e-02 8.507462e-02 8.589096e-02 8.542483e-02 2.899733e+02
 1.100000e+01 4.268404e-03 2.097002e-02 3.750112e-02 1.897287e-02 3.674047e-02 3.468370e-03 1.806063e-02 2.589807e-02 3.500065e-02 5.299571e-02 2.582247e-02 1.761960e-02 5.236665e-02 1.726860e-02 1.724553e-02 9.996858e-03 2.509890e-02 9.866657e-03 3.328512e-02 1.697375e-02 3.232489e-03 2.480901e-02 1.667330e-02 4.178528e-02 1.661745e-02 3.276246e-02 9.568651e-03 9.585149e-03 9.484233e-03 1.640115e-02 9.444079e-03 9.398010e-03 9.460718e-03 2.355142e-02 1.617448e-02 4.033843e-02 4.063380e-02 1.614725e-02 2.339734e-02 2.354279e-02 2.342491e-02 2.501725e+02
 1.350000e+01 1.023718e-03 5.306441e-03 1.063834e-02 4.858497e-03 1.043456e-02 8.524652e-04 4.653175e-03 6.981367e-03 1.000425e-02 1.758657e-02 6.964306e-03 4.552853e-03 1.739807e-02 4.472346e-03 4.467032e-03 2.508761e-03 6.789870e-03 2.480966e-03 9.552256e-03 4.390621e-03 8.015384e-04 6.719396e-03 4.334260e-03 1.291030e-02 4.321199e-03 9.423131e-03 2.414121e-03 2.416569e-03 2.395036e-03 4.257408e-03 2.385934e-03 2.375473e-03 2.388388e-03 6.408123e-03 4.216948e-03 1.241244e-02 1.258028e-02 4.210501e-03 6.369684e-03 6.407308e-03 6.377900e-03 2.365558e+02
 1.600000e+01 2.577979e-04 1.392185e-03 3.053551e-03 1.281738e-03 2.996564e-03 2.172443e-04 1.232917e-03 1.919957e-03 2.887731e-03 5.765587e-03 1.917455e-03 1.209399e-03 5.710362e-03 1.190653e-03 1.189419e-03 6.516774e-04 1.875094e-03 6.451295e-04 2.767891e-03 1.169541e-03 2.058946e-04 1.858060e-03 1.158690e-03 3.968671e-03 1.155675e-03 2.739295e-03 6.301146e-04 6.309572e-04 6.258373e-04 1.138748e-03 6.237984e-04 6.214555e-04 6.246416e-04 1.781351e-03 1.131642e-03 3.831402e-03 3.879394e-03 1.130157e-03 1.772112e-03 1.782932e-03 1.775862e-03 2.313278e+02
 1.850000e+01 6.904254e-05 3.858209e-04 9.101848e-04 3.556564e-04 8.927848e-04 5.842659e-05 3.425489e-04 5.501749e-04 8.617346e-04 1.910690e-03 5.496080e-04 3.363074e-04 1.892886e-03 3.313710e-04 3.310473e-04 1.775408e-04 5.379887e-04 1.759541e-04 8.262473e-04 3.254209e-04 5.555099e-05 5.333529e-04 3.230386e-04 1.243992e-03 3.222584e-04 8.194830e-04 1.721535e-04 1.722812e-04 1.710788e-04 3.174207e-04 1.705677e-04 1.699815e-04 1.706949e-04 5.127055e-04 3.160747e-04 1.204052e-03 1.217492e-03 3.156947e-04 5.102578e-04 5.131692e-04 5.112920e-04 2.261918e+02
 2.100000e+01 1.953853e-05 1.125339e-04 2.827062e-04 1.038888e-04 2.772542e-04 1.661080e-05 1.001255e-04 1.651012e-04 2.676829e-04 6.472387e-04 1.650955e-04 9.833424e-05 6.410820e-04 9.691880e-05 9.682603e-05 5.099050e-05 1.616500e-04 5.056377e-05 2.566922e-04 9.519806e-05 1.581615e-05 1.602771e-04 9.453390e-05 4.026174e-04 9.431104e-05 2.546252e-04 4.950236e-05 4.952023e-05 4.920286e-05 9.291190e-05 4.906055e-05 4.889738e-05 4.907809e-05 1.540306e-04 9.254767e-05 3.892752e-04 3.940890e-04 9.243948e-05 1.533117e-04 1.543184e-04 1.537663e-04 2.209920e+02
 2.350000e+01 5.849825e-06 3.460286e-05 9.187246e-05 3.202023e-05 9.004922e-05 5.002324e-06 3.089449e-05 5.213399e-05 8.708055e-05 2.266036e-04 5.216523e-05 3.035789e-05 2.244475e-04 2.993342e-05 2.990559e-05 1.549740e-05 5.110423e-05 1.537790e-05 8.350614e-05 2.940926e-05 4.771549e-06 5.068108e-05 2.921739e-05 1.356062e-04 2.915040e-05 8.290379e-05 1.506548e-05 1.506521e-05 1.497722e-05 2.872362e-05 1.493527e-05 1.488717e-05 1.493506e-05 4.871714e-05 2.862003e-05 1.311205e-04 1.327712e-04 2.858747e-05 4.849473e-05 4.884181e-05 4.867116e-05 2.118919e+02
 2.600000e+01 1.837720e-06 1.111871e-05 3.092581e-05 1.031175e-05 3.030590e-05 1.579454e-06 9.961392e-06 1.714678e-05 2.935708e-05 8.110967e-05 1.716387e-05 9.794567e-06 8.035400e-05 9.662649e-06 9.654000e-06 4.934173e-06 1.682665e-05 4.898929e-06 2.816636e-05 9.497266e-06 1.509567e-06 1.669218e-05 9.440145e-06 4.707396e-05 9.419383e-06 2.799187e-05 4.803461e-06 4.802181e-06 4.776478e-06 9.284320e-06 4.763652e-06 4.748943e-06 4.762414e-06 1.606077e-05 9.254532e-06 4.554341e-05 4.611816e-05 9.244410e-06 1.599005e-05 1.610770e-05 1.605344e-05 2.023545e+02
 2.850000e+01 6.033721e-07 3.719665e-06 1.074436e-05 3.455064e-06 1.052998e-05 5.203807e-07 3.340748e-06 5.847067e-06 1.021200e-05 2.956984e-05 5.854566e-06 3.286480e-06 2.930086e-05 3.243624e-06 3.240815e-06 1.637501e-06 5.743004e-06 1.626172e-06 9.805261e-06 3.189935e-06 4.981406e-07 5.698568e-06 3.171446e-06 1.676598e-05 3.164700e-06 9.750934e-06 1.595617e-06 1.595267e-06 1.586992e-06 3.120870e-06 1.582893e-06 1.578194e-06 1.582562e-06 5.488294e-06 3.111313e-06 1.622968e-05 1.643615e-05 3.108037e-06 5.464992e-06 5.505696e-06 5.487817e-06 1.929583e+02
 3.100000e+01 2.056618e-07 1.285129e-06 3.813931e-06 1.195455e-06 3.739030e-06 1.779317e-07 1.156862e-06 2.049295e-06 3.629120e-06 1.086023e-05 2.052145e-06 1.138562e-06 1.076365e-05 1.124126e-06 1.123181e-06 5.629632e-07 2.014083e-06 5.591159e-07 3.487699e-06 1.106224e-06 1.705483e-07 1.998938e-06 1.099846e-06 6.059417e-06 1.097578e-06 3.469563e-06 5.489376e-07 5.488998e-07 5.460672e-07 1.083000e-06 5.447036e-07 5.431405e-07 5.446747e-07 1.927037e-06 1.079649e-06 5.869611e-06 5.943636e-06 1.078550e-06 1.919117e-06 1.933301e-06 1.927226e-06 1.838627e+02
 3.350000e+01 7.235658e-08 4.559305e-07 1.375517e-06 4.248585e-07 1.349244e-06 6.282971e-08 4.115050e-07 7.342568e-07 1.310547e-06 3.999949e-06 7.352051e-07 4.051639e-07 3.965258e-06 4.001767e-07 3.998501e-07 1.995026e-07 7.219592e-07 1.981637e-07 1.260849e-06 3.940556e-07 6.029775e-08 7.166906e-07 3.917936e-07 2.211109e-06 3.910112e-07 1.254468e-06 1.946686e-07 1.946760e-07 1.936835e-07 3.860376e-07 1.932156e-07 1.926792e-07 1.932268e-07 6.916772e-07 3.848259e-07 2.143731e-06 2.170104e-06 3.844468e-07 6.889249e-07 6.938749e-07 6.917644e-07 1.750877e+02
 3.600000e+01 2.622113e-08 1.660480e-07 5.058301e-07 1.550298e-07 4.964933e-07 2.285440e-08 1.502966e-07 2.692994e-07 4.825976e-07 1.489381e-06 2.696229e-07 1.480544e-07 1.476818e-06 1.462867e-07 1.461709e-07 7.275328e-08 2.649109e-07 7.227537e-08 4.649029e-07 1.441324e-07 2.196158e-08 2.630369e-07 1.433159e-07 8.193945e-07 1.430387e-07 4.625798e-07 7.103990e-08 7.104773e-08 7.069171e-08 1.412902e-07 7.052634e-08 7.033680e-08 7.053578e-08 2.541606e-07 1.408473e-07 7.952444e-07 8.046676e-07 1.407130e-07 2.531815e-07 2.549236e-07 2.541732e-07 1.666693e+02
 3.850000e+01 9.777639e-09 6.210864e-08 1.902474e-07 5.809601e-08 1.868608e-07 8.553840e-09 5.637287e-08 1.012376e-07 1.817433e-07 5.641896e-07 1.013431e-07 5.555349e-08 5.595699e-07 5.491040e-08 5.486830e-08 2.727718e-08 9.962641e-08 2.710167e-08 1.753064e-07 5.413021e-08 8.228958e-09 9.894369e-08 5.382966e-08 3.097425e-07 5.372881e-08 1.744401e-07 2.665255e-08 2.665735e-08 2.652599e-08 5.309577e-08 2.646588e-08 2.639698e-08 2.647130e-08 9.572212e-08 5.293164e-08 3.009504e-07 3.043523e-07 5.288278e-08 9.536520e-08 9.598790e-08 9.571454e-08 1.586567e+02
 4.100000e+01 3.744943e-09 2.382860e-08 7.321455e-08 2.232857e-08 7.195911e-08 3.286990e-09 2.168454e-08 3.899560e-08 7.003975e-08 2.180303e-07 3.902762e-08 2.137952e-08 2.162955e-07 2.113906e-08 2.112332e-08 1.049631e-08 3.838565e-08 1.043001e-08 6.763822e-08 2.084841e-08 3.165719e-09 3.813036e-08 2.073501e-08 1.196267e-07 2.069730e-08 6.730530e-08 1.026206e-08 1.026457e-08 1.021473e-08 2.046150e-08 1.019225e-08 1.016649e-08 1.019502e-08 3.693083e-08 2.039929e-08 1.163566e-07 1.176081e-07 2.038102e-08 3.679731e-08 3.702518e-08 3.692298e-08 1.511097e+02
 4.350000e+01 1.471497e-09 9.373072e-09 2.884118e-08 8.796590e-09 2.836469e-08 1.295252e-09 8.547932e-09 1.538184e-08 2.762031e-08 8.606556e-08 1.539204e-08 8.431354e-09 8.539917e-08 8.339065e-09 8.333023e-09 4.140505e-09 1.514580e-08 4.114803e-09 2.670364e-08 8.227820e-09 1.248747e-09 1.504787e-08 8.183988e-09 4.723504e-08 8.169518e-09 2.657179e-08 4.050296e-09 4.051514e-09 4.032119e-09 8.079270e-09 4.023486e-09 4.013592e-09 4.024806e-09 1.458945e-08 8.055145e-09 4.598909e-08 4.646088e-08 8.048135e-09 1.453822e-08 1.462398e-08 1.458478e-08 1.440281e+02
 4.600000e+01 5.918991e-10 3.772455e-09 1.161304e-08 3.545425e-09 1.142799e-08 5.225160e-10 3.447997e-09 6.205005e-09 1.113410e-08 3.468743e-08 6.208279e-09 3.401862e-09 3.442522e-08 3.365498e-09 3.363117e-09 1.671390e-09 6.111363e-09 1.661175e-09 1.077555e-08 3.321762e-09 5.041292e-10 6.072827e-09 3.304400e-09 1.905224e-08 3.298699e-09 1.072180e-08 1.635731e-09 1.636295e-09 1.628562e-09 3.263219e-09 1.625158e-09 1.621255e-09 1.625763e-09 5.893016e-09 3.253643e-09 1.856584e-08 1.874800e-08 3.250881e-09 5.872846e-09 5.906026e-09 5.890602e-09 1.373936e+02
 4.850000e+01 2.435947e-10 1.552480e-09 4.776409e-09 1.460463e-09 4.704313e-09 2.154686e-10 1.421304e-09 2.557286e-09 4.584122e-09 1.426771e-08 2.558340e-09 1.402696e-09 1.416224e-08 1.388029e-09 1.387069e-09 6.895955e-10 2.519307e-09 6.854406e-10 4.440633e-09 1.370411e-09 2.080383e-10 2.503787e-09 1.363386e-09 7.845244e-09 1.361087e-09 4.418261e-09 6.751642e-10 6.754232e-10 6.722688e-10 1.346792e-09 6.708938e-10 6.693178e-10 6.711703e-10 2.431573e-09 1.342915e-09 7.651067e-09 7.722946e-09 1.341801e-09 2.423446e-09 2.436610e-09 2.430399e-09 1.311713e+02
 5.100000e+01 1.050246e-10 6.691466e-10 2.057061e-09 6.303298e-10 2.026348e-09 9.309950e-11 6.136762e-10 1.103579e-09 1.975656e-09 6.138445e-09 1.103916e-09 6.057911e-10 6.093929e-09 5.995764e-10 5.991696e-10 2.980515e-10 1.087406e-09 2.962773e-10 1.915368e-09 5.921191e-10 8.994354e-11 1.080842e-09 5.891356e-10 3.379912e-09 5.881614e-10 1.905607e-09 2.919163e-10 2.920380e-10 2.906877e-10 5.821100e-10 2.901042e-10 2.894355e-10 2.902336e-10 1.050385e-09 5.804627e-10 3.298634e-09 3.328322e-09 5.799909e-10 1.046947e-09 1.052432e-09 1.049805e-09 1.229100e+02
 5.350000e+01 4.216896e-11 2.685545e-10 8.244175e-10 2.531722e-10 8.124606e-10 3.743812e-11 2.465964e-10 4.431982e-10 7.923775e-10 2.457287e-09 4.432948e-10 2.434828e-10 2.439783e-09 2.410289e-10 2.408682e-10 1.198854e-10 4.367871e-10 1.191790e-10 7.687620e-10 2.380853e-10 3.618894e-11 4.341997e-10 2.369060e-10 1.354919e-09 2.365214e-10 7.648089e-10 1.174541e-10 1.175072e-10 1.169682e-10 2.341320e-10 1.167374e-10 1.164729e-10 1.167936e-10 4.222228e-10 2.334813e-10 1.323210e-09 1.334637e-09 2.332950e-10 4.208670e-10 4.230015e-10 4.219662e-10 1.201988e+02
