# Reaction    (x,n)        (x,p)        (x,A)        (x,d)        (x,t)        (x,h)        (x,2n)       (x,np)       (x,nA)       (x,nd)       (x,nt)       (x,nh)       (x,2p)       (x,pA)       (x,pd)       (x,2A)       (x,Ad)       (x,3n)       (x,2np)      (x,2nA)      (x,npA)      (x,n2p)      (x,4n)       (x,5n)                   
 1.000000e+00 1.362748e-06 2.388470e-05 3.515330e-08 1.037689e-17 0.000000e+00 0.000000e+00 0.000000e+00 0.000000e+00 0.000000e+00 0.000000e+00 0.000000e+00 0.000000e+00 0.000000e+00 0.000000e+00 0.000000e+00 0.000000e+00 0.000000e+00 0.000000e+00 0.000000e+00 0.000000e+00 0.000000e+00 0.000000e+00 0.000000e+00 0.000000e+00
 3.500000e+00 5.141133e+01 3.152546e+01 4.027509e+00 3.343756e-02 0.000000e+00 0.000000e+00 0.000000e+00 1.237141e-02 0.000000e+00 0.000000e+00 0.000000e+00 0.000000e+00 0.000000e+00 3.012828e-20 0.000000e+00 0.000000e+00 0.000000e+00 0.000000e+00 0.000000e+00 0.000000e+00 0.000000e+00 0.000000e+00 0.000000e+00 0.000000e+00
 6.000000e+00 3.163265e+02 2.495026e+02 6.128815e+01 1.140337e+00 0.000000e+00 0.000000e+00 0.000000e+00 1.095733e+02 1.947426e-05 0.000000e+00 0.000000e+00 0.000000e+00 9.605310e-13 1.108107e-06 0.000000e+00 5.364157e-18 0.000000e+00 0.000000e+00 0.000000e+00 0.000000e+00 0.000000e+00 0.000000e+00 0.000000e+00 0.000000e+00
 8.500000e+00 2.700477e+02 2.964314e+02 1.047360e+02 5.680225e+00 0.000000e+00 0.000000e+00 0.000000e+00 5.048487e+02 3.884507e-01 0.000000e+00 0.000000e+00 0.000000e+00 1.199474e-03 3.153014e-02 0.000000e+00 2.215814e-10 0.000000e+00 0.000000e+00 0.000000e+00 0.000000e+00 0.000000e+00 0.000000e+00 0.000000e+00 0.000000e+00
 1.100000e+01 1.805993e+02 2.460053e+02 1.026902e+02 1.092406e+01 0.000000e+00 0.000000e+00 2.227647e+01 8.332395e+02 1.825532e+01 0.000000e+00 0.000000e+00 0.000000e+00 4.147856e-01 1.525086e+00 1.069846e-19 4.177826e-06 5.181357e-11 0.000000e+00 0.000000e+00 0.000000e+00 4.099314e-27 0.000000e+00 0.000000e+00 0.000000e+00
 1.350000e+01 1.448734e+02 2.249134e+02 5.824332e+01 1.723474e+01 0.000000e+00 0.000000e+00 1.334376e+02 8.811488e+02 7.634542e+01 4.749084e-05 0.000000e+00 0.000000e+00 6.316029e+00 6.168265e+00 5.745187e-04 1.996760e-03 1.231466e-04 0.000000e+00 0.000000e+00 0.000000e+00 1.092458e-09 2.017928e-15 0.000000e+00 0.000000e+00
 1.600000e+01 1.371785e+02 2.214634e+02 2.779810e+01 2.343400e+01 0.000000e+00 0.000000e+00 1.958278e+02 8.487846e+02 1.363412e+02 7.376070e-01 0.000000e+00 0.000000e+00 2.259550e+01 1.462309e+01 4.535465e-01 1.033389e-01 2.336731e-02 0.000000e+00 4.079082e-02 0.000000e+00 5.947881e-04 3.226598e-03 0.000000e+00 0.000000e+00
 1.850000e+01 1.314656e+02 2.190472e+02 1.505333e+01 2.312207e+01 0.000000e+00 0.000000e+00 2.032636e+02 8.256344e+02 1.669276e+02 7.534274e+00 0.000000e+00 0.000000e+00 3.800065e+01 2.503614e+01 2.048572e+00 1.034517e+00 1.197796e-01 0.000000e+00 1.920109e+01 7.074204e-06 2.263200e-01 2.500769e+00 0.000000e+00 0.000000e+00
 2.100000e+01 1.282313e+02 2.200989e+02 9.911025e+00 1.995875e+01 0.000000e+00 0.000000e+00 1.556725e+02 7.695664e+02 1.643783e+02 1.803216e+01 0.000000e+00 0.000000e+00 4.547565e+01 3.236885e+01 3.641820e+00 3.421498e+00 3.212795e-01 1.762351e-02 1.137844e+02 1.051935e-02 4.556061e+00 2.332940e+01 0.000000e+00 0.000000e+00
 2.350000e+01 1.227413e+02 2.137392e+02 7.542488e+00 1.677744e+01 0.000000e+00 0.000000e+00 1.105489e+02 6.733408e+02 1.384307e+02 2.625931e+01 0.000000e+00 0.000000e+00 4.439165e+01 3.461491e+01 6.305242e+00 6.322391e+00 9.570353e-01 9.102506e-01 2.537939e+02 9.303659e-01 2.239214e+01 5.327826e+01 0.000000e+00 0.000000e+00
 2.600000e+01 1.165124e+02 2.064746e+02 6.094146e+00 1.411877e+01 0.000000e+00 0.000000e+00 8.186999e+01 5.958413e+02 1.028246e+02 3.120503e+01 0.000000e+00 0.000000e+00 3.997132e+01 3.137688e+01 9.357472e+00 8.351150e+00 2.359199e+00 5.083341e+00 3.561170e+02 9.401039e+00 4.881577e+01 8.039235e+01 0.000000e+00 0.000000e+00
 2.850000e+01 1.097600e+02 1.976382e+02 5.040386e+00 1.190573e+01 0.000000e+00 0.000000e+00 6.813044e+01 5.482007e+02 7.286431e+01 3.305919e+01 0.000000e+00 0.000000e+00 3.531458e+01 2.600263e+01 1.189486e+01 8.719836e+00 4.039264e+00 1.279350e+01 3.973601e+02 2.671099e+01 7.402792e+01 1.074241e+02 0.000000e+00 0.000000e+00
 3.100000e+01 1.036459e+02 1.888191e+02 4.304747e+00 1.008352e+01 0.000000e+00 0.000000e+00 6.201645e+01 5.203206e+02 5.318253e+01 3.121199e+01 0.000000e+00 0.000000e+00 3.291258e+01 2.131657e+01 1.309070e+01 7.441887e+00 5.341331e+00 1.828490e+01 4.008767e+02 4.252583e+01 9.525923e+01 1.290813e+02 0.000000e+00 0.000000e+00
 3.350000e+01 9.790842e+01 1.799445e+02 3.667148e+00 8.610261e+00 0.000000e+00 0.000000e+00 5.889914e+01 5.002896e+02 4.203701e+01 2.723558e+01 0.000000e+00 0.000000e+00 3.163543e+01 1.822479e+01 1.250748e+01 5.390752e+00 5.973187e+00 1.886728e+01 3.830931e+02 5.126002e+01 1.103979e+02 1.430260e+02 3.641383e-08 0.000000e+00
 3.600000e+01 9.251257e+01 1.710629e+02 3.144859e+00 7.568782e+00 0.000000e+00 0.000000e+00 5.669740e+01 4.825299e+02 3.587232e+01 2.315242e+01 0.000000e+00 0.000000e+00 3.082920e+01 1.635208e+01 1.097792e+01 3.615932e+00 5.586996e+00 1.636451e+01 3.520487e+02 5.174290e+01 1.186254e+02 1.463656e+02 7.843571e-04 0.000000e+00
 3.850000e+01 8.711191e+01 1.620231e+02 2.711791e+00 6.563832e+00 0.000000e+00 0.000000e+00 5.368613e+01 4.660912e+02 3.192785e+01 1.965391e+01 0.000000e+00 0.000000e+00 2.975096e+01 1.506405e+01 9.413333e+00 2.401500e+00 4.747476e+00 1.337569e+01 3.200508e+02 4.685441e+01 1.167578e+02 1.417317e+02 2.052643e-02 0.000000e+00
 4.100000e+01 8.234630e+01 1.540448e+02 2.349255e+00 5.750888e+00 0.000000e+00 0.000000e+00 5.153310e+01 4.493080e+02 2.996675e+01 1.691480e+01 0.000000e+00 0.000000e+00 2.906875e+01 1.423935e+01 8.119677e+00 1.623080e+00 3.868261e+00 1.101197e+01 2.944661e+02 3.862526e+01 1.065826e+02 1.343021e+02 1.164187e-01 0.000000e+00
 4.350000e+01 8.179844e+01 1.465905e+02 2.043958e+00 5.076181e+00 0.000000e+00 0.000000e+00 4.954761e+01 4.321423e+02 2.806570e+01 1.469183e+01 0.000000e+00 0.000000e+00 2.826483e+01 1.393705e+01 7.202538e+00 1.155783e+00 3.130950e+00 9.510515e+00 2.766367e+02 3.042682e+01 9.305199e+01 1.275726e+02 2.911132e-01 0.000000e+00
 4.600000e+01 7.745269e+01 1.396205e+02 1.755827e+00 4.510196e+00 0.000000e+00 0.000000e+00 4.761448e+01 4.155344e+02 2.654378e+01 1.306893e+01 0.000000e+00 0.000000e+00 2.743688e+01 1.335780e+01 6.336055e+00 8.833235e-01 2.562999e+00 8.684578e+00 2.649614e+02 2.424217e+01 8.107549e+01 1.228464e+02 4.649294e-01 4.100137e-14
 4.850000e+01 7.340604e+01 1.378800e+02 1.534064e+00 4.030957e+00 0.000000e+00 0.000000e+00 4.574455e+01 3.991530e+02 2.516453e+01 1.164605e+01 0.000000e+00 0.000000e+00 2.656748e+01 1.278988e+01 5.684249e+00 7.146371e-01 2.161661e+00 8.211741e+00 2.554780e+02 1.989377e+01 7.109274e+01 1.203180e+02 5.617983e-01 7.283801e-07
 5.100000e+01 6.524224e+01 1.337482e+02 1.387065e+00 3.654678e+00 0.000000e+00 0.000000e+00 4.267476e+01 3.842990e+02 2.392993e+01 1.044668e+01 0.000000e+00 0.000000e+00 2.561322e+01 1.193153e+01 5.104944e+00 6.038769e-01 1.895074e+00 7.597329e+00 2.494888e+02 1.685858e+01 6.483644e+01 1.158416e+02 6.065128e-01 5.023960e-05
 5.350000e+01 6.340553e+01 1.190104e+02 1.219754e+00 3.309508e+00 0.000000e+00 0.000000e+00 4.246502e+01 3.642198e+02 2.325912e+01 9.445911e+00 0.000000e+00 0.000000e+00 2.586642e+01 1.165413e+01 4.641667e+00 5.287123e-01 1.660410e+00 7.716722e+00 2.399977e+02 1.564179e+01 5.926991e+01 1.153128e+02 6.036426e-01 4.687995e-04
