#             0.000000e+00 1.099256e+00 1.190450e+00 1.291605e+00 1.434256e+00 1.459510e+00 1.481720e+00 1.744670e+00 2.061760e+00 2.087200e+00 2.153620e+00 2.183500e+00 2.204780e+00 2.394800e+00 2.478700e+00 2.540400e+00 2.581710e+00 2.585800e+00 2.713100e+00 2.722400e+00 2.770200e+00 2.781700e+00 2.816800e+00 2.824200e+00 2.826200e+00 2.829100e+00 2.912000e+00 2.914600e+00 2.957900e+00 2.963100e+00 2.965900e+00 2.973000e+00 2.977000e+00 3.014900e+00 3.016800e+00 3.062700e+00 3.081620e+00 3.090400e+00 3.120900e+00 3.122060e+00 3.140500e+00 3.141500e+00
 1.000000e+00 9.595025e-11 4.275818e-11 3.045283e-11 3.522762e-11 1.778277e-11 1.235830e-11 3.272555e-11 1.872806e-11 1.123340e-11 1.343394e-11 2.583930e-12 4.383461e-12 1.093274e-11 4.117490e-12 6.488368e-12 4.488901e-12 4.678333e-12 4.077954e-12 2.018395e-12 3.249553e-12 3.501575e-12 3.413193e-12 2.947175e-12 4.573592e-13 2.392826e-12 2.376901e-12 2.282482e-12 2.339367e-12 2.281963e-12 1.852773e-12 2.016680e-12 6.396110e-13 1.912565e-12 1.531774e-12 1.171782e-12 9.390852e-13 9.999767e-13 1.273395e-12 4.400520e-13 1.251065e-12 1.124398e-12 1.314599e-07
 3.500000e+00 9.356573e-02 5.878417e-02 6.982563e-02 5.658830e-02 3.116909e-02 5.000833e-02 6.904182e-02 6.288794e-02 5.568205e-02 5.701788e-02 2.712307e-02 3.725943e-02 5.443889e-02 4.078537e-02 4.818094e-02 4.420015e-02 3.701903e-02 4.309130e-02 1.954067e-02 4.132715e-02 4.121422e-02 4.093019e-02 3.886442e-02 1.533343e-02 3.714421e-02 3.707156e-02 3.081202e-02 3.650999e-02 3.655844e-02 3.515992e-02 2.976752e-02 2.025718e-02 3.050818e-02 3.245192e-02 2.816585e-02 1.623642e-02 2.671523e-02 3.060379e-02 1.771824e-02 3.115649e-02 2.939041e-02 1.882439e+00
 6.000000e+00 2.007826e-01 1.131052e-01 1.976872e-01 1.111447e-01 5.934006e-02 1.835846e-01 1.527613e-01 1.689436e-01 1.615582e-01 1.419407e-01 1.529872e-01 1.671367e-01 1.396160e-01 1.606931e-01 1.338980e-01 1.493196e-01 9.462119e-02 1.480877e-01 4.907190e-02 1.484287e-01 1.273289e-01 1.270591e-01 1.226649e-01 1.262366e-01 1.413537e-01 1.412703e-01 8.930505e-02 1.203596e-01 1.228238e-01 1.413696e-01 8.839082e-02 1.363996e-01 9.075441e-02 1.358155e-01 1.453738e-01 4.741979e-02 1.431605e-01 1.335369e-01 1.312302e-01 1.364978e-01 1.320049e-01 2.602685e+01
 8.500000e+00 8.020266e-02 4.142493e-02 8.733591e-02 4.081414e-02 2.143334e-02 9.055658e-02 5.914778e-02 7.018932e-02 6.808818e-02 5.601234e-02 8.990862e-02 8.658274e-02 5.536632e-02 7.578422e-02 5.381276e-02 6.473544e-02 3.614571e-02 6.440575e-02 1.832153e-02 6.528541e-02 5.208310e-02 5.201321e-02 5.022523e-02 8.068736e-02 6.262539e-02 6.260355e-02 3.477969e-02 4.963539e-02 5.092663e-02 6.343758e-02 3.454984e-02 7.676046e-02 3.564703e-02 6.118638e-02 7.247948e-02 1.817510e-02 7.188552e-02 6.060022e-02 7.528203e-02 6.218247e-02 6.020793e-02 4.472064e+01
 1.100000e+01 2.440711e-02 1.193601e-02 2.790504e-02 1.176152e-02 6.132722e-03 3.050917e-02 1.754894e-02 2.146285e-02 2.088677e-02 1.668077e-02 3.298705e-02 2.961894e-02 1.650677e-02 2.446457e-02 1.609454e-02 1.999274e-02 1.050467e-02 1.990640e-02 5.259667e-03 2.031057e-02 1.564525e-02 1.562730e-02 1.503207e-02 3.010122e-02 1.944476e-02 1.943914e-02 1.015834e-02 1.488265e-02 1.535012e-02 1.983235e-02 1.010086e-02 2.669128e-02 1.047962e-02 1.907708e-02 2.380295e-02 5.278568e-03 2.364868e-02 1.892865e-02 2.630095e-02 1.951202e-02 1.882974e-02 4.072519e+01
 1.350000e+01 7.348258e-03 3.426808e-03 8.689786e-03 3.375115e-03 1.749985e-03 9.841573e-03 5.149410e-03 6.422801e-03 6.251483e-03 4.893529e-03 1.128352e-02 9.613457e-03 4.843258e-03 7.572477e-03 4.725390e-03 5.990948e-03 3.018019e-03 5.966111e-03 1.496972e-03 6.119441e-03 4.598780e-03 4.593760e-03 4.399402e-03 1.025672e-02 5.834216e-03 5.832621e-03 2.923554e-03 4.358113e-03 4.516603e-03 5.982277e-03 2.908017e-03 8.638553e-03 3.030609e-03 5.730239e-03 7.424743e-03 1.512849e-03 7.379388e-03 5.688524e-03 8.520429e-03 5.891318e-03 5.660808e-03 2.593273e+01
 1.600000e+01 2.295700e-03 1.022556e-03 2.798741e-03 1.006603e-03 5.183910e-04 3.270263e-03 1.566614e-03 1.989168e-03 1.934516e-03 1.486704e-03 3.945688e-03 3.203498e-03 1.471206e-03 2.411827e-03 1.435122e-03 1.852520e-03 8.992509e-04 1.844773e-03 4.423701e-04 1.900540e-03 1.396756e-03 1.395244e-03 1.331245e-03 3.545671e-03 1.803841e-03 1.803349e-03 8.716341e-04 1.318932e-03 1.372074e-03 1.857783e-03 8.671227e-04 2.851208e-03 9.067522e-04 1.771821e-03 2.374321e-03 4.487370e-04 2.359631e-03 1.759036e-03 2.811315e-03 1.829641e-03 1.750562e-03 1.727614e+01
 1.850000e+01 7.270505e-04 3.162966e-04 9.310367e-04 3.121918e-04 1.599328e-04 1.126664e-03 4.961518e-04 6.423510e-04 6.237913e-04 4.707489e-04 1.426462e-03 1.106784e-03 4.657497e-04 7.988186e-04 4.541795e-04 5.966977e-04 2.797636e-04 5.941578e-04 1.365530e-04 6.141805e-04 4.419819e-04 4.415031e-04 4.201203e-04 1.266499e-03 5.807934e-04 5.806330e-04 2.712695e-04 4.162553e-04 4.341892e-04 6.001822e-04 2.698894e-04 9.754021e-04 2.828566e-04 5.704017e-04 7.883029e-04 1.387866e-04 7.832968e-04 5.662678e-04 9.611832e-04 5.910206e-04 5.635321e-04 1.289488e+01
 2.100000e+01 2.390528e-04 9.876662e-05 3.076104e-04 9.720070e-05 4.938970e-05 3.808694e-04 1.564081e-04 2.065251e-04 2.019059e-04 1.499801e-04 5.078881e-04 3.800510e-04 1.487307e-04 2.664618e-04 1.458194e-04 1.949504e-04 8.872147e-05 1.942919e-04 4.308928e-05 2.018065e-04 1.427206e-04 1.425984e-04 1.355433e-04 4.545071e-04 1.908086e-04 1.907667e-04 8.660012e-05 1.345559e-04 1.407256e-04 1.981255e-04 8.625356e-05 3.387288e-04 9.050119e-05 1.880798e-04 2.668055e-04 4.413089e-05 2.654331e-04 1.869895e-04 3.346833e-04 1.957001e-04 1.862664e-04 1.043468e+01
 2.350000e+01 8.104150e-05 3.244186e-05 1.065005e-04 3.192039e-05 1.609695e-05 1.348787e-04 5.199335e-05 6.937167e-05 6.738840e-05 4.927604e-05 1.824892e-04 1.325821e-04 4.875882e-05 9.014818e-05 4.756652e-05 6.446952e-05 2.854115e-05 6.419747e-05 1.373875e-05 6.658815e-05 4.631880e-05 4.627000e-05 4.391937e-05 1.604857e-04 6.277061e-05 6.275354e-05 2.770922e-05 4.352785e-05 4.552657e-05 6.508954e-05 2.757476e-05 1.159912e-04 2.893977e-05 6.166679e-05 8.929123e-05 1.399666e-05 8.872370e-05 6.122913e-05 1.142686e-04 6.411357e-05 6.093996e-05 8.587687e+00
 2.600000e+01 2.838713e-05 1.105478e-05 3.793444e-05 1.087519e-05 5.446512e-06 4.899168e-05 1.791295e-05 2.423737e-05 2.354142e-05 1.697330e-05 6.782933e-05 4.816650e-05 1.679540e-05 3.205453e-05 1.638649e-05 2.252241e-05 9.725152e-06 2.242765e-05 4.651438e-06 2.327986e-05 1.595949e-05 1.594281e-05 1.512716e-05 5.958674e-05 2.193111e-05 2.192517e-05 9.444572e-06 1.499313e-05 1.568846e-05 2.275798e-05 9.399319e-06 4.209431e-05 9.863744e-06 2.154698e-05 3.177757e-05 4.738254e-06 3.157602e-05 2.139489e-05 4.146867e-05 2.241859e-05 2.129441e-05 7.075052e+00
 2.850000e+01 1.031143e-05 3.923527e-06 1.398296e-05 3.859424e-06 1.920522e-06 1.836409e-05 6.418324e-06 8.794879e-06 8.541094e-06 6.080084e-06 2.589122e-05 1.805242e-05 6.016088e-06 1.180642e-05 5.869057e-06 8.169621e-06 3.449791e-06 8.135092e-06 1.640130e-06 8.445751e-06 5.715686e-06 5.709700e-06 5.417609e-06 2.273869e-05 7.954256e-06 7.952095e-06 3.350302e-06 5.369653e-06 5.618586e-06 8.255977e-06 3.334264e-06 1.576786e-05 3.497936e-06 7.814639e-06 1.170468e-05 1.669918e-06 1.163019e-05 7.759346e-06 1.553250e-05 8.132597e-06 7.722832e-06 5.884757e+00
 3.100000e+01 3.851037e-06 1.435434e-06 5.288608e-06 1.411876e-06 6.984722e-07 7.051410e-06 2.367936e-06 3.282088e-06 3.187264e-06 2.242818e-06 1.009977e-05 6.929519e-06 2.219211e-06 4.465374e-06 2.165029e-06 3.048701e-06 1.261907e-06 3.035836e-06 5.966902e-07 3.151608e-06 2.108596e-06 2.106395e-06 1.999061e-06 8.874788e-06 2.968502e-06 2.967698e-06 1.225669e-06 1.981432e-06 2.072911e-06 3.081011e-06 1.219834e-06 6.054603e-06 1.279122e-06 2.916563e-06 4.427212e-06 6.072624e-07 4.399140e-06 2.896003e-06 5.964482e-06 3.035148e-06 2.882429e-06 4.959655e+00
 3.350000e+01 1.476258e-06 5.405783e-07 2.049496e-06 5.316736e-07 2.616137e-07 2.767580e-06 8.982482e-07 1.257880e-06 1.221455e-06 8.506990e-07 4.014300e-06 2.719172e-06 8.417440e-07 1.731203e-06 8.212073e-07 1.168402e-06 4.751317e-07 1.163481e-06 2.235603e-07 1.207607e-06 7.998421e-07 7.990094e-07 7.585848e-07 3.530934e-06 1.137734e-06 1.137427e-06 4.615253e-07 7.519148e-07 7.863455e-07 1.180640e-06 4.593363e-07 2.377550e-06 4.814035e-07 1.117888e-06 1.716313e-06 2.274056e-07 1.705485e-06 1.110041e-06 2.342348e-06 1.163138e-06 1.104857e-06 4.221597e+00
 3.600000e+01 5.800446e-07 2.090427e-07 8.130438e-07 2.055967e-07 1.006705e-07 1.110444e-06 3.496446e-07 4.942445e-07 4.800025e-07 3.311889e-07 1.628731e-06 1.091014e-06 3.276795e-07 6.873816e-07 3.197052e-07 4.591882e-07 1.837560e-07 4.572608e-07 8.607345e-08 4.744638e-07 3.114098e-07 3.110865e-07 2.954798e-07 1.434345e-06 4.471765e-07 4.470561e-07 1.785082e-07 2.928895e-07 3.061699e-07 4.639073e-07 1.776641e-07 9.548583e-07 1.860995e-07 4.394022e-07 6.814401e-07 8.751012e-08 6.771581e-07 4.363259e-07 9.407989e-07 4.570529e-07 4.342953e-07 3.690754e+00
 3.850000e+01 2.363007e-07 8.385260e-08 3.341379e-07 8.246099e-08 4.018756e-08 4.613025e-07 1.410990e-07 2.011994e-07 1.953779e-07 1.336142e-07 6.836998e-07 4.529811e-07 1.322047e-07 2.824942e-07 1.289582e-07 1.868751e-07 7.365718e-08 1.860894e-07 3.435441e-08 1.930213e-07 1.256060e-07 1.254754e-07 1.192299e-07 6.024613e-07 1.819815e-07 1.819324e-07 7.155164e-08 1.181845e-07 1.234913e-07 1.887261e-07 7.121336e-08 3.966003e-07 7.455824e-08 1.788180e-07 2.799538e-07 3.490953e-08 2.781971e-07 1.775670e-07 3.907716e-07 1.859399e-07 1.767416e-07 3.173535e+00
 4.100000e+01 9.751098e-08 3.413114e-08 1.389459e-07 3.356256e-08 1.628767e-08 1.935903e-07 5.774920e-08 8.299507e-08 8.059395e-08 5.468020e-08 2.894302e-07 1.900754e-07 5.410272e-08 1.175303e-07 5.277071e-08 7.708517e-08 2.997031e-08 7.676117e-08 1.392382e-08 7.959430e-08 5.139762e-08 5.134415e-08 4.880722e-08 2.552855e-07 7.506701e-08 7.504679e-08 2.911251e-08 4.837892e-08 5.053137e-08 7.782337e-08 2.897469e-08 1.665326e-07 3.032240e-08 7.376211e-08 1.164491e-07 1.414164e-08 1.157194e-07 7.324604e-08 1.640930e-07 7.667443e-08 7.290548e-08 2.741403e+00
 4.350000e+01 4.160199e-08 1.435791e-08 5.971073e-08 1.411634e-08 6.822039e-09 8.394316e-08 2.442294e-08 3.536386e-08 3.433313e-08 2.311368e-08 1.265688e-07 8.236693e-08 2.286756e-08 5.048203e-08 2.229859e-08 3.282663e-08 1.259168e-08 3.268783e-08 5.827153e-09 3.388356e-08 2.171453e-08 2.169180e-08 2.062551e-08 1.116681e-07 3.196246e-08 3.195381e-08 1.222909e-08 2.044352e-08 2.134644e-08 3.312585e-08 1.217088e-08 7.216536e-08 1.273272e-08 3.140421e-08 4.999279e-08 5.915192e-09 4.967850e-08 3.118355e-08 7.110585e-08 3.263465e-08 3.103797e-08 2.378544e+00
 4.600000e+01 1.798894e-08 6.132463e-09 2.598047e-08 6.028467e-09 2.902572e-09 3.679503e-08 1.048169e-08 1.527807e-08 1.483156e-08 9.916934e-09 5.585876e-08 3.609797e-08 9.810755e-09 2.196522e-08 9.564884e-09 1.417791e-08 5.373169e-09 1.411775e-08 2.477762e-09 1.463055e-08 9.313061e-09 9.303261e-09 8.847813e-09 4.931575e-08 1.380336e-08 1.379961e-08 5.217557e-09 8.769364e-09 9.154371e-09 1.430219e-08 5.192583e-09 3.163766e-08 5.430847e-09 1.356140e-08 2.174598e-08 2.514021e-09 2.160904e-08 1.346576e-08 3.117350e-08 1.408932e-08 1.340266e-08 2.072379e+00
 4.850000e+01 7.880075e-09 2.650918e-09 1.144954e-08 2.605321e-09 1.249694e-09 1.633664e-08 4.553208e-09 6.679991e-09 6.482333e-09 4.304536e-09 2.496877e-08 1.601395e-08 4.256148e-09 9.669485e-09 4.149503e-09 6.193190e-09 2.318133e-09 6.166634e-09 1.065008e-09 6.389366e-09 4.038969e-09 4.034669e-09 3.837324e-09 2.204544e-08 6.027905e-09 6.026251e-09 2.250204e-09 3.802926e-09 3.969369e-09 6.244527e-09 2.239310e-09 1.403160e-08 2.341762e-09 5.921207e-09 9.567342e-09 1.080049e-09 9.506615e-09 5.879049e-09 1.382452e-08 6.150688e-09 5.851240e-09 1.811491e+00
 5.100000e+01 3.573967e-09 1.189628e-09 5.218273e-09 1.168956e-09 5.589481e-10 7.488112e-09 2.051772e-09 3.026511e-09 2.935542e-09 1.938057e-09 1.150189e-08 7.339158e-09 1.916888e-09 4.406258e-09 1.868470e-09 2.804775e-09 1.038909e-09 2.792677e-09 4.757673e-10 2.893113e-09 1.818294e-09 1.816343e-09 1.727586e-09 1.016164e-08 2.729481e-09 2.728728e-09 1.008180e-09 1.711975e-09 1.786704e-09 2.827140e-09 1.003252e-09 6.432140e-09 1.049083e-09 2.680877e-09 4.358395e-09 4.822883e-10 4.330641e-09 2.661672e-09 6.337199e-09 2.784396e-09 2.649004e-09 1.576579e+00
 5.350000e+01 1.646495e-09 5.414534e-10 2.415621e-09 5.318778e-10 2.534773e-10 3.486869e-09 9.379742e-10 1.390632e-09 1.348718e-09 8.851116e-10 5.383563e-09 3.415213e-09 8.752924e-10 2.036924e-09 8.528449e-10 1.287847e-09 4.716992e-10 1.282219e-09 2.152565e-10 1.328227e-09 8.296004e-10 8.286967e-10 7.880849e-10 4.755738e-09 1.252830e-09 1.252480e-09 4.575267e-10 7.808594e-10 8.149758e-10 1.297554e-09 4.552555e-10 2.991482e-09 4.760890e-10 1.230239e-09 2.013605e-09 2.181110e-10 2.000654e-09 1.221315e-09 2.947006e-09 1.277692e-09 1.215430e-09 1.405948e+00
