#             0.000000e+00 1.172980e+00 2.048680e+00 2.301840e+00 2.336520e+00 2.890630e+00 3.058760e+00 3.157960e+00 3.176700e+00 3.257620e+00 3.262000e+00 3.269970e+00 3.277690e+00 3.369980e+00 3.378000e+00 3.462000e+00 3.486000e+00 3.518230e+00 3.522540e+00 3.524400e+00 3.756500e+00 3.849400e+00 3.859600e+00 3.967000e+00 3.972900e+00 4.000500e+00 4.011000e+00 4.018880e+00 4.035000e+00 4.055300e+00 4.062400e+00 4.146000e+00 4.151400e+00 4.154200e+00 4.161260e+00 4.179000e+00 4.201000e+00 4.208800e+00 4.230000e+00 4.317200e+00 4.393000e+00 4.394000e+00
 1.000000e+00 4.413152e-11 1.357302e-10 3.137118e-11 1.062851e-10 7.671526e-11 2.518114e-11 8.171249e-11 8.200558e-11 5.773749e-11 7.900446e-11 7.887174e-11 6.059310e-11 5.541116e-11 5.827157e-11 7.241527e-11 5.611011e-11 8.506049e-11 7.099912e-11 7.086506e-11 1.989030e-11 6.662714e-11 4.681481e-11 4.656747e-11 5.688472e-11 5.669853e-11 3.858347e-11 6.720448e-11 1.202793e-11 5.474074e-11 3.731913e-11 5.387841e-11 3.524061e-11 4.916285e-11 3.505370e-11 2.232907e-11 6.133279e-11 5.183168e-11 3.674478e-11 1.363459e-11 4.594020e-11 2.970560e-11 5.596981e-06
 3.500000e+00 2.514969e-02 8.870274e-02 2.065447e-02 7.669367e-02 6.826309e-02 1.844832e-02 7.021685e-02 6.696436e-02 5.803917e-02 6.581921e-02 6.576886e-02 4.843635e-02 5.683299e-02 4.763636e-02 6.617973e-02 4.689792e-02 6.560053e-02 6.281997e-02 6.277032e-02 1.670972e-02 6.235995e-02 4.376164e-02 4.367837e-02 5.763660e-02 5.756819e-02 4.842267e-02 5.983954e-02 2.206557e-02 5.684740e-02 4.780060e-02 5.652896e-02 4.677500e-02 5.651386e-02 4.668251e-02 3.318226e-02 5.796922e-02 5.694050e-02 4.675607e-02 1.469392e-02 5.355139e-02 4.400248e-02 1.667199e+01
 6.000000e+00 3.379184e-02 1.365612e-01 2.894051e-02 1.234317e-01 1.557757e-01 2.665396e-02 1.371632e-01 1.124860e-01 1.411805e-01 1.111506e-01 1.110916e-01 7.415218e-02 1.393615e-01 7.326640e-02 1.318783e-01 7.244406e-02 1.089694e-01 1.075992e-01 1.075398e-01 2.479276e-02 1.245882e-01 6.890887e-02 6.881428e-02 1.012965e-01 1.012123e-01 1.259671e-01 1.015398e-01 1.025191e-01 1.003231e-01 1.249283e-01 9.992966e-02 1.232032e-01 1.185131e-01 1.230469e-01 1.156671e-01 9.910345e-02 1.167056e-01 1.221640e-01 2.258880e-02 9.624066e-02 1.184752e-01 1.622349e+02
 8.500000e+00 8.466224e-03 3.761058e-02 7.265632e-03 3.432227e-02 5.506675e-02 6.746923e-03 4.309958e-02 3.174213e-02 5.104318e-02 3.143762e-02 3.142422e-02 1.954215e-02 5.055191e-02 1.935016e-02 4.178797e-02 1.917309e-02 3.099385e-02 3.063730e-02 3.062402e-02 6.349242e-03 3.998300e-02 1.842318e-02 1.840333e-02 2.924495e-02 2.922652e-02 4.698686e-02 2.933799e-02 5.527924e-02 2.903229e-02 4.671283e-02 2.894646e-02 4.625800e-02 3.855483e-02 4.621681e-02 5.184859e-02 2.880292e-02 3.811870e-02 4.628765e-02 5.899184e-03 2.814451e-02 4.501095e-02 2.083217e+02
 1.100000e+01 1.642066e-03 7.824040e-03 1.424094e-03 7.205113e-03 1.340490e-02 1.332884e-03 9.758167e-03 6.723823e-03 1.255476e-02 6.667053e-03 6.664554e-03 3.957580e-03 1.245083e-02 3.923505e-03 9.498474e-03 3.892081e-03 6.568764e-03 6.517882e-03 6.515407e-03 1.263172e-03 9.084802e-03 3.759063e-03 3.755545e-03 6.258727e-03 6.255302e-03 1.169684e-02 6.262983e-03 1.700039e-02 6.219228e-03 1.163901e-02 6.203297e-03 1.154311e-02 8.858611e-03 1.153442e-02 1.423702e-02 6.164443e-03 8.720815e-03 1.153697e-02 1.184554e-03 6.054745e-03 1.128082e-02 2.132947e+02
 1.350000e+01 3.199718e-04 1.594517e-03 2.784371e-04 1.474120e-03 3.024842e-03 2.620274e-04 2.095576e-03 1.384471e-03 2.852118e-03 1.374097e-03 1.373641e-03 7.909726e-04 2.831327e-03 7.849665e-04 2.046027e-03 7.794470e-04 1.356234e-03 1.347005e-03 1.346557e-03 2.498578e-04 1.969396e-03 7.562678e-04 7.556585e-04 1.300421e-03 1.299809e-03 2.681958e-03 1.301199e-03 4.470746e-03 1.293364e-03 2.670579e-03 1.290521e-03 2.651726e-03 1.925940e-03 2.650020e-03 3.494163e-03 1.283605e-03 1.901111e-03 2.659871e-03 2.364112e-04 1.264067e-03 2.600240e-03 2.205231e+02
 1.600000e+01 6.606646e-05 3.408601e-04 5.779246e-05 3.157221e-04 6.943613e-04 5.449541e-05 4.633924e-04 2.970967e-04 6.559147e-04 2.949604e-04 2.948666e-04 1.662340e-04 6.513354e-04 1.650269e-04 4.528377e-04 1.639204e-04 2.915653e-04 2.894070e-04 2.893156e-04 5.207637e-05 4.372340e-04 1.593056e-04 1.591850e-04 2.799602e-04 2.798370e-04 6.188498e-04 2.803927e-04 1.135966e-03 2.785417e-04 6.164078e-04 2.779710e-04 6.123724e-04 4.276812e-04 6.120080e-04 8.444571e-04 2.768620e-04 4.230311e-04 6.149203e-04 4.945267e-05 2.726902e-04 6.014220e-04 2.251336e+02
 1.850000e+01 1.445643e-05 7.693145e-05 1.280727e-05 7.171160e-05 1.662294e-04 1.213305e-05 1.080447e-04 6.775993e-05 1.574983e-04 6.730180e-05 6.728168e-05 3.734336e-05 1.564483e-04 3.708939e-05 1.057150e-04 3.685611e-05 6.659217e-05 6.610671e-05 6.608698e-05 1.163012e-05 1.022154e-04 3.587873e-05 3.585312e-05 6.406118e-05 6.403441e-05 1.489522e-04 6.417048e-05 2.927994e-04 6.375288e-05 1.483862e-04 6.362879e-05 1.474502e-04 1.001091e-04 1.473657e-04 2.099023e-04 6.340133e-05 9.903922e-05 1.479698e-04 1.107794e-05 6.247881e-05 1.449084e-04 2.241535e+02
 2.100000e+01 3.361508e-06 1.831255e-05 3.012348e-06 1.719113e-05 4.149367e-05 2.870905e-06 2.648409e-05 1.634267e-05 3.952383e-05 1.624393e-05 1.623959e-05 8.905934e-06 3.928587e-05 8.852019e-06 2.597156e-05 8.802432e-06 1.608766e-05 1.598576e-05 1.598149e-05 2.764896e-06 2.516986e-05 8.593904e-06 8.588419e-06 1.554136e-05 1.553552e-05 3.757583e-05 1.556213e-05 7.791140e-05 1.547405e-05 3.744574e-05 1.544693e-05 3.723031e-05 2.472746e-05 3.721082e-05 5.433051e-05 1.539413e-05 2.446174e-05 3.732943e-05 2.647334e-06 1.519488e-05 3.664293e-05 2.172600e+02
 2.350000e+01 8.121656e-07 4.495955e-06 7.329074e-07 4.239018e-06 1.054500e-05 7.014214e-07 6.636245e-06 4.047577e-06 1.008402e-05 4.025453e-06 4.024482e-06 2.188048e-06 1.002876e-05 2.176125e-06 6.519689e-06 2.165171e-06 3.990335e-06 3.967734e-06 3.966781e-06 6.780545e-07 6.337710e-06 2.119221e-06 2.118014e-06 3.868751e-06 3.867453e-06 9.633570e-06 3.873307e-06 2.086876e-05 3.853793e-06 9.603620e-06 3.847768e-06 9.554048e-06 6.238553e-06 9.549566e-06 1.424940e-05 3.836000e-06 6.177735e-06 9.586434e-06 6.523137e-07 3.791813e-06 9.419028e-06 2.194637e+02
 2.600000e+01 2.074682e-07 1.162414e-06 1.881555e-07 1.098888e-06 2.798026e-06 1.805259e-07 1.739915e-06 1.051880e-06 2.681148e-06 1.046473e-06 1.046236e-06 5.652179e-07 2.667213e-06 5.623371e-07 1.711048e-06 5.596947e-07 1.037996e-06 1.032398e-06 1.032166e-06 1.749002e-07 1.666995e-06 5.486359e-07 5.483462e-07 1.008366e-06 1.008052e-06 2.568172e-06 1.009620e-06 5.765817e-06 1.004747e-06 2.560710e-06 1.003290e-06 2.548374e-06 1.641935e-06 2.547260e-06 3.867347e-06 1.000616e-06 1.627825e-06 2.558394e-06 1.687494e-07 9.897881e-07 2.514867e-06 2.126170e+02
 2.850000e+01 5.607433e-08 3.172375e-07 5.110456e-08 3.006673e-07 7.796064e-07 4.913456e-08 4.802646e-07 2.883844e-07 7.482517e-07 2.869712e-07 2.869092e-07 1.542538e-07 7.445144e-07 1.535070e-07 4.726387e-07 1.528217e-07 2.847658e-07 2.832927e-07 2.832321e-07 4.768098e-08 4.611307e-07 1.499558e-07 1.498808e-07 2.770144e-07 2.769324e-07 7.179715e-07 2.773644e-07 1.658798e-06 2.760698e-07 7.159750e-07 2.756897e-07 7.126752e-07 4.543948e-07 7.123772e-07 1.095725e-06 2.750185e-07 4.508017e-07 7.153291e-07 4.609273e-08 2.721681e-07 7.037202e-07 2.045975e+02
 3.100000e+01 1.582920e-08 9.023866e-08 1.449608e-08 8.575279e-08 2.254975e-07 1.396661e-08 1.379593e-07 8.242276e-08 2.168208e-07 8.203919e-08 8.202235e-08 4.394076e-08 2.157857e-07 4.373915e-08 1.358730e-07 4.355410e-08 8.144824e-08 8.104026e-08 8.102379e-08 1.357517e-08 1.327469e-07 4.277968e-08 4.275939e-08 7.933416e-08 7.931185e-08 2.084278e-07 7.943828e-08 4.929560e-07 7.907721e-08 2.078738e-07 7.897380e-08 2.069580e-07 1.308754e-07 2.068752e-07 3.214942e-07 7.880045e-08 1.299136e-07 2.076686e-07 1.314670e-08 7.801538e-08 2.044723e-07 1.960394e+02
 3.350000e+01 4.652548e-09 2.667964e-08 4.278952e-09 2.541550e-08 6.756938e-08 4.130759e-09 4.112491e-08 2.447771e-08 6.508582e-08 2.436967e-08 2.436493e-08 1.301795e-08 6.478954e-08 1.296141e-08 4.053369e-08 1.290951e-08 2.420648e-08 2.408829e-08 2.408365e-08 4.021160e-09 3.965527e-08 1.269225e-08 1.268656e-08 2.360758e-08 2.360129e-08 6.268342e-08 2.364040e-08 1.511579e-07 2.353516e-08 6.252479e-08 2.350601e-08 6.226255e-08 3.911708e-08 6.223887e-08 9.754373e-08 2.346069e-08 3.885129e-08 6.246401e-08 3.901103e-09 2.323582e-08 6.155049e-08 1.865908e+02
 3.600000e+01 1.419221e-09 8.175627e-09 1.309879e-09 7.804103e-09 2.092456e-08 1.266574e-09 1.268472e-08 7.528854e-09 2.018597e-08 7.497191e-09 7.495801e-09 3.996834e-09 2.009801e-08 3.980324e-09 1.251060e-08 3.965169e-09 7.450078e-09 7.414744e-09 7.413385e-09 1.234603e-09 1.225357e-08 3.901752e-09 3.900091e-09 7.273958e-09 7.272117e-09 1.947319e-08 7.284359e-09 4.770364e-08 7.252755e-09 1.942616e-08 7.244221e-09 1.934843e-08 1.209375e-08 1.934140e-08 3.052038e-08 7.231765e-09 1.201695e-08 1.940723e-08 1.199606e-09 7.165126e-09 1.913739e-08 1.775167e+02
 3.850000e+01 4.527221e-10 2.617201e-09 4.190723e-10 2.502525e-09 6.753065e-09 4.057785e-10 4.081805e-09 2.417743e-09 6.523099e-09 2.407989e-09 2.407561e-09 1.281777e-09 6.495716e-09 1.276706e-09 4.027963e-09 1.272052e-09 2.393595e-09 2.382600e-09 2.382181e-09 3.959649e-10 3.948742e-09 1.252582e-09 1.252072e-09 2.339270e-09 2.338704e-09 6.301391e-09 2.342608e-09 1.563152e-08 2.332747e-09 6.286776e-09 2.330122e-09 6.262623e-09 3.899196e-09 6.260441e-09 9.931832e-09 2.326435e-09 3.875648e-09 6.280174e-09 3.852328e-10 2.305797e-09 6.197077e-09 1.686889e+02
 4.100000e+01 1.477458e-10 8.564999e-10 1.371135e-10 8.201744e-10 2.223920e-09 1.329108e-10 1.341272e-09 7.933121e-10 2.150429e-09 7.902268e-10 7.900914e-10 4.201660e-10 2.141693e-09 4.185651e-10 1.324190e-09 4.170960e-10 7.856941e-10 7.821968e-10 7.820644e-10 1.298141e-10 1.299100e-09 4.109517e-10 4.107908e-10 7.684974e-10 7.683183e-10 2.079733e-09 7.695769e-10 5.211343e-09 7.664357e-10 2.075076e-09 7.656059e-10 2.067380e-09 1.283363e-09 2.066685e-09 3.292357e-09 7.644666e-10 1.275921e-09 2.072655e-09 1.264294e-10 7.579189e-10 2.046500e-09 1.609020e+02
 4.350000e+01 5.004874e-11 2.907702e-10 4.655084e-11 2.788027e-10 7.586989e-10 4.517097e-11 4.568971e-10 2.699673e-10 7.343580e-10 2.689512e-10 2.689066e-10 1.428842e-10 7.314618e-10 1.423578e-10 4.512593e-10 1.418747e-10 2.674616e-10 2.663070e-10 2.662634e-10 4.415281e-11 4.429930e-10 1.398545e-10 1.398016e-10 2.617967e-10 2.617378e-10 7.109265e-10 2.621562e-10 1.795965e-09 2.611180e-10 7.093834e-10 2.608449e-10 7.068337e-10 4.377887e-10 7.066035e-10 1.129348e-09 2.604742e-10 4.353434e-10 7.084832e-10 4.304029e-11 2.583147e-10 6.999173e-10 1.527648e+02
 4.600000e+01 1.731720e-11 1.007825e-10 1.613863e-11 9.674212e-11 2.639501e-10 1.567305e-11 1.587893e-10 9.376268e-11 2.556988e-10 9.342029e-11 9.340526e-11 4.960110e-11 2.547178e-10 4.942388e-11 1.568864e-10 4.926127e-11 9.291810e-11 9.252931e-11 9.251462e-11 1.533032e-11 1.541014e-10 4.858126e-11 4.856345e-11 9.100970e-11 9.098984e-11 2.477637e-10 9.113088e-11 6.299707e-10 9.078105e-11 2.472412e-10 9.068903e-11 2.463780e-10 1.523408e-10 2.463001e-10 3.946620e-10 9.056436e-11 1.515196e-10 2.469113e-10 1.495587e-11 8.983666e-11 2.440366e-10 1.457682e+02
 4.850000e+01 6.067291e-12 3.535897e-11 5.664446e-12 3.397907e-11 9.287628e-11 5.505493e-12 5.583932e-11 3.295974e-11 9.004204e-11 3.284263e-11 3.283749e-11 1.743033e-11 8.970518e-11 1.736976e-11 5.518773e-11 1.731417e-11 3.267040e-11 3.253788e-11 3.253286e-11 5.388329e-12 5.423561e-11 1.708175e-11 1.707567e-11 3.201820e-11 3.201141e-11 8.731785e-11 3.205929e-11 2.231409e-10 3.194001e-11 8.713854e-11 3.190855e-11 8.684229e-11 5.363157e-11 8.681554e-11 1.393809e-10 3.186560e-11 5.335160e-11 8.701860e-11 5.260347e-12 3.161709e-11 8.603879e-11 1.438256e+02
 5.100000e+01 2.219315e-12 1.294677e-11 2.074923e-12 1.245173e-11 3.407126e-11 2.018081e-12 2.048000e-11 1.208718e-11 3.305470e-11 1.204531e-11 1.204347e-11 6.391168e-12 3.293391e-11 6.369516e-12 2.024685e-11 6.349648e-12 1.198348e-11 1.193634e-11 1.193455e-11 1.976192e-12 1.990665e-11 6.266579e-12 6.264404e-12 1.175054e-11 1.174812e-11 3.207808e-11 1.176503e-11 8.228375e-11 1.172259e-11 3.201381e-11 1.171135e-11 3.190764e-11 1.969017e-11 3.189805e-11 5.128196e-11 1.169580e-11 1.959037e-11 3.196865e-11 1.930442e-12 1.160716e-11 3.162061e-11 1.337843e+02
 5.350000e+01 8.201065e-13 4.788488e-12 7.678652e-13 4.609384e-12 1.262126e-11 7.472641e-13 7.586168e-12 4.477286e-12 1.225212e-11 4.462114e-12 4.461448e-12 2.367166e-12 1.220827e-11 2.359323e-12 7.501673e-12 2.352127e-12 4.439615e-12 4.422640e-12 4.421990e-12 7.320859e-13 7.378553e-12 2.322040e-12 2.321253e-12 4.355342e-12 4.354462e-12 1.189766e-11 4.360498e-12 3.060834e-11 4.345218e-12 1.187434e-11 4.341145e-12 1.183498e-11 7.299453e-12 1.183150e-11 1.904057e-11 4.335121e-12 7.263443e-12 1.185635e-11 7.154642e-13 4.303121e-12 1.173056e-11 1.317164e+02
