#             0.000000e+00 6.741300e-02 2.829570e-01 6.560130e-01 9.086180e-01 1.015130e+00 1.099625e+00 1.132329e+00 1.185251e+00 1.454800e+00 1.609661e+00 1.729481e+00 1.807700e+00 1.978000e+00 1.987990e+00 1.997600e+00 2.018100e+00 2.030000e+00 2.121600e+00 2.123978e+00 2.129190e+00 2.409700e+00 2.414000e+00 2.469000e+00 2.529000e+00 2.593000e+00 2.639710e+00 2.697000e+00 2.709000e+00 2.734000e+00 2.765100e+00 2.786000e+00 2.801000e+00 2.853000e+00 2.863480e+00 2.905000e+00 0.000000e+00 0.000000e+00 0.000000e+00 0.000000e+00 0.000000e+00 2.906000e+00
 1.000000e+00 2.279077e-18 5.161896e-19 9.111478e-22 0.000000e+00 0.000000e+00 0.000000e+00 0.000000e+00 0.000000e+00 0.000000e+00 0.000000e+00 0.000000e+00 0.000000e+00 0.000000e+00 0.000000e+00 0.000000e+00 0.000000e+00 0.000000e+00 0.000000e+00 0.000000e+00 0.000000e+00 0.000000e+00 0.000000e+00 0.000000e+00 0.000000e+00 0.000000e+00 0.000000e+00 0.000000e+00 0.000000e+00 0.000000e+00 0.000000e+00 0.000000e+00 0.000000e+00 0.000000e+00 0.000000e+00 0.000000e+00 0.000000e+00 0.000000e+00 0.000000e+00 0.000000e+00 0.000000e+00 0.000000e+00 0.000000e+00
 3.500000e+00 1.016722e-02 8.879195e-03 2.738615e-03 8.924699e-04 6.552712e-04 3.723026e-04 2.533157e-04 2.399247e-04 1.662649e-04 3.549138e-05 1.380126e-05 4.935632e-06 1.757252e-06 4.717823e-07 2.992368e-07 4.304293e-07 3.053589e-07 3.041754e-07 6.561218e-08 5.163022e-08 3.861677e-08 7.051930e-10 9.487911e-10 3.069576e-10 8.110558e-11 1.656713e-11 4.675691e-12 8.955660e-13 6.014324e-13 2.211268e-13 7.190336e-14 3.089075e-14 1.869210e-14 1.587308e-15 9.667796e-16 1.162311e-16 0.000000e+00 0.000000e+00 0.000000e+00 0.000000e+00 0.000000e+00 1.093871e-08
 6.000000e+00 1.224224e-01 1.501612e-01 5.574573e-02 4.526602e-02 9.167053e-02 9.449102e-02 6.084337e-02 7.654250e-02 5.649924e-02 6.243016e-02 4.686628e-02 3.128904e-02 3.874375e-02 2.169094e-02 2.950277e-02 2.724356e-02 2.927565e-02 2.615077e-02 2.413418e-02 9.332175e-03 2.131314e-02 1.335161e-02 9.747963e-03 1.224768e-02 1.066360e-02 9.138532e-03 5.742018e-03 6.408461e-03 6.207314e-03 6.341120e-03 4.117362e-03 3.847728e-03 4.758573e-03 4.524003e-03 3.104893e-03 3.868366e-03 0.000000e+00 0.000000e+00 0.000000e+00 0.000000e+00 0.000000e+00 3.712574e-02
 8.500000e+00 5.343173e-02 7.406058e-02 2.517218e-02 2.307099e-02 6.077338e-02 7.514202e-02 4.037701e-02 5.711202e-02 3.938489e-02 6.592464e-02 4.914539e-02 3.298605e-02 6.685991e-02 2.979197e-02 6.241801e-02 4.254810e-02 5.379743e-02 4.239919e-02 5.992191e-02 1.440557e-02 6.504347e-02 5.193889e-02 2.479522e-02 4.395098e-02 4.264077e-02 4.124502e-02 2.209651e-02 3.084226e-02 3.063588e-02 3.818033e-02 2.060674e-02 2.022006e-02 2.879989e-02 3.561035e-02 1.944524e-02 3.449369e-02 0.000000e+00 0.000000e+00 0.000000e+00 0.000000e+00 0.000000e+00 1.948723e+00
 1.100000e+01 1.466156e-02 2.142029e-02 6.867266e-03 6.457361e-03 1.874343e-02 2.492228e-02 1.212383e-02 1.802261e-02 1.193357e-02 2.305506e-02 1.647489e-02 1.072267e-02 2.667922e-02 1.007955e-02 2.574755e-02 1.520916e-02 2.062841e-02 1.526403e-02 2.537610e-02 4.842344e-03 3.019176e-02 2.354415e-02 9.200391e-03 1.866127e-02 1.839803e-02 1.811690e-02 8.699825e-03 1.304698e-02 1.300701e-02 1.749634e-02 8.422213e-03 8.311757e-03 1.257366e-02 1.697138e-02 8.204683e-03 1.674167e-02 0.000000e+00 0.000000e+00 0.000000e+00 0.000000e+00 0.000000e+00 5.885490e+00
 1.350000e+01 3.804025e-03 5.722600e-03 1.768028e-03 1.679047e-03 5.129123e-03 7.096486e-03 3.256137e-03 4.971784e-03 3.215224e-03 6.682577e-03 4.637067e-03 2.956837e-03 8.204614e-03 2.810617e-03 7.996333e-03 4.366230e-03 6.151522e-03 4.394482e-03 7.943714e-03 1.336800e-03 9.949459e-03 7.507423e-03 2.636477e-03 5.726196e-03 5.669611e-03 5.609261e-03 2.532165e-03 3.925111e-03 3.916714e-03 5.476343e-03 2.474540e-03 2.441873e-03 3.809929e-03 5.364232e-03 2.429490e-03 5.315257e-03 0.000000e+00 0.000000e+00 0.000000e+00 0.000000e+00 0.000000e+00 9.418626e+00
 1.600000e+01 1.013627e-03 1.553987e-03 4.678759e-04 4.466748e-04 1.409595e-03 2.001103e-03 8.831823e-04 1.371628e-03 8.734290e-04 1.899651e-03 1.291308e-03 8.120939e-04 2.414330e-03 7.755059e-04 2.362873e-03 1.226784e-03 1.770777e-03 1.236984e-03 2.356832e-03 3.660099e-04 3.051880e-03 2.242935e-03 7.367267e-04 1.668640e-03 1.655122e-03 1.640723e-03 7.123531e-04 1.126085e-03 1.124112e-03 1.609073e-03 6.989217e-04 6.893022e-04 1.095607e-03 1.582441e-03 6.884392e-04 1.570828e-03 0.000000e+00 0.000000e+00 0.000000e+00 0.000000e+00 0.000000e+00 1.038320e+01
 1.850000e+01 2.822723e-04 4.387461e-04 1.295479e-04 1.241067e-04 4.009219e-04 5.799630e-04 2.487428e-04 3.910430e-04 2.462359e-04 5.531367e-04 3.702205e-04 2.305149e-04 7.199499e-04 2.206917e-04 7.061720e-04 3.535662e-04 5.192792e-04 3.569932e-04 7.061647e-04 1.035659e-04 9.370207e-04 6.741927e-04 2.112819e-04 4.925990e-04 4.890774e-04 4.853285e-04 2.050765e-04 3.284866e-04 3.279807e-04 4.770957e-04 2.016597e-04 1.987545e-04 3.198706e-04 4.701780e-04 1.989942e-04 4.671637e-04 0.000000e+00 0.000000e+00 0.000000e+00 0.000000e+00 0.000000e+00 9.813785e+00
 2.100000e+01 8.271420e-05 1.299478e-04 3.778067e-05 3.628810e-05 1.193671e-04 1.752261e-04 7.348743e-05 1.166115e-04 7.279751e-05 1.676237e-04 1.108177e-04 6.846741e-05 2.221580e-04 6.563695e-05 2.181945e-04 1.061927e-04 1.580628e-04 1.073114e-04 2.185475e-04 3.066865e-05 2.956918e-04 2.090248e-04 6.318291e-05 1.505622e-04 1.495745e-04 1.485235e-04 6.148123e-05 9.942272e-05 9.928303e-05 1.462181e-04 6.054486e-05 5.962442e-05 9.687033e-05 1.442830e-04 5.981473e-05 1.434405e-04 0.000000e+00 0.000000e+00 0.000000e+00 0.000000e+00 0.000000e+00 8.760989e+00
 2.350000e+01 2.487328e-05 3.942695e-05 1.131502e-05 1.088945e-05 3.635347e-05 5.402058e-05 2.223314e-05 3.555747e-05 2.203621e-05 5.178920e-05 3.388480e-05 2.080034e-05 6.966390e-05 1.996682e-05 6.848368e-05 3.255349e-05 4.899259e-05 3.292309e-05 6.867668e-05 9.294457e-06 9.443625e-05 6.575890e-05 1.929504e-05 4.680484e-05 4.651721e-05 4.621128e-05 1.881090e-05 3.065486e-05 3.061475e-05 4.554048e-05 1.854455e-05 1.825419e-05 2.987594e-05 4.497775e-05 1.833688e-05 4.473283e-05 0.000000e+00 0.000000e+00 0.000000e+00 0.000000e+00 0.000000e+00 7.696318e+00
 2.600000e+01 7.819490e-06 1.248817e-05 3.544927e-06 3.416828e-06 1.154833e-05 1.733631e-05 7.022528e-06 1.130491e-05 6.962811e-06 1.664486e-05 1.079478e-05 6.589665e-06 2.266920e-05 6.331452e-06 2.229873e-05 1.038950e-05 1.578123e-05 1.051327e-05 2.238102e-05 2.938043e-06 3.120246e-05 2.144544e-05 6.136142e-06 1.510780e-05 1.501938e-05 1.492506e-05 5.990328e-06 9.824364e-06 9.812204e-06 1.471909e-05 5.910251e-06 5.815952e-06 9.576510e-06 1.454644e-05 5.847839e-06 1.447133e-05 0.000000e+00 0.000000e+00 0.000000e+00 0.000000e+00 0.000000e+00 6.723080e+00
 2.850000e+01 2.573131e-06 4.136819e-06 1.163266e-06 1.122864e-06 3.835129e-06 5.808239e-06 2.320619e-06 3.757176e-06 2.301685e-06 5.583864e-06 3.593914e-06 2.183400e-06 7.687800e-06 2.099508e-06 7.565858e-06 3.464279e-06 5.303935e-06 3.506832e-06 7.598542e-06 9.717689e-07 1.072146e-05 7.285217e-06 2.039657e-06 5.085876e-06 5.057259e-06 5.026837e-06 1.993487e-06 3.286619e-06 3.282731e-06 4.960188e-06 1.968100e-06 1.936111e-06 3.204443e-06 4.904171e-06 1.948231e-06 4.879886e-06 0.000000e+00 0.000000e+00 0.000000e+00 0.000000e+00 0.000000e+00 5.860879e+00
 3.100000e+01 8.771672e-07 1.418381e-06 3.954418e-07 3.821295e-07 1.317442e-06 2.011072e-06 7.935205e-07 1.291436e-06 7.872641e-07 1.935342e-06 1.237047e-06 7.482208e-07 2.690769e-06 7.200077e-07 2.649126e-06 1.193929e-06 1.841068e-06 1.208945e-06 2.661825e-06 3.324829e-07 3.796923e-06 2.553404e-06 7.008547e-07 1.767769e-06 1.758356e-06 1.748138e-06 6.857305e-07 1.135939e-06 1.134649e-06 1.725760e-06 6.773730e-07 6.662586e-07 1.107769e-06 1.707014e-06 6.708598e-07 1.698863e-06 0.000000e+00 0.000000e+00 0.000000e+00 0.000000e+00 0.000000e+00 5.122420e+00
 3.350000e+01 3.093959e-07 5.028741e-07 1.391351e-07 1.345686e-07 4.677599e-07 7.189984e-07 2.805772e-07 4.587306e-07 2.784233e-07 6.925504e-07 4.399431e-07 2.650396e-07 9.711650e-07 2.551715e-07 9.563970e-07 4.250020e-07 6.595197e-07 4.304358e-07 9.613216e-07 1.175848e-07 1.384506e-06 9.224921e-07 2.487660e-07 6.338869e-07 6.305291e-07 6.269610e-07 2.435500e-07 4.051401e-07 4.046945e-07 6.191493e-07 2.406840e-07 2.366965e-07 3.951613e-07 6.126089e-07 2.384511e-07 6.097659e-07 0.000000e+00 0.000000e+00 0.000000e+00 0.000000e+00 0.000000e+00 4.475913e+00
 3.600000e+01 1.125754e-07 1.838874e-07 5.052780e-08 4.890775e-08 1.712609e-07 2.649001e-07 1.023399e-07 1.680194e-07 1.015729e-07 2.552642e-07 1.612497e-07 9.679108e-08 3.607429e-07 9.322754e-08 3.553319e-07 1.558926e-07 2.432987e-07 1.579129e-07 3.572613e-07 4.287789e-08 5.190347e-07 3.429161e-07 9.100169e-08 2.340208e-07 2.328060e-07 2.315153e-07 8.914672e-08 1.488488e-07 1.486892e-07 2.286900e-07 8.812763e-08 8.665515e-08 1.452013e-07 2.263251e-07 8.733375e-08 2.252973e-07 0.000000e+00 0.000000e+00 0.000000e+00 0.000000e+00 0.000000e+00 3.929830e+00
 3.850000e+01 4.262227e-08 6.991601e-08 1.908190e-08 1.847712e-08 6.517477e-08 1.014204e-07 3.879997e-08 6.396042e-08 3.851496e-08 9.777491e-08 6.142629e-08 3.673921e-08 1.392072e-07 3.540151e-08 1.371393e-07 5.942271e-08 9.325343e-08 6.020190e-08 1.379140e-07 1.625114e-08 2.020678e-07 1.323977e-07 3.459140e-08 8.978290e-08 8.932431e-08 8.883712e-08 3.391555e-08 5.683512e-08 5.677547e-08 8.777092e-08 3.353753e-08 3.297495e-08 5.544725e-08 8.687865e-08 3.324308e-08 8.649092e-08 0.000000e+00 0.000000e+00 0.000000e+00 0.000000e+00 0.000000e+00 3.458349e+00
 4.100000e+01 1.641627e-08 2.704098e-08 7.333993e-09 7.111005e-09 2.524562e-08 3.950130e-08 1.497657e-08 2.478077e-08 1.486825e-08 3.809404e-08 2.381153e-08 1.419385e-08 5.460006e-08 1.368121e-08 5.379521e-08 2.304597e-08 3.635074e-08 2.335058e-08 5.410838e-08 6.269040e-09 7.988143e-08 5.195097e-08 1.337921e-08 3.500211e-08 3.482572e-08 3.463835e-08 1.311858e-08 2.205819e-08 2.203546e-08 3.422839e-08 1.297547e-08 1.275285e-08 2.151529e-08 3.387677e-08 1.285982e-08 3.372796e-08 0.000000e+00 0.000000e+00 0.000000e+00 0.000000e+00 0.000000e+00 3.074405e+00
 4.350000e+01 6.551308e-09 1.083624e-08 2.919944e-09 2.830486e-09 1.011452e-08 1.591454e-08 5.978133e-09 9.929439e-09 5.935331e-09 1.534920e-08 9.543846e-09 5.669019e-09 2.214664e-08 5.465188e-09 2.182053e-08 9.239607e-09 1.464976e-08 9.362516e-09 2.195013e-08 2.499448e-09 3.265874e-08 2.106747e-08 5.345237e-09 1.410431e-08 1.403382e-08 1.395894e-08 5.242799e-09 8.846147e-09 8.837151e-09 1.379515e-08 5.186565e-09 5.098891e-09 8.631552e-09 1.365816e-08 5.142778e-09 1.359866e-08 0.000000e+00 0.000000e+00 0.000000e+00 0.000000e+00 0.000000e+00 2.794244e+00
 4.600000e+01 2.658945e-09 4.414683e-09 1.182533e-09 1.146595e-09 4.125912e-09 6.524444e-09 2.430356e-09 4.050762e-09 2.413087e-09 6.293223e-09 3.894299e-09 2.305700e-09 9.133601e-09 2.223057e-09 8.999292e-09 3.770941e-09 6.004442e-09 3.819296e-09 9.050295e-09 1.014132e-09 1.355786e-08 8.688848e-09 2.175057e-09 5.784310e-09 5.755546e-09 5.724999e-09 2.133843e-09 3.612014e-09 3.608373e-09 5.658188e-09 2.111224e-09 2.075382e-09 3.524385e-09 5.602322e-09 2.093615e-09 5.578058e-09 0.000000e+00 0.000000e+00 0.000000e+00 0.000000e+00 0.000000e+00 2.512461e+00
 4.850000e+01 1.093286e-09 1.822517e-09 4.849715e-10 4.702599e-10 1.701282e-09 2.705031e-09 9.983052e-10 1.670263e-09 9.912273e-10 2.607148e-09 1.604589e-09 9.465037e-10 3.808105e-09 9.126473e-10 3.751927e-09 1.553936e-09 2.488698e-09 1.574931e-09 3.775041e-09 4.157201e-10 5.697067e-09 3.623424e-09 8.937670e-10 2.397342e-09 2.385411e-09 2.372744e-09 8.769357e-10 1.489664e-09 1.488168e-09 2.345044e-09 8.677022e-10 8.529107e-10 1.453428e-09 2.321889e-09 8.605156e-10 2.311834e-09 0.000000e+00 0.000000e+00 0.000000e+00 0.000000e+00 0.000000e+00 2.268811e+00
 5.100000e+01 4.670488e-10 7.813110e-10 2.067080e-10 2.008181e-10 7.298614e-10 1.166050e-09 4.268331e-10 7.165821e-10 4.238199e-10 1.124593e-09 6.889658e-10 4.051019e-10 1.651133e-09 3.905912e-10 1.626724e-09 6.672241e-10 1.073427e-09 6.763108e-10 1.636910e-09 1.775706e-10 2.484906e-09 1.570908e-09 3.825926e-10 1.033995e-09 1.028848e-09 1.023383e-09 3.754149e-10 6.397437e-10 6.391022e-10 1.011435e-09 3.714786e-10 3.651106e-10 6.241283e-10 1.001449e-09 3.684155e-10 9.971132e-10 0.000000e+00 0.000000e+00 0.000000e+00 0.000000e+00 0.000000e+00 1.986768e+00
 5.350000e+01 2.020915e-10 3.394703e-10 8.918742e-11 8.648214e-11 3.167427e-10 5.087733e-10 1.844972e-10 3.109376e-10 1.831882e-10 4.905250e-10 2.988754e-10 1.750635e-10 7.244070e-10 1.687612e-10 7.135974e-10 2.893895e-10 4.680282e-10 2.933616e-10 7.181014e-10 7.654032e-11 1.097669e-09 6.888946e-10 1.653086e-10 4.507111e-10 4.484519e-10 4.460536e-10 1.622016e-10 2.774268e-10 2.771475e-10 4.408117e-10 1.604985e-10 1.580537e-10 2.711627e-10 4.372906e-10 1.595048e-10 4.353846e-10 0.000000e+00 0.000000e+00 0.000000e+00 0.000000e+00 0.000000e+00 1.861925e+00
