#             0.000000e+00 6.699300e-01 9.620200e-01 1.326760e+00 1.412160e+00 1.547000e+00 1.860630e+00 1.952030e+00 2.012920e+00 2.062450e+00 2.081320e+00 2.092130e+00 2.207840e+00 2.336540e+00 2.337400e+00 2.404660e+00 2.430370e+00 2.497190e+00 2.503500e+00 2.505080e+00 2.511060e+00 2.535830e+00 2.547280e+00 2.617950e+00 2.630650e+00 2.672930e+00 2.676840e+00 2.678430e+00 2.682270e+00 2.696660e+00 2.716470e+00 2.764090e+00 2.776360e+00 2.780230e+00 2.808100e+00 2.810000e+00 2.818870e+00 2.832370e+00 2.836750e+00 2.847000e+00 2.857900e+00 2.858900e+00
 1.000000e+00 4.527156e-10 2.913049e-10 3.812249e-10 2.504678e-10 3.414866e-10 3.680603e-10 2.030200e-10 3.142164e-10 3.390774e-10 2.444551e-10 2.835463e-10 1.838745e-10 9.163645e-11 2.626524e-10 2.861069e-10 1.600008e-10 2.551542e-10 3.074041e-10 2.493688e-10 7.120313e-11 2.483270e-10 2.468254e-10 7.690390e-11 2.990695e-10 2.981782e-10 2.361140e-10 2.398657e-11 1.410261e-10 2.945230e-10 2.934943e-10 2.327295e-10 2.886121e-10 2.877121e-10 2.874275e-10 2.853663e-10 2.114357e-10 1.319167e-10 1.310599e-10 2.486770e-10 1.301349e-10 2.089695e-10 2.958412e-05
 3.500000e+00 2.310553e-01 1.402117e-01 2.441901e-01 2.057545e-01 2.342287e-01 2.106314e-01 1.916169e-01 2.179911e-01 2.023689e-01 1.288792e-01 2.168851e-01 1.848642e-01 1.228219e-01 2.093754e-01 2.076655e-01 1.750948e-01 2.064864e-01 1.924976e-01 2.041875e-01 1.125531e-01 1.241131e-01 2.031581e-01 1.142343e-01 1.898288e-01 1.895434e-01 1.987057e-01 6.098522e-02 1.659155e-01 1.883743e-01 1.880458e-01 1.972629e-01 1.864916e-01 1.862062e-01 1.861160e-01 1.854642e-01 1.204205e-01 1.609920e-01 1.605115e-01 1.926726e-01 1.599894e-01 1.198161e-01 8.367471e+01
 6.000000e+00 2.936987e-01 1.601041e-01 3.554047e-01 3.668701e-01 3.452494e-01 2.700757e-01 3.522525e-01 3.324788e-01 2.622651e-01 1.477564e-01 3.293641e-01 3.457517e-01 3.130477e-01 3.230214e-01 3.230867e-01 3.367965e-01 3.206444e-01 2.537111e-01 3.187740e-01 3.053343e-01 1.450399e-01 3.179418e-01 3.026221e-01 2.514963e-01 2.512613e-01 3.143762e-01 2.440397e-01 3.287559e-01 2.503017e-01 2.500330e-01 3.132309e-01 2.487662e-01 2.485344e-01 2.484612e-01 2.479327e-01 1.403032e-01 3.245484e-01 3.241407e-01 3.103208e-01 3.236982e-01 1.397995e-01 5.602433e+02
 8.500000e+00 7.181799e-02 3.612352e-02 9.438626e-02 1.119782e-01 9.170625e-02 6.547569e-02 1.081313e-01 8.895597e-02 6.343274e-02 3.289167e-02 8.757682e-02 1.064238e-01 1.155235e-01 8.595825e-02 8.656498e-02 1.040823e-01 8.535743e-02 6.124566e-02 8.488707e-02 1.133932e-01 3.239896e-02 8.467855e-02 1.126356e-01 6.069058e-02 6.063198e-02 8.379040e-02 1.133036e-01 1.019983e-01 6.039340e-02 6.032677e-02 8.350705e-02 6.001386e-02 5.995680e-02 5.993879e-02 5.980902e-02 3.106234e-02 1.009178e-01 1.008135e-01 8.338852e-02 1.007004e-01 3.094326e-02 4.684809e+02
 1.100000e+01 1.351828e-02 6.422858e-03 1.876489e-02 2.430158e-02 1.824205e-02 1.226749e-02 2.353787e-02 1.773858e-02 1.189278e-02 5.852461e-03 1.745693e-02 2.320332e-02 2.782006e-02 1.715390e-02 1.728993e-02 2.274757e-02 1.704188e-02 1.150163e-02 1.695434e-02 2.733634e-02 5.789885e-03 1.691557e-02 2.723152e-02 1.140361e-02 1.139328e-02 1.675066e-02 3.092035e-02 2.234389e-02 1.135129e-02 1.133958e-02 1.669812e-02 1.128464e-02 1.127463e-02 1.127147e-02 1.124873e-02 5.545446e-03 2.213503e-02 2.211489e-02 1.670225e-02 2.209304e-02 5.525654e-03 2.801101e+02
 1.350000e+01 2.560570e-03 1.168272e-03 3.656659e-03 5.041339e-03 3.549869e-03 2.306011e-03 4.876681e-03 3.486910e-03 2.230087e-03 1.059791e-03 3.391958e-03 4.805497e-03 6.137585e-03 3.332219e-03 3.395016e-03 4.709748e-03 3.310341e-03 2.152338e-03 3.293323e-03 6.071978e-03 1.048304e-03 3.285808e-03 6.011923e-03 2.133171e-03 2.131161e-03 3.254007e-03 7.386957e-03 4.626269e-03 2.123001e-03 2.120729e-03 3.243930e-03 2.110103e-03 2.108172e-03 2.107564e-03 2.103183e-03 1.003340e-03 4.583599e-03 4.579503e-03 3.277340e-03 4.575065e-03 9.997804e-04 2.072077e+02
 1.600000e+01 5.019482e-04 2.241820e-04 7.396181e-04 1.077461e-03 7.195361e-04 4.565714e-04 1.043831e-03 7.173816e-04 4.424360e-04 2.049782e-04 6.891559e-04 1.029017e-03 1.368348e-03 6.774419e-04 6.990087e-04 1.008835e-03 6.731228e-04 4.275966e-04 6.697528e-04 1.361834e-03 2.033620e-04 6.682621e-04 1.340944e-03 4.238822e-04 4.234914e-04 6.619351e-04 1.745985e-03 9.910174e-04 4.219025e-04 4.214596e-04 6.599244e-04 4.193836e-04 4.190058e-04 4.188866e-04 4.180285e-04 1.944893e-04 9.818394e-04 9.809561e-04 6.749761e-04 9.799986e-04 1.938168e-04 1.875559e+02
 1.850000e+01 1.040865e-04 4.588453e-05 1.579698e-04 2.409726e-04 1.541924e-04 9.571670e-05 2.344093e-04 1.552572e-04 9.317184e-05 4.244127e-05 1.485145e-04 2.315178e-04 3.172000e-04 1.463243e-04 1.518163e-04 2.275661e-04 1.455153e-04 9.050184e-05 1.448833e-04 3.179989e-04 4.242273e-05 1.446034e-04 3.115500e-04 8.983135e-05 8.976073e-05 1.434139e-04 4.251850e-04 2.240565e-04 8.947346e-05 8.939331e-05 1.430351e-04 8.901737e-05 8.894889e-05 8.892730e-05 8.877167e-05 4.057231e-05 2.222383e-04 2.220629e-04 1.472903e-04 2.218726e-04 4.045178e-05 1.769395e+02
 2.100000e+01 2.280153e-05 9.942926e-06 3.529344e-05 5.552347e-05 3.449615e-05 2.104698e-05 5.410456e-05 3.484433e-05 2.053135e-05 9.244410e-06 3.332067e-05 5.348977e-05 7.515831e-05 3.287470e-05 3.413508e-05 5.265935e-05 3.271098e-05 2.000027e-05 3.258345e-05 7.602085e-05 9.287101e-06 3.252709e-05 7.393845e-05 1.986847e-05 1.985462e-05 3.228820e-05 1.050237e-04 5.193080e-05 1.979836e-05 1.978268e-05 3.221235e-05 1.970924e-05 1.969588e-05 1.969167e-05 1.966134e-05 8.878591e-06 5.155638e-05 5.152036e-05 3.321918e-05 5.148132e-05 8.855310e-06 1.709225e+02
 2.350000e+01 5.338546e-06 2.308273e-06 8.380955e-06 1.346602e-05 8.195518e-06 4.938857e-06 1.312175e-05 8.285873e-06 4.821717e-06 2.152041e-06 7.923234e-06 1.297339e-05 1.859307e-05 7.820505e-06 8.121499e-06 1.277403e-05 7.782898e-06 4.701713e-06 7.753646e-06 1.896573e-05 2.169604e-06 7.740731e-06 1.829691e-05 4.672070e-06 4.668959e-06 7.686077e-06 2.688370e-05 1.260029e-05 4.656328e-06 4.652810e-06 7.668758e-06 4.636348e-06 4.633357e-06 4.632413e-06 4.625623e-06 2.070894e-06 1.251149e-05 1.250296e-05 7.910866e-06 1.249373e-05 2.065762e-06 1.627027e+02
 2.600000e+01 1.321755e-06 5.682348e-07 2.099429e-06 3.429539e-06 2.054715e-06 1.227427e-06 3.343540e-06 2.079101e-06 1.199561e-06 5.316907e-07 1.988800e-06 3.306373e-06 4.813300e-06 1.963857e-06 2.039286e-06 3.256342e-06 1.954717e-06 1.170906e-06 1.947599e-06 4.939057e-06 5.379547e-07 1.944458e-06 4.737762e-06 1.163815e-06 1.163070e-06 1.931161e-06 7.159291e-06 3.212665e-06 1.160046e-06 1.159204e-06 1.926946e-06 1.155262e-06 1.154545e-06 1.154319e-06 1.152693e-06 5.125726e-07 3.190328e-06 3.188183e-06 1.988131e-06 3.185860e-06 5.113610e-07 1.538623e+02
 2.850000e+01 3.438810e-07 1.473260e-07 5.511358e-07 9.115354e-07 5.400145e-07 3.207503e-07 8.897295e-07 5.472516e-07 3.139029e-07 1.384230e-07 5.235983e-07 8.802936e-07 1.298668e-06 5.173751e-07 5.373452e-07 8.675761e-07 5.150926e-07 3.068455e-07 5.133158e-07 1.338243e-06 1.404950e-07 5.125308e-07 1.279106e-06 3.050953e-07 3.049115e-07 5.092062e-07 1.978849e-06 8.564578e-07 3.041648e-07 3.039567e-07 5.081518e-07 3.029827e-07 3.028056e-07 3.027497e-07 3.023476e-07 1.337484e-07 8.507631e-07 8.502160e-07 5.245893e-07 8.496232e-07 1.334514e-07 1.450882e+02
 3.100000e+01 9.439424e-08 4.036145e-08 1.522560e-07 2.540232e-07 1.493354e-07 8.837921e-08 2.482340e-07 1.515903e-07 8.660415e-08 3.806152e-08 1.450328e-07 2.457330e-07 3.666859e-07 1.434038e-07 1.490035e-07 2.423654e-07 1.428068e-07 8.477644e-08 1.423420e-07 3.789466e-07 3.871945e-08 1.421366e-07 3.614237e-07 8.432329e-08 8.427569e-08 1.412669e-07 5.702389e-07 2.394240e-07 8.408236e-08 8.402850e-08 1.409911e-07 8.377631e-08 8.373045e-08 8.371599e-08 8.361188e-08 3.685634e-08 2.379179e-07 2.377732e-07 1.456755e-07 2.376165e-07 3.677979e-08 1.362795e+02
 3.350000e+01 2.699345e-08 1.152989e-08 4.374142e-08 7.343823e-08 4.293590e-08 2.534708e-08 7.182654e-08 4.364173e-08 2.486300e-08 1.090421e-08 4.175161e-08 7.113204e-08 1.071463e-07 4.130425e-08 4.293300e-08 7.019828e-08 4.114034e-08 2.436539e-08 4.101281e-08 1.109148e-07 1.111015e-08 4.095649e-08 1.056686e-07 2.424217e-08 2.422923e-08 4.071805e-08 1.693314e-07 6.938390e-08 2.417668e-08 2.416204e-08 4.064247e-08 2.409350e-08 2.408104e-08 2.407711e-08 2.404883e-08 1.057744e-08 6.896741e-08 6.892742e-08 4.202278e-08 6.888410e-08 1.055671e-08 1.283078e+02
 3.600000e+01 7.984008e-09 3.408885e-09 1.298241e-08 2.189797e-08 1.275151e-08 7.514989e-09 2.143245e-08 1.297433e-08 7.377279e-09 3.231415e-09 1.241253e-08 2.123200e-08 3.222058e-08 1.228458e-08 1.277196e-08 2.096274e-08 1.223772e-08 7.235862e-09 1.220127e-08 3.337658e-08 3.296135e-09 1.218518e-08 3.178976e-08 7.200868e-09 7.197194e-09 1.211705e-08 5.153972e-08 2.072815e-08 7.182273e-09 7.178117e-09 1.209546e-08 7.158662e-09 7.155126e-09 7.154011e-09 7.145983e-09 3.138882e-09 2.060827e-08 2.059676e-08 1.251237e-08 2.058429e-08 3.133017e-09 1.211738e+02
 3.850000e+01 2.418207e-09 1.032621e-09 3.942429e-09 6.672039e-09 3.874575e-09 2.280982e-09 6.534253e-09 3.945542e-09 2.240668e-09 9.808144e-10 3.774915e-09 6.475002e-09 9.883332e-09 3.737339e-09 3.886174e-09 6.395441e-09 3.723581e-09 2.199319e-09 3.712880e-09 1.023826e-08 1.001257e-09 3.708154e-09 9.754723e-09 2.189089e-09 2.188015e-09 3.688157e-09 1.595537e-08 6.326152e-09 2.183654e-09 2.182439e-09 3.681819e-09 2.176752e-09 2.175719e-09 2.175393e-09 2.173046e-09 9.538215e-10 6.290756e-09 6.287359e-09 3.810052e-09 6.283678e-09 9.521110e-10 1.144572e+02
 4.100000e+01 7.601918e-10 3.247945e-10 1.241830e-09 2.106399e-09 1.221106e-09 7.184378e-10 2.064184e-09 1.244388e-09 7.061851e-10 3.090546e-10 1.190704e-09 2.046019e-09 3.137176e-09 1.179236e-09 1.226286e-09 2.021634e-09 1.175037e-09 6.936062e-10 1.171771e-09 3.249154e-09 3.156647e-10 1.170330e-09 3.097393e-09 6.904943e-10 6.901675e-10 1.164227e-09 5.101293e-09 2.000402e-09 6.888407e-10 6.884712e-10 1.162294e-09 6.867414e-10 6.864270e-10 6.863278e-10 6.856140e-10 3.008519e-10 1.989557e-09 1.988516e-09 1.203078e-09 1.987389e-09 3.003322e-10 1.121338e+02
 4.350000e+01 2.489260e-10 1.064420e-10 4.072700e-10 6.918245e-10 4.006722e-10 2.356633e-10 6.783448e-10 4.085321e-10 2.317662e-10 1.014426e-10 3.909808e-10 6.725273e-10 1.034817e-09 3.873305e-10 4.027756e-10 6.647428e-10 3.859942e-10 2.277727e-10 3.849549e-10 1.071470e-09 1.036456e-10 3.844960e-10 1.022016e-09 2.267848e-10 2.266810e-10 3.825541e-10 1.692072e-09 6.579664e-10 2.262598e-10 2.261425e-10 3.819387e-10 2.255934e-10 2.254936e-10 2.254621e-10 2.252355e-10 9.883910e-11 6.545056e-10 6.541735e-10 3.953968e-10 6.538137e-10 9.867412e-11 1.060822e+02
 4.600000e+01 8.395451e-11 3.593548e-11 1.375284e-10 2.338079e-10 1.353579e-10 7.960255e-11 2.293661e-10 1.380706e-10 7.832660e-11 3.429588e-11 1.321762e-10 2.274563e-10 3.509264e-10 1.309768e-10 1.361809e-10 2.248936e-10 1.305378e-10 7.701714e-11 1.301963e-10 3.632348e-10 3.504565e-11 1.300456e-10 3.466835e-10 7.669324e-11 7.665924e-11 1.294077e-10 5.761465e-10 2.226633e-10 7.652115e-11 7.648269e-11 1.292056e-10 7.630267e-11 7.626995e-11 7.625963e-11 7.618535e-11 3.344192e-11 2.215245e-10 2.214152e-10 1.337594e-10 2.212968e-10 3.338781e-11 1.004688e+02
 4.850000e+01 2.910293e-11 1.247099e-11 4.772157e-11 8.115342e-11 4.698724e-11 2.763168e-11 7.964425e-11 4.793725e-11 2.719933e-11 1.191608e-11 4.590821e-11 7.899714e-11 1.221247e-10 4.550233e-11 4.729840e-11 7.812898e-11 4.535378e-11 2.675693e-11 4.523826e-11 1.263545e-10 1.217664e-11 4.518725e-11 1.206792e-10 2.664752e-11 2.663603e-11 4.497144e-11 2.010742e-10 7.737363e-11 2.658939e-11 2.657640e-11 4.490306e-11 2.651559e-11 2.650454e-11 2.650105e-11 2.647596e-11 1.162737e-11 7.698800e-11 7.695100e-11 4.647995e-11 7.691091e-11 1.160908e-11 9.523165e+01
 5.100000e+01 1.024846e-11 4.397101e-12 1.681809e-11 2.859297e-11 1.656472e-11 9.741846e-12 2.807382e-11 1.690133e-11 9.593439e-12 4.206005e-12 1.619356e-11 2.785074e-11 4.311728e-11 1.605372e-11 1.668143e-11 2.755152e-11 1.600255e-11 9.441195e-12 1.596275e-11 4.458785e-11 4.297447e-12 1.594518e-11 4.261663e-11 9.403546e-12 9.399594e-12 1.587084e-11 7.112223e-11 2.729124e-11 9.383545e-12 9.379075e-12 1.584729e-11 9.358153e-12 9.354351e-12 9.353151e-12 9.344519e-12 4.106547e-12 2.715838e-11 2.714563e-11 1.639978e-11 2.713182e-11 4.100248e-12 9.446835e+01
 5.350000e+01 3.826361e-12 1.643775e-12 6.283645e-12 1.067773e-11 6.190461e-12 3.640872e-12 1.048703e-11 6.315935e-12 3.586602e-12 1.573686e-12 6.054603e-12 1.040539e-11 1.612675e-11 6.003425e-12 6.235537e-12 1.029589e-11 5.984698e-12 3.530936e-12 5.970134e-12 1.666775e-11 1.607570e-12 5.963705e-12 1.594278e-11 3.517172e-12 3.515727e-12 5.936504e-12 2.663346e-11 1.020066e-11 3.509859e-12 3.508225e-12 5.927886e-12 3.500576e-12 3.499186e-12 3.498748e-12 3.495592e-12 1.537274e-12 1.015206e-11 1.014740e-11 6.132575e-12 1.014234e-11 1.534968e-12 8.346861e+01
