$SPEC_ID:
Cs137
$SPEC_REM:
DET# 2
DETDESC# DETECTOR 2
AP# Maestro Version 7.01
$DATE_MEA:
02/12/2017 19:57:38
$MEAS_TIM:
600 649
$DATA:
0 8191
       0
       0
       0
       0
       0
       0
       0
       0
       0
       0
       0
       0
       0
       0
       0
       0
       0
       0
       0
       0
       0
       0
       0
       0
       0
       0
       0
       0
       0
       0
       0
       0
       0
       0
       0
       0
       0
       0
       0
       0
       0
       0
       0
       0
       0
       0
       0
       0
       0
       0
       0
       0
       0
       0
       0
       0
       0
       0
       0
       0
       0
       0
       0
       0
       0
       0
       0
       0
       0
       0
       0
       0
       0
       0
       0
       0
       0
       0
       0
       0
       0
       0
       0
       0
       0
       0
       0
       0
       0
       0
       0
       0
       0
       0
       0
       1
      58
     978
    1610
    1654
    1587
    1632
    1615
    1653
    1653
    1598
    1639
    1724
    1643
    1668
    1662
    1580
    1634
    1623
    1629
    1608
    1606
    1689
    1731
    1709
    1624
    1739
    1768
    1759
    1669
    1742
    1731
    1762
    1732
    1810
    1714
    1742
    1721
    1753
    1660
    1713
    1709
    1721
    1746
    1636
    1698
    1765
    1739
    1745
    1772
    1851
    1747
    1845
    1806
    1897
    1895
    1985
    1921
    1949
    2101
    2085
    2062
    2074
    2091
    2048
    2023
    1979
    2143
    2145
    2117
    2022
    2062
    2208
    2135
    2152
    2141
    2133
    2217
    2184
    2286
    2181
    2246
    2276
    2244
    2304
    2225
    2316
    2393
    2350
    2349
    2445
    2729
    3941
    6241
    7759
    6589
    4497
    3990
    6486
   10797
   11642
    8028
    4459
    2915
    2431
    2199
    2081
    1995
    2058
    1955
    2010
    1970
    1975
    1915
    1989
    1973
    1940
    1928
    1987
    1942
    1922
    1988
    2259
    3027
    4349
    5557
    5243
    3925
    2882
    2284
    2483
    2783
    3016
    2846
    2470
    2207
    2053
    1914
    1899
    1939
    2008
    1955
    2046
    2043
    2077
    2093
    2076
    2145
    2131
    2084
    2060
    2123
    2002
    2082
    2053
    2048
    2061
    2066
    2042
    2034
    2079
    2025
    2022
    1957
    2030
    2036
    2025
    1983
    1978
    1959
    2008
    2099
    2042
    2068
    2002
    2033
    2082
    2028
    2084
    2010
    2055
    2063
    2136
    2098
    2096
    2150
    2134
    2159
    2152
    2212
    2196
    2175
    2205
    2187
    2315
    2336
    2366
    2393
    2309
    2417
    2344
    2380
    2411
    2354
    2409
    2294
    2403
    2440
    2355
    2397
    2434
    2426
    2396
    2410
    2265
    2442
    2313
    2356
    2325
    2314
    2368
    2372
    2363
    2374
    2259
    2397
    2296
    2388
    2355
    2284
    2267
    2357
    2301
    2299
    2316
    2303
    2364
    2334
    2345
    2256
    2282
    2297
    2277
    2284
    2234
    2305
    2418
    2480
    2591
    3365
    4064
    3961
    3202
    2680
    2412
    2401
    2411
    2418
    2507
    2418
    2528
    2439
    2415
    2389
    2454
    2361
    2190
    2212
    2188
    2781
    6345
   16780
   30127
   31765
   20324
    9626
    4771
    3177
    2534
    2356
    2226
    2068
    1965
    1923
    1865
    1891
    1831
    1755
    1788
    1764
    1778
    1793
    1759
    1781
    1774
    1803
    1813
    1772
    1742
    1742
    1744
    1801
    1883
    1831
    1765
    1872
    1824
    1784
    1792
    1755
    1750
    1728
    1702
    1833
    1804
    1783
    1818
    1861
    1730
    1703
    1829
    1785
    1720
    1800
    1781
    1880
    1871
    1738
    1797
    1837
    1819
    1858
    1751
    1778
    1825
    1843
    1887
    1827
    1881
    1844
    1825
    1853
    1824
    1955
    1907
    1982
    1994
    2038
    2073
    2173
    2302
    2204
    2142
    2219
    2265
    2268
    2218
    2215
    2226
    2299
    2320
    2260
    2173
    2170
    2219
    2226
    2223
    2211
    2209
    2161
    2220
    2263
    2208
    2261
    2159
    2207
    2198
    2109
    2160
    2126
    2111
    2112
    2121
    2138
    2126
    2068
    2083
    2137
    2107
    2056
    2087
    2074
    2046
    1962
    1933
    2036
    2097
    1974
    2000
    1956
    1985
    1948
    2024
    2050
    2004
    1986
    1970
    1931
    1920
    1873
    1950
    1948
    1988
    1968
    1837
    1922
    1846
    1849
    2003
    1891
    1979
    1903
    1821
    1976
    1752
    1886
    1924
    1868
    1905
    1900
    2138
    2619
    3053
    2973
    2516
    2130
    1961
    1864
    1875
    1836
    1863
    1841
    1831
    1795
    1825
    1774
    1831
    1848
    1929
    1870
    1801
    1814
    1818
    1804
    1765
    1841
    1836
    1843
    1875
    1771
    1773
    1885
    1822
    1845
    1862
    1763
    1852
    1804
    1774
    1865
    1802
    1784
    1775
    1773
    1769
    1774
    1894
    1845
    1772
    1822
    1778
    1799
    1702
    1788
    1769
    1775
    1730
    1825
    1658
    1741
    1756
    1723
    1753
    1677
    1819
    1650
    1765
    1779
    1762
    1744
    1738
    1800
    1748
    1762
    1780
    1765
    1780
    1732
    1755
    1694
    1750
    1759
    1708
    1823
    1750
    1747
    1712
    1729
    1704
    1774
    1725
    1774
    1743
    1734
    1752
    1701
    1717
    1710
    1702
    1746
    1660
    1703
    1776
    1697
    1734
    1724
    1751
    1651
    1709
    1687
    1718
    1740
    1621
    1690
    1721
    1741
    1716
    1662
    1673
    1715
    1654
    1768
    1682
    1735
    1763
    1738
    1763
    1703
    1655
    1679
    1804
    1763
    1679
    1639
    1692
    1799
    1734
    1765
    1689
    1758
    1701
    1634
    1659
    1671
    1691
    1757
    1707
    1741
    1682
    1699
    1690
    1780
    1655
    1689
    1725
    1691
    1679
    1742
    1756
    1701
    1699
    1740
    1717
    1715
    1719
    1707
    1726
    1729
    1713
    1700
    1776
    1641
    1635
    1780
    1719
    1692
    1672
    1696
    1745
    1711
    1627
    1618
    1715
    1711
    1665
    1715
    1684
    1801
    1744
    1743
    1752
    1629
    1678
    1667
    1657
    1755
    1741
    1718
    1752
    1748
    1700
    1734
    1733
    1733
    1755
    1732
    1744
    1769
    1651
    1681
    1749
    1795
    1693
    1718
    1728
    1690
    1695
    1715
    1693
    1654
    1704
    1734
    1722
    1745
    1763
    1740
    1744
    1773
    1762
    1710
    1749
    1804
    1750
    1737
    1752
    1765
    1707
    1756
    1820
    1757
    1727
    1784
    1774
    1815
    1833
    1717
    1786
    1756
    1836
    1785
    1828
    1695
    1812
    1737
    1811
    1874
    1743
    1771
    1760
    1798
    1718
    1787
    1805
    1770
    1783
    1857
    1689
    1743
    1809
    1834
    1734
    1853
    1848
    1867
    1788
    1783
    1911
    1841
    1797
    1774
    1847
    1800
    1800
    1846
    1788
    1771
    1727
    1837
    1827
    1858
    1835
    1848
    1800
    1819
    1845
    1830
    1879
    1880
    1843
    1940
    1947
    1888
    1921
    1884
    1863
    1939
    1800
    1878
    1744
    1916
    1940
    1908
    1898
    1870
    1886
    1934
    1910
    1889
    1931
    1959
    1852
    1871
    1931
    1889
    1910
    1835
    1906
    1961
    1898
    1889
    1890
    1940
    1969
    1875
    1949
    1966
    1923
    1852
    1931
    1930
    1920
    1930
    1936
    1943
    1851
    1888
    1884
    1875
    1846
    1812
    1857
    1815
    1861
    1871
    1812
    1823
    1792
    1739
    1689
    1699
    1692
    1792
    1635
    1608
    1509
    1577
    1510
    1531
    1506
    1414
    1448
    1374
    1389
    1434
    1376
    1362
    1353
    1385
    1289
    1363
    1354
    1243
    1323
    1377
    1241
    1225
    1315
    1240
    1279
    1279
    1189
    1217
    1314
    1197
    1165
    1135
    1234
    1192
    1149
    1123
    1146
    1157
    1220
    1252
    1239
    1234
    1147
    1189
    1183
    1075
    1128
    1126
    1115
    1088
    1109
    1111
    1075
    1103
    1169
    1164
    1114
    1088
    1033
    1038
    1054
    1076
    1057
    1116
    1065
     976
    1022
    1078
     992
     981
    1058
    1032
     993
    1061
    1046
    1040
    1127
    1315
    1469
    1351
    1244
    1099
    1039
    1070
    1001
     955
     946
     957
     971
     976
     949
     980
     928
     968
     878
     902
     918
     928
     970
    1037
    1053
    1340
    1632
    1919
    1756
    1456
    1130
     990
    1007
     952
     944
     948
     834
     919
     889
     859
     881
     841
     894
     900
     871
     918
     889
     966
     891
     876
     874
     863
     871
     895
     889
     850
     845
     829
     832
     791
     839
     884
     848
     795
     800
     816
     791
     820
     788
     779
     812
     754
     785
     800
     791
     777
     805
     763
     759
     770
     814
     767
     735
     786
     755
     770
     716
     738
     696
     768
     705
     737
     764
     700
     768
     764
     737
     686
     710
     756
     756
     690
     714
     749
     710
     698
     710
     659
     670
     724
     662
     727
     709
     705
     685
     691
     698
     655
     705
     683
     686
     658
     639
     680
     668
     622
     681
     642
     749
     652
     680
     674
     662
     659
     592
     647
     646
     658
     639
     677
     665
     651
     577
     640
     622
     641
     667
     645
     664
     662
     654
     618
     634
     655
     602
     634
     639
     658
     644
     622
     629
     629
     622
     647
     659
     651
     608
     647
     577
     645
     652
     659
     648
     625
     658
     590
     700
     585
     613
     656
     648
     659
     644
     612
     604
     627
     616
     619
     646
     597
     618
     612
     630
     604
     641
     641
     623
     584
     591
     628
     594
     598
     575
     587
     580
     619
     593
     607
     567
     598
     589
     583
     586
     618
     606
     599
     617
     617
     572
     597
     593
     584
     619
     652
     595
     616
     634
     595
     598
     615
     551
     590
     605
     578
     647
     597
     579
     572
     633
     619
     599
     531
     608
     576
     596
     587
     568
     590
     595
     570
     609
     556
     509
     569
     553
     519
     596
     509
     563
     596
     540
     560
     558
     555
     563
     518
     534
     545
     481
     547
     538
     562
     533
     554
     548
     568
     529
     491
     532
     531
     544
     599
     750
     909
    1023
    1003
     850
     704
     599
     609
     573
     560
     509
     508
     492
     509
     563
     535
     595
     569
     509
     510
     473
     499
     482
     436
     486
     502
     441
     536
     457
     471
     439
     481
     483
     449
     430
     455
     505
     446
     459
     467
     448
     454
     454
     492
     433
     445
     487
     453
     440
     438
     471
     450
     440
     448
     434
     446
     465
     460
     476
     492
     496
     496
     457
     417
     478
     474
     480
     460
     551
     661
    1005
    1877
    3345
    5104
    6266
    5884
    5122
    5673
    8076
   12559
   19975
   29312
   39200
   47970
   52595
   51598
   44988
   35684
   25939
   17658
   11461
    7180
    4532
    2953
    2006
    1511
    1095
     919
     655
     589
     512
     505
     477
     491
     486
     477
     417
     372
     399
     349
     417
     360
     329
     348
     352
     361
     351
     309
     343
     313
     337
     355
     315
     333
     316
     333
     313
     312
     284
     312
     288
     304
     278
     288
     340
     285
     289
     311
     318
     374
     422
     372
     375
     314
     306
     300
     305
     280
     323
     284
     291
     299
     265
     268
     317
     310
     266
     265
     262
     250
     303
     259
     271
     292
     282
     290
     263
     276
     282
     279
     260
     246
     241
     257
     237
     251
     262
     264
     264
     254
     257
     251
     263
     259
     255
     269
     237
     282
     277
     274
     275
     222
     268
     270
     275
     269
     300
     354
     465
     661
     847
     832
     712
     456
     345
     307
     306
     284
     271
     239
     278
     242
     244
     245
     278
     300
     271
     278
     241
     277
     242
     221
     240
     253
     261
     248
     264
     263
     256
     247
     258
     245
     218
     259
     284
     283
     290
     263
     274
     212
     248
     283
     228
     281
     221
     267
     271
     226
     235
     253
     234
     257
     268
     223
     252
     260
     236
     230
     274
     266
     248
     243
     238
     232
     248
     237
     235
     250
     240
     223
     237
     249
     276
     236
     236
     269
     228
     268
     283
     316
     492
     932
    1881
    3245
    4629
    5071
    4169
    2702
    1511
     793
     544
     414
     362
     297
     303
     267
     266
     223
     243
     218
     246
     234
     250
     226
     252
     215
     249
     239
     215
     232
     231
     233
     222
     229
     219
     212
     237
     224
     234
     217
     255
     220
     248
     216
     223
     232
     248
     206
     194
     218
     227
     213
     222
     206
     237
     223
     212
     221
     209
     224
     235
     229
     230
     209
     226
     209
     210
     211
     235
     211
     243
     219
     218
     211
     228
     238
     216
     217
     208
     209
     237
     201
     211
     226
     228
     218
     239
     221
     187
     228
     218
     216
     214
     211
     218
     225
     227
     230
     250
     215
     247
     221
     243
     202
     218
     224
     217
     188
     214
     213
     239
     222
     192
     206
     224
     205
     227
     232
     238
     211
     197
     221
     211
     203
     186
     238
     199
     224
     202
     230
     234
     208
     215
     222
     231
     198
     205
     222
     215
     221
     218
     220
     211
     235
     224
     218
     208
     196
     224
     226
     201
     229
     181
     226
     203
     195
     214
     216
     218
     196
     227
     214
     196
     204
     199
     182
     207
     221
     232
     253
     236
     238
     229
     187
     219
     199
     200
     199
     213
     218
     211
     232
     194
     207
     239
     290
     346
     425
     423
     371
     319
     256
     212
     205
     190
     214
     170
     210
     217
     206
     206
     226
     178
     224
     182
     185
     252
     205
     190
     223
     205
     211
     228
     201
     208
     213
     189
     164
     184
     193
     214
     195
     187
     210
     190
     193
     198
     193
     206
     205
     196
     199
     175
     176
     173
     205
     231
     194
     204
     204
     189
     205
     192
     198
     203
     225
     196
     199
     217
     203
     209
     208
     210
     209
     224
     192
     219
     226
     216
     202
     201
     196
     186
     224
     212
     199
     172
     172
     186
     191
     186
     191
     193
     188
     180
     196
     182
     197
     178
     200
     180
     204
     207
     161
     194
     162
     199
     169
     188
     194
     195
     188
     187
     170
     190
     181
     186
     202
     204
     177
     176
     180
     212
     192
     195
     191
     191
     175
     193
     172
     199
     204
     178
     198
     183
     190
     178
     172
     199
     188
     195
     197
     196
     192
     188
     173
     185
     191
     197
     191
     146
     212
     174
     171
     198
     191
     181
     155
     177
     179
     203
     182
     184
     180
     169
     189
     215
     212
     193
     174
     154
     181
     166
     170
     178
     181
     166
     175
     191
     178
     183
     188
     159
     178
     194
     165
     185
     133
     163
     202
     170
     193
     187
     169
     192
     181
     176
     184
     170
     197
     161
     161
     161
     175
     170
     142
     177
     178
     166
     167
     180
     196
     156
     177
     183
     174
     174
     194
     197
     211
     171
     163
     195
     192
     173
     178
     159
     187
     185
     200
     207
     206
     181
     179
     165
     153
     181
     168
     165
     189
     173
     164
     166
     172
     144
     190
     180
     145
     146
     192
     173
     185
     177
     169
     173
     170
     162
     174
     176
     164
     159
     166
     172
     191
     164
     183
     171
     167
     178
     158
     200
     176
     169
     168
     173
     183
     188
     181
     162
     152
     171
     175
     162
     170
     163
     188
     168
     176
     161
     173
     147
     185
     183
     193
     177
     222
     251
     302
     349
     306
     340
     298
     236
     193
     186
     173
     168
     190
     174
     178
     139
     186
     170
     147
     159
     158
     157
     174
     192
     194
     225
     235
     206
     212
     181
     170
     167
     156
     152
     183
     162
     192
     174
     166
     178
     177
     137
     195
     161
     169
     175
     154
     138
     182
     150
     169
     167
     170
     171
     181
     176
     173
     167
     178
     141
     135
     164
     172
     172
     177
     171
     149
     167
     156
     169
     166
     167
     180
     150
     184
     165
     170
     149
     169
     161
     160
     167
     148
     163
     152
     173
     171
     171
     156
     182
     169
     150
     184
     175
     166
     152
     169
     154
     138
     164
     139
     178
     153
     174
     168
     175
     165
     149
     155
     177
     165
     140
     175
     151
     171
     146
     182
     183
     147
     148
     149
     139
     141
     144
     151
     158
     167
     160
     185
     174
     157
     187
     172
     170
     184
     181
     164
     167
     165
     167
     159
     158
     176
     176
     170
     167
     153
     157
     160
     196
     179
     176
     196
     237
     229
     232
     210
     204
     161
     181
     170
     169
     160
     151
     158
     172
     140
     186
     164
     177
     170
     142
     173
     154
     174
     164
     148
     190
     163
     149
     176
     162
     159
     150
     176
     163
     153
     175
     162
     179
     233
     239
     298
     433
     663
     825
    1035
     956
     748
     569
     368
     277
     242
     220
     194
     169
     210
     170
     194
     171
     146
     175
     172
     181
     169
     182
     187
     167
     159
     176
     171
     146
     180
     156
     159
     157
     186
     177
     171
     168
     181
     154
     181
     145
     170
     179
     185
     174
     172
     155
     187
     167
     169
     214
     181
     213
     192
     240
     238
     214
     199
     190
     177
     196
     167
     165
     194
     165
     185
     184
     166
     149
     170
     181
     162
     164
     159
     166
     179
     180
     158
     175
     164
     171
     170
     167
     180
     176
     164
     155
     161
     181
     170
     188
     166
     176
     180
     190
     177
     163
     159
     172
     176
     186
     165
     161
     188
     187
     185
     220
     175
     180
     154
     174
     185
     155
     174
     187
     163
     167
     167
     174
     184
     163
     210
     234
     273
     309
     321
     297
     303
     223
     185
     186
     204
     177
     166
     206
     169
     165
     147
     194
     201
     202
     171
     179
     155
     190
     154
     187
     200
     179
     187
     180
     179
     176
     166
     175
     194
     181
     185
     170
     190
     194
     177
     175
     189
     178
     206
     172
     199
     246
     316
     410
     578
     802
     854
     916
     806
     587
     405
     310
     199
     209
     204
     206
     192
     208
     168
     184
     181
     159
     204
     185
     172
     171
     191
     154
     187
     185
     177
     185
     175
     217
     243
     264
     315
     390
     372
     368
     334
     244
     227
     158
     160
     148
     147
     170
     156
     137
     146
     162
     148
     127
     160
     139
     133
     138
     151
     155
     119
     136
     134
     156
     131
     144
     149
     134
     147
     152
     133
     169
     159
     173
     199
     182
     143
     141
     155
     160
     127
     140
     165
     132
     151
     159
     161
     128
     120
     116
     132
     147
     125
     133
     134
     143
     145
     113
     133
     132
     136
     120
     149
     153
     144
     117
     124
     134
     118
     144
     113
     132
     110
     124
     114
     124
     122
     129
     160
     122
     112
     132
     134
     119
     117
     124
     140
     105
     114
     153
     125
     122
     112
     114
     153
     125
     114
     109
     118
     104
     109
     123
     113
     146
     144
     115
     119
     119
     110
     122
     140
     128
     151
     123
     135
     133
     122
     148
     116
     128
      96
     136
     128
     110
     130
     116
     108
     121
     128
     148
     103
     112
     123
     109
     120
     102
     116
     120
     106
     125
     118
     112
     116
     107
     124
     109
     125
     108
     114
     118
     108
     106
     101
      99
     123
     125
     120
     111
     117
     131
     105
     113
     111
     137
     116
      96
     118
      96
     104
     106
     111
     103
     120
      85
      97
     102
     143
      87
     112
     112
     100
     127
     113
     121
     110
     120
     116
     102
     118
      97
     114
     107
     141
     105
      95
     115
     103
      94
     113
      91
      93
     118
     113
      97
     103
      91
     116
     105
     115
     107
      96
     115
     105
      90
     105
      91
     102
     101
      99
     104
      97
     117
     112
     110
     112
      99
     100
     107
      95
     118
     101
      98
     117
      95
     116
     110
     133
     159
     234
     272
     360
     368
     366
     259
     221
     143
     142
     130
     121
     106
      99
      96
     101
      90
      96
     102
      91
      83
      91
      98
      89
      87
      82
     107
      84
      95
      92
     102
      97
      88
      87
      92
     108
      76
      85
      84
      97
      88
     104
      78
      77
      78
     105
      77
     110
      75
      86
      86
      83
      70
      92
      80
      77
      83
      87
      87
      81
      96
      78
      96
      70
      98
      81
      71
      68
      85
      94
      85
      82
      75
      75
      77
      72
      83
      83
      87
      78
      89
      72
      83
      91
      80
      82
     102
      84
      69
      77
      70
      78
      78
      95
      90
      91
      76
      86
     103
      80
      96
      99
      84
      70
      95
      82
      76
      76
      70
      77
      73
      75
      75
      81
      75
      96
      92
      86
      82
      90
      98
      82
      94
     105
     111
     115
     102
      96
      84
      91
      80
      72
      80
      62
     103
      87
      85
      75
      87
      84
      94
      94
      89
      71
      92
      66
      95
      77
      78
      54
      78
      95
      96
      86
      82
      79
      69
      71
      70
      76
      78
      52
      65
      87
      84
      72
      65
      72
      67
      75
      81
      83
      84
      65
      83
      89
      76
      75
      69
      82
      69
      70
      76
      87
      68
      78
      80
      70
      76
      83
      73
      75
      84
      65
      95
      81
      91
      81
      73
      72
      82
      64
      96
      81
      85
     114
     107
     104
      79
      68
      69
      70
     101
      76
      67
      71
      78
      79
      84
      78
      73
      82
      86
      84
      74
      78
      66
      78
      81
      86
      79
      74
      81
      79
      80
      75
      78
      85
      81
      70
      70
      83
      88
      89
      87
      71
      75
      70
      68
      75
      78
      70
      67
      77
      89
      70
      77
      81
      72
      65
      69
      73
      87
      73
      69
      91
      66
      61
      80
      75
      89
      82
      81
      87
      76
      73
      95
      80
      69
      72
      84
      71
      88
      79
      70
      82
      65
      76
      80
      72
      73
      97
      96
     132
     185
     261
     492
     730
    1112
    1904
    2891
    3996
    4819
    5055
    4792
    3692
    2358
    1421
     817
     458
     281
     218
     128
     144
     118
      91
      96
      85
      86
      83
      84
      81
      75
      87
      66
      81
      76
     105
      82
      63
      73
      74
      80
      74
      81
      75
      88
      73
      76
      66
      88
      76
      68
      83
      67
      62
      69
      65
      76
      76
      71
      62
      58
      76
      68
      72
      75
      77
      70
      85
      75
      73
      91
      70
      69
      71
      65
      98
      62
      83
      63
      70
      79
      79
      71
      68
      72
      74
      76
      75
      66
      64
      51
      66
      62
      70
      82
      76
      69
      87
      75
      77
      96
      80
      99
     100
      77
     101
      76
      75
      57
      78
      66
      79
      67
      51
      79
      88
      68
      59
      68
      76
      84
      55
      65
      52
      80
      64
      75
      73
      66
      65
      68
      81
      66
      69
      72
      62
      81
      73
      68
      68
      66
      73
      65
      68
      73
      70
      81
      62
      64
      65
      75
      65
      58
      66
      78
      69
      54
      69
      64
      62
      64
      88
      71
      69
      64
      76
      55
      58
      60
      66
      69
      59
      65
      76
      72
      56
      66
      57
      62
      59
      58
      77
      71
      71
      71
      67
      60
      46
      65
      66
      76
      83
      83
      69
      82
      67
      67
      72
      56
      62
      60
      69
      75
      79
      83
      67
      59
      54
      74
      74
      62
      67
      70
      65
      76
      70
      67
      80
      67
      71
      67
      76
      65
      69
      60
      56
      76
      52
      58
      72
      63
      70
      58
      63
      66
      69
      60
      79
      72
      70
      63
      60
      84
      61
      74
      59
      68
      61
      59
      64
      60
      60
      67
      62
      63
      72
      54
      66
      63
      66
      60
      61
      68
      69
      77
      58
      67
      60
      79
      58
      61
      66
      67
      60
      54
      65
      69
      69
      64
      87
      77
      58
      54
      57
      65
      64
      54
      68
      90
      60
      54
      66
      57
      70
      63
      67
      84
      62
      69
      53
      63
      71
      71
      70
      60
      86
      74
      84
      91
      81
      82
      59
      71
      74
      62
      52
      69
      55
      76
      70
      67
      70
      62
      63
      71
      70
      57
      78
      60
      78
      61
      69
      63
      64
      70
      64
      65
      55
      71
      55
      56
      62
      62
      74
      63
      81
      80
     127
     133
     158
     166
     159
     141
     110
     102
      73
      86
      74
      71
      54
      70
      44
      61
      61
      65
      68
      66
      79
      55
      60
      55
      68
      64
      58
      77
      84
     105
      98
     111
     114
     120
      97
     107
      89
      71
      80
      80
      79
      81
      77
      66
      73
      71
      84
      67
      67
      94
      89
      83
      78
      73
      79
      69
      62
      53
      49
      61
      64
      67
      53
      59
      53
      71
      78
      53
      59
      64
      70
      65
      73
      74
      54
      61
      70
      55
      53
      63
      59
      55
      63
      61
      65
      66
      64
      48
      69
      62
      55
      75
      73
      66
      98
     105
     114
     132
     123
     154
     158
     179
     153
     127
     103
      98
      88
      79
      62
      66
      61
      60
      66
      71
      67
      87
      83
      81
      89
      90
      88
      76
      83
      74
      68
      72
      68
      45
      56
      63
      60
      66
      49
      55
      74
      50
      68
      66
      65
      62
      74
      67
      56
      65
      56
      76
      60
      55
      71
      61
      65
      51
      52
      60
      67
      55
      58
      65
      56
      71
      52
      68
      65
      60
      70
      71
      55
      54
      65
      56
      69
      65
      67
      75
      49
      58
      73
      69
      65
      58
      64
      60
      64
      53
      59
      79
      61
      72
      68
      62
      77
     107
     111
     149
     154
     180
     161
     128
     112
     101
      90
      74
      56
      70
      65
      60
      73
      62
      75
      58
      66
      59
      56
      61
      71
      75
      59
      65
      69
      73
      48
      46
      60
      66
      81
      50
      67
      73
      57
      50
      59
      70
      62
      65
      50
      62
      54
      43
      55
      45
      42
      60
      54
      56
      62
      60
      65
      54
      62
      66
      57
      56
      63
      68
      52
      69
      62
      68
      55
      65
      64
      56
      64
      72
      53
      60
      60
      49
      47
      70
      61
      57
      57
      57
      55
      60
      52
      65
      73
      60
      84
      67
      98
     114
     147
     204
     228
     263
     247
     250
     223
     162
     109
      99
      81
      66
      83
      60
      79
      55
      64
      61
      56
      57
      57
      68
      49
      56
      51
      68
      69
      65
      71
      66
      71
      62
      54
      64
      60
      57
      60
      64
      57
      66
      59
      49
      57
      56
      61
      61
      50
      51
      54
      58
      56
      70
      52
      53
      53
      62
      61
      45
      57
      72
      54
      56
      53
      68
      53
      57
      59
      44
      63
      62
      66
      62
      59
      74
      66
      60
      65
      57
      48
      40
      53
      51
      52
      56
      60
      52
      58
      63
      59
      67
      68
      65
      50
      53
      54
      68
      66
      66
      58
      53
      54
      60
      59
      56
      61
      57
      64
      53
      53
      57
      48
      80
      48
      49
      48
      60
      61
      63
      65
      63
      60
      53
      60
      53
      65
      46
      60
      52
      46
      56
      52
      56
      50
      54
      65
      53
      58
      46
      51
      44
      59
      63
      51
      50
      67
      63
      57
      52
      51
      55
      70
      70
      55
      51
      44
      63
      44
      65
      58
      57
      70
      48
      59
      48
      48
      60
      52
      51
      47
      49
      54
      40
      64
      54
      46
      46
      60
      43
      74
      44
      53
      50
      57
      56
      51
      56
      52
      53
      58
      65
      59
      56
      60
      35
      51
      38
      61
      55
      53
      52
      57
      61
      57
      60
      56
      58
      45
      69
      65
      59
      88
      77
      89
      90
      65
      67
      61
      64
      68
      47
      53
      56
      45
      60
      58
      60
      54
      44
      49
      54
      55
      42
      48
      57
      52
      54
      46
      50
      53
      58
      61
      59
      67
      68
      57
      66
      83
      62
      54
      60
      50
      69
      62
      84
      90
      95
     102
     101
     100
      74
      61
      64
      57
      61
      63
      57
      54
      68
      85
      72
      73
      53
      62
      53
      51
      55
      55
      57
      55
      52
      51
      50
      50
      62
      56
      70
      54
      58
      50
      54
      53
      57
      52
      50
      67
      47
      53
      59
      46
      48
      40
      59
      40
      52
      43
      54
      46
      67
      59
      53
      45
      42
      54
      53
      62
      53
      67
      57
      50
      54
      49
      59
      44
      46
      53
      54
      69
      65
      40
      45
      49
      50
      47
      50
      43
      56
      39
      55
      51
      47
      42
      59
      60
      39
      55
      49
      49
      52
      44
      58
      42
      67
      55
      37
      68
      40
      53
      53
      62
      75
      89
      88
     101
     108
     141
     154
     142
     149
     138
      99
      98
      95
      92
     133
     121
     138
     167
     154
     188
     121
     112
      86
      66
      60
      64
      51
      62
      54
      44
      55
      40
      53
      45
      51
      47
      56
      51
      56
      45
      53
      47
      48
      57
      36
      45
      54
      50
      58
      58
      50
      51
      45
      54
      47
      41
      46
      59
      49
      47
      50
      55
      50
      52
      56
      46
      53
      55
      57
      49
      42
      51
      46
      52
      58
      53
      43
      46
      55
      49
      47
      35
      45
      50
      50
      50
      56
      42
      50
      51
      48
      57
      52
      50
      56
      42
      42
      52
      48
      59
      54
      53
      51
      48
      68
      50
      58
      51
      73
      48
      49
      55
      41
      45
      50
      56
      43
      51
      54
      53
      54
      54
      51
      56
      60
      50
      55
      59
      49
      54
      55
      51
      57
      47
      63
      46
      54
      47
      40
      55
      52
      46
      43
      44
      54
      51
      39
      43
      57
      55
      50
      51
      59
      52
      38
      48
      54
      41
      49
      48
      47
      51
      56
      53
      52
      55
      51
      40
      50
      50
      56
      48
      53
      37
      41
      50
      55
      41
      62
      47
      55
      64
      69
      68
      68
      66
      66
      57
      61
      44
      51
      62
      50
      52
      65
      65
      73
      76
      85
      81
      78
      76
      68
      55
      65
      53
      52
      50
      62
      29
      55
      57
      56
      64
      57
      50
      40
      68
      61
      65
      51
      56
      63
      58
      58
      65
      61
      51
      56
      57
      50
      65
      33
      74
      48
      47
      43
      57
      47
      48
      47
      55
      51
      41
      48
      41
      48
      49
      47
      42
      42
      54
      40
      46
      58
      52
      52
      61
      32
      62
      63
      55
      46
      48
      45
      58
      59
      47
      61
      54
      56
      59
      55
      61
      78
      95
     110
     109
     139
     123
     110
     110
      73
      61
      65
      60
      48
      52
      56
      57
      44
      60
      39
      54
      74
      59
      42
      56
      63
      60
      49
      59
      49
      60
      55
      62
      44
      52
      62
      55
      59
      57
      79
     102
     102
     130
     179
     227
     257
     232
     252
     239
     181
     160
      96
      70
      72
      68
      59
      70
      59
      66
      49
      47
      41
      55
      46
      43
      42
      56
      38
      65
      50
      45
      57
      56
      49
      45
      63
      54
      56
      51
      62
      51
      78
      59
      69
      60
      51
      48
      58
      42
      52
      43
      48
      59
      47
      49
      45
      53
      61
      40
      56
      45
      41
      46
      58
      47
      53
      59
      46
      48
      43
      47
      42
      56
      61
      37
      43
      46
      42
      60
      54
      48
      71
      49
      38
      51
      46
      52
      58
      62
      51
      61
      50
      54
      39
      51
      51
      63
      37
      45
      50
      46
      47
      51
      45
      51
      32
      50
      53
      52
      60
      38
      41
      35
      52
      50
      53
      56
      46
      39
      55
      49
      49
      63
      52
      57
      64
      64
      70
      76
      62
      82
      74
      64
      51
      71
      49
      70
      55
      41
      50
      47
      53
      47
      44
      51
      43
      51
      44
      49
      41
      43
      48
      43
      56
      41
      60
      50
      43
      42
      48
      34
      54
      50
      52
      37
      47
      45
      41
      53
      50
      43
      42
      44
      32
      48
      44
      42
      39
      58
      45
      63
      58
      55
      42
      42
      46
      53
      53
      40
      47
      41
      49
      40
      49
      50
      44
      40
      39
      37
      48
      39
      50
      57
      59
      49
      62
      45
      51
      68
      47
      37
      39
      39
      52
      53
      48
      60
      37
      56
      51
      48
      54
      64
      47
      45
      54
      51
      50
      53
      44
      57
      50
      49
      65
      46
      45
      58
      55
      51
      66
      55
      51
      49
      46
      48
      51
      47
      39
      39
      57
      35
      52
      48
      53
      39
      42
      44
      43
      39
      41
      38
      41
      50
      41
      49
      35
      42
      52
      40
      51
      44
      55
      54
      52
      63
      46
      54
      63
      56
      45
      52
      46
      49
      46
      48
      41
      44
      45
      42
      37
      51
      51
      40
      42
      49
      42
      50
      55
      52
      37
      40
      42
      37
      40
      49
      39
      40
      42
      37
      45
      36
      59
      52
      52
      43
      59
      41
      60
      43
      43
      41
      44
      58
      43
      56
      47
      48
      43
      34
      46
      53
      44
      38
      42
      34
      45
      48
      57
      42
      42
      49
      37
      34
      47
      49
      50
      52
      41
      35
      56
      43
      44
      50
      33
      50
      38
      47
      56
      52
      38
      54
      58
      53
      47
      41
      34
      52
      43
      59
      54
      52
      52
      54
      61
      35
      48
      61
      43
      43
      52
      52
      64
      47
      48
      39
      53
      36
      54
      39
      51
      44
      49
      49
      49
      53
      53
      52
      44
      47
      51
      50
      53
      42
      47
      50
      47
      40
      60
      46
      52
      43
      32
      43
      49
      47
      53
      38
      48
      47
      48
      51
      41
      42
      27
      51
      45
      59
      41
      55
      44
      38
      58
      60
      65
      45
      43
      65
      56
      49
      47
      51
      46
      54
      46
      37
      44
      47
      56
      51
      51
      46
      47
      47
      46
      45
      37
      46
      54
      47
      47
      56
      52
      57
      42
      60
      61
      63
      66
      84
      95
     109
     116
     120
     179
     186
     180
     182
     161
     154
     140
     133
      93
      84
      95
      74
      58
      55
      62
      43
      43
      55
      45
      61
      47
      50
      52
      40
      55
      52
      55
      52
      54
      45
      53
      44
      50
      58
      50
      46
      43
      46
      57
      48
      43
      44
      44
      42
      40
      35
      48
      56
      43
      44
      55
      53
      52
      51
      50
      63
      59
      60
      38
      51
      48
      55
      63
      73
      83
      96
     124
     150
     175
     199
     228
     190
     174
     161
     135
      97
     110
      72
      57
      60
      40
      62
      56
      56
      41
      46
      54
      58
      56
      65
      47
      42
      66
      57
      69
      51
      87
      82
      63
      55
      73
      49
      65
      52
      55
      45
      57
      56
      50
      42
      48
      51
      46
      47
      49
      44
      55
      43
      46
      48
      50
      49
      52
      53
      51
      48
      37
      43
      50
      56
      40
      49
      39
      40
      53
      52
      56
      56
      53
      47
      55
      60
      38
      50
      41
      46
      53
      63
      42
      50
      50
      42
      50
      60
      53
      48
      44
      61
      42
      58
      44
      50
      56
      40
      37
      51
      46
      47
      50
      48
      50
      54
      52
      34
      79
      54
      45
      51
      58
      44
      52
      51
      45
      53
      58
      51
      64
      54
      54
      55
      43
      52
      51
      54
      47
      51
      53
      49
      43
      52
      46
      52
      42
      49
      42
      68
      49
      30
      41
      44
      50
      54
      39
      59
      44
      48
      59
      45
      56
      50
      43
      48
      44
      57
      48
      43
      45
      50
      51
      56
      49
      42
      44
      61
      50
      44
      58
      42
      51
      47
      65
      60
      56
      54
      49
      61
      59
      46
      53
      65
      71
      52
      48
      49
      55
      51
      51
      40
      51
      42
      61
      57
      52
      48
      46
      58
      50
      50
      65
      41
      66
      67
      71
      66
      66
      72
      80
      94
      71
      93
      85
      79
      74
      51
      64
      59
      59
      60
      68
      62
      69
      55
      63
      43
      56
      51
      49
      49
      49
      52
      37
      56
      49
      58
      44
      50
      65
      56
      57
      59
      54
      55
      53
      56
      45
      50
      56
      37
      52
      66
      51
      46
      62
      38
      64
      42
      55
      50
      52
      45
      58
      62
      53
      40
      62
      72
      56
      52
      52
      65
      50
      70
      56
      40
      48
      64
      42
      68
      46
      57
      64
      74
      56
      47
      58
      59
      63
      61
      66
      69
      54
      59
      55
      60
      63
      60
      56
      64
      49
      59
      57
      51
      77
      77
      54
      59
      55
      56
      55
      57
      64
      59
      56
      55
      57
      72
      53
      44
      54
      57
      60
      37
      47
      60
      78
      48
      56
      53
      41
      45
      55
      57
      59
      60
      52
      66
      61
      48
      51
      52
      59
      48
      62
      54
      68
      52
      49
      53
      51
      46
      41
      77
      60
      52
      65
      55
      50
      60
      51
      51
      40
      53
      54
      54
      50
      53
      47
      47
      58
      40
      48
      48
      53
      48
      55
      47
      50
      41
      45
      46
      69
      63
      54
      35
      66
      53
      63
      62
      52
      54
      51
      68
      66
      81
      63
      73
      73
      73
      49
      65
      59
      58
      61
      49
      48
      52
      57
      50
      52
      52
      63
      46
      73
      57
      47
      57
      60
      58
      58
      59
      61
      57
      51
      52
      47
      64
      58
      68
      70
      68
      56
      42
      48
      63
      57
      53
      53
      48
      52
      60
      50
      51
      57
      62
      43
      48
      35
      57
      58
      73
      46
      45
      47
      44
      52
      48
      63
      58
      51
      50
      47
      72
      54
      54
      55
      58
      52
      67
      48
      53
      52
      56
      57
      45
      54
      60
      50
      52
      60
      59
      32
      45
      57
      47
      72
      58
      57
      63
      67
      56
      66
      60
      56
      49
      59
      68
      49
      45
      55
      42
      61
      59
      70
      60
      48
      65
      54
      73
      62
      56
      47
      58
      59
      40
      43
      53
      74
      67
      50
      53
      68
      59
      53
      54
      54
      46
      63
      60
      56
      56
      58
      69
      56
      58
      59
      53
      66
      53
      61
      59
      54
      56
      56
      56
      61
      54
      64
      61
      44
      64
      52
      46
      55
      45
      59
      50
      70
      49
      61
      74
      41
      64
      57
      73
      57
      60
      56
      53
      71
      68
      55
      66
      50
      48
      52
      43
      61
      49
      56
      68
      62
      66
      63
      65
      57
      65
      65
      68
      64
      70
      82
      60
      59
      59
      59
      73
      64
      64
      61
      61
      51
      65
      61
      60
      73
      77
      58
      60
      60
      69
      65
      57
      65
      61
      83
      73
      61
      83
      50
      79
      69
      63
      69
      62
      57
      60
      54
      50
      51
      68
      49
      61
      48
      42
      62
      47
      63
      60
      51
      66
      57
      58
      74
      50
      54
      55
      62
      74
      55
      60
      59
      67
      52
      48
      42
      55
      53
      43
      52
      53
      49
      54
      49
      57
      54
      52
      62
      54
      48
      37
      58
      49
      41
      36
      38
      45
      46
      52
      47
      48
      32
      30
      51
      49
      40
      51
      46
      43
      46
      38
      60
      42
      60
      54
      78
      53
      59
      54
      72
      57
      68
      53
      52
      51
      52
      52
      38
      42
      40
      39
      51
      42
      50
      37
      29
      39
      39
      39
      52
      41
      38
      49
      34
      38
      53
      39
      36
      49
      41
      33
      30
      34
      37
      36
      45
      31
      27
      46
      31
      48
      45
      42
      38
      37
      44
      36
      51
      47
      50
      47
      46
      40
      38
      40
      49
      45
      22
      44
      39
      33
      49
      44
      40
      39
      62
      55
      57
      44
      58
      49
      55
      55
      53
      45
      42
      42
      46
      56
      34
      37
      47
      34
      43
      32
      35
      44
      41
      43
      37
      37
      35
      36
      39
      42
      38
      35
      33
      37
      31
      40
      26
      36
      38
      31
      46
      38
      36
      28
      48
      39
      29
      32
      48
      28
      34
      38
      35
      31
      28
      32
      33
      25
      37
      26
      35
      44
      23
      43
      36
      31
      32
      28
      26
      34
      35
      38
      25
      42
      41
      40
      40
      34
      31
      39
      31
      28
      38
      29
      32
      32
      32
      22
      28
      28
      32
      40
      31
      36
      41
      35
      29
      31
      34
      30
      17
      24
      31
      35
      37
      18
      27
      33
      28
      24
      26
      38
      32
      32
      20
      31
      22
      26
      34
      28
      22
      35
      26
      31
      25
      40
      48
      33
      32
      19
      26
      30
      26
      31
      30
      32
      37
      42
      25
      25
      34
      41
      41
      37
      45
      64
      74
      95
     111
     157
     205
     282
     273
     350
     386
     446
     396
     340
     288
     230
     171
     113
      82
      55
      54
      33
      28
      33
      17
      34
      29
      17
      15
      29
      25
      22
      15
      26
      34
      31
      24
      21
      27
      22
      21
      23
      28
      20
      24
      31
      21
      23
      25
      18
      22
      19
      13
      20
      13
      20
      27
      18
      30
      28
      19
      22
      15
      18
      25
      20
      20
      16
      16
      14
      22
      14
      17
      17
      28
      26
      23
      22
      18
      21
      26
      13
      16
      19
      19
      19
      22
      15
      18
      26
      24
      17
      19
      24
      27
      17
      26
      21
      20
      30
      25
      35
      32
      27
      34
      34
      29
      18
      34
      21
      20
      21
      14
      16
      17
      14
      15
      22
       8
      12
      19
      13
      21
      14
      18
      18
      25
      20
      16
      13
      21
      17
      13
      16
      10
      17
      15
      23
      19
      17
      23
      16
      18
      20
      13
      11
      15
      22
      12
      21
      30
      17
      24
      36
      24
      33
      26
      34
      24
      23
      22
      26
      22
      40
      18
      28
      15
      24
      26
      19
      10
      17
      21
      15
      18
      19
      17
      14
      13
      18
      15
      17
      18
      17
      17
      16
      16
      15
      15
      20
      18
      14
      10
      18
      16
      12
      19
      17
      24
      16
      16
      12
      21
      14
      19
      26
      13
      15
      16
      12
      15
      11
       9
      18
      11
      20
      11
      20
      12
      11
      11
      16
      23
      20
      16
      21
      23
      18
      12
      10
      16
      21
      21
      16
      22
      18
      20
      22
      16
      11
      20
      13
      19
      11
      20
      14
      18
      19
      10
      18
      19
      16
      13
      23
      14
      14
      21
      21
      12
      13
      14
      14
      12
      17
      12
       9
      18
      14
      13
      14
      10
      13
      13
      13
      11
      14
      14
      17
      17
      20
      14
      14
      15
      17
       9
      15
      10
      13
      13
      20
      13
      26
      16
      16
       9
      13
      19
      17
      21
      18
      24
      13
      22
      27
      14
      17
      17
      19
      11
      15
      15
      19
      16
      16
      18
      12
      17
      19
      15
      14
      14
      17
      10
      18
      11
      18
      20
      17
      18
      15
      13
      22
      15
      17
      17
      18
      18
      16
      12
      25
      30
      33
      38
      65
      80
     106
     134
     183
     261
     354
     486
     631
     796
    1058
    1187
    1404
    1464
    1562
    1471
    1300
    1121
     830
     559
     359
     262
     144
     113
      57
      57
      41
      30
      34
      28
      18
      17
      22
      20
      15
      17
       9
      19
      22
      17
      14
      13
      17
      17
      22
       9
      15
      27
      17
      13
      12
      11
      12
      16
      17
      10
      17
      14
       7
      17
      13
      15
      16
      13
      12
      18
       9
      12
      12
      10
      15
      13
      15
      14
      11
      15
      16
      18
      15
      14
      12
      15
      18
      16
      10
      10
      15
      14
      18
       9
      15
      11
      11
      15
      11
      10
      12
      14
      13
       7
      11
      13
      11
      18
      13
      18
      15
       6
      13
      13
       8
      13
      14
       6
      13
      13
      10
      11
       9
      10
      12
      10
       8
       9
      11
      18
      12
      12
      21
      15
      14
       8
      10
      11
       9
      14
       9
      12
      11
       4
       6
      17
      15
      14
      13
       9
       9
      12
      13
      13
      13
      11
      10
       7
      11
      10
      14
      12
       8
      15
      11
      10
      16
      10
       9
      20
      13
      11
      22
      17
      12
      13
      15
       7
      15
      17
      12
      13
       8
       9
       5
      12
      17
      14
      16
      11
       4
      11
      19
      14
      19
      10
       9
       7
      16
      10
      11
      15
       9
      12
      13
      13
       4
      12
       9
       3
      11
      13
      14
      11
      13
       6
      11
      13
       6
       4
       9
      17
       6
      10
      12
      12
       8
      13
      10
       7
      13
      11
      14
      12
      10
       8
      10
      16
      12
      11
      20
      13
       8
       8
      16
      14
      15
      12
      13
       7
      10
      11
      13
       9
      12
      15
      13
       9
       9
      13
       9
      10
      12
      11
      11
      12
       9
      13
      10
      14
      13
       7
      13
      12
      15
      17
       7
       7
      13
       9
      12
      10
      13
      14
      10
      11
       9
      11
      10
       7
      11
      13
       9
       9
       4
       7
      11
       7
       9
      11
       8
      10
       9
       8
       9
       4
      12
      11
      11
      15
       9
       9
      15
       8
      11
       5
      17
       9
       7
      17
       7
       6
       9
       5
      11
      16
      17
      15
      12
       8
      11
      12
       6
      10
       6
      20
      12
       7
      10
       7
       7
      16
       7
      10
      14
       8
       8
       7
      10
      16
      19
      16
      15
      19
      20
      25
      22
      17
      19
      23
       9
      12
       9
      13
      11
      16
      10
       4
      10
       6
       6
       7
      12
      13
      10
       9
       7
      11
       9
      13
      10
       8
       6
       5
      12
       8
      11
       8
      11
      10
       9
       6
      11
       7
      12
      12
       8
      12
       8
       9
      13
      11
       7
       8
       6
       7
      13
      15
      10
       9
      18
       7
      10
       9
       6
      12
      10
       9
      15
      14
      14
       7
       9
       9
      10
      12
      15
      11
       4
      13
      11
      12
       8
      10
       5
      12
      11
      11
      10
      11
       5
       6
      14
      10
      19
       9
       7
      16
      11
      11
       5
      12
      11
       6
      11
       8
      10
       8
       9
      13
       9
      13
       5
      15
      11
       6
       6
      15
       3
       2
      12
       9
      12
       3
       6
      10
       8
      11
       6
      13
       9
      15
      14
       6
      11
      11
       6
       7
       6
       8
       6
       9
       7
      11
       8
      15
       8
       4
      13
       8
      10
      21
      12
      13
       5
      11
       8
      12
       7
      14
      13
      12
       8
       8
      10
      15
       9
      11
       3
       9
       9
      10
       5
       4
       8
      12
       9
       8
      13
       6
       6
       7
       6
       7
      10
       7
      10
       8
       6
       8
       8
      12
      13
       7
      10
       7
      14
       5
       9
       7
       6
       9
       5
       7
       6
      12
       7
       8
       9
       5
      10
       9
       7
       5
       8
      11
       8
       3
      11
      10
      11
       8
      10
      11
       1
      15
       5
       6
       3
       5
       5
       8
       3
       4
       7
       5
      10
      10
       8
       6
       5
       5
       5
       6
       9
       5
       4
       7
       7
      12
      13
       8
       8
      13
       4
       5
       6
      10
      15
      12
       4
       6
      11
       5
      12
       4
       2
       7
       2
      10
       8
       5
       7
       7
       5
       6
       7
       9
      10
       5
      10
      10
       7
       9
       6
       9
       4
       6
      10
       8
       6
       6
       4
       2
       9
      13
       3
       8
       5
       8
       7
       4
       9
      11
      11
       7
       3
       6
       2
       5
       8
       5
      11
      11
      12
       5
       8
       7
       9
      15
      14
      24
      25
      48
      46
      53
      50
      71
      60
      76
      85
      59
      57
      52
      38
      32
      25
      19
       8
      13
      16
      11
       9
       9
      19
      11
      14
      20
      19
      18
      25
      17
      25
      26
      20
      11
      15
      10
      11
       9
      11
      10
       6
       9
       3
       6
       9
      12
       7
       3
       9
       3
       9
       6
      11
       7
      10
      10
       7
       6
       4
       5
       6
       3
       9
       9
       5
       6
       4
       4
       8
       7
       8
       6
       8
       6
       8
       5
       5
       3
      10
       2
       7
       8
      10
       4
       8
       7
       4
       6
      10
       4
       7
       8
       8
      10
       5
       8
       4
       7
       7
       4
      11
       7
      13
      12
       9
      10
      10
       9
      18
       9
      10
      10
      11
       9
      10
       9
       9
      10
       6
       6
       5
       5
       7
       6
       6
       7
       6
       4
       9
       9
       8
      10
       2
       5
       8
       7
       4
       1
       4
      11
       5
       9
       7
       9
       3
      11
       4
       7
       9
       8
       6
       6
       7
       5
       9
       7
       8
       7
       8
       5
       4
      10
       7
       3
       4
       2
       7
       5
       6
       5
       4
       8
      12
       3
       2
       8
       6
       3
       5
       9
       9
       7
       3
       6
       3
       7
       5
       7
       7
       8
      11
       4
      10
      10
       6
       3
       7
       8
       9
       9
       6
       4
       8
       7
       5
       6
      10
       3
       6
       2
       7
       4
       7
       6
       7
       9
       5
       2
      13
       2
       5
       7
       3
       2
       1
       4
       8
       4
       5
       8
       9
       5
       4
       3
       4
       4
       5
       4
      10
       5
       3
       5
       6
       8
       4
       6
       3
       5
       3
       5
       9
       6
       3
       2
       6
       6
       7
       4
       3
       7
       8
       2
       3
       2
       7
       7
       3
       6
       7
       5
       6
       7
       6
       2
       7
       6
       5
       8
       6
       7
       8
       2
       2
       3
       4
       5
       8
       5
       5
       7
       7
       7
       7
       9
       7
       5
       7
       1
       5
       9
       6
       8
       4
       6
       6
       2
       2
       4
       7
       5
       3
       7
       3
       4
       5
       8
       8
       5
       6
       2
       6
       8
       6
       6
       6
       5
       5
       3
       6
       3
       4
       9
       6
       4
       9
       5
       4
       3
       7
       7
       4
       5
       4
       5
       6
       6
      11
       3
       9
       8
       5
       8
       4
       7
       3
       5
       4
      11
       7
       5
       6
       4
       7
       4
       4
       3
       5
       7
       7
       7
       6
       2
       8
       5
       6
       6
       6
       5
       5
      11
       5
       6
       4
       4
       4
       4
       3
       6
       4
       5
       3
       6
       3
       7
       5
       7
       6
       3
       6
       7
       5
       8
       6
       4
       7
       7
      10
       7
       4
       7
       4
       2
       9
       6
       7
       6
       4
       4
       4
       8
      10
       4
       1
       9
       7
       3
       7
       3
       5
       2
       5
       2
       3
       5
       6
      11
       4
       3
       9
       7
       1
       6
      10
       7
       3
       8
       3
       7
       4
       5
       5
       3
       8
       5
       6
       2
       5
       7
       9
       3
       9
       1
       6
       5
       5
       8
      16
      10
      14
      24
      21
      23
      34
      41
      51
      50
      62
      80
      75
      76
      75
      82
      63
      48
      33
      32
      22
      14
      12
      14
      10
       8
       6
       3
       5
       2
       3
       6
       5
       3
       5
       4
       1
       7
       7
       8
       3
       2
       9
       4
       3
       6
       7
       6
       7
       3
       3
       7
       6
       6
       2
       5
       2
       2
       3
       1
       5
       5
       2
       2
       3
       6
       7
       5
       8
       3
       3
       5
       8
       8
       7
       7
       5
       6
       3
       2
       7
       1
       4
       9
       5
       6
       4
       6
       3
       7
       5
       6
       7
       2
       5
       5
       4
       3
       3
       4
       3
       3
       6
       5
       2
       7
       2
       5
       2
       4
       3
       2
       1
       3
       4
       5
       1
       3
       9
       2
       2
       2
       6
       0
       5
       2
       2
       4
       5
       9
       1
       1
       6
       4
       3
       4
       3
       8
       4
       5
       4
       2
       5
       6
       5
       6
       5
       4
       3
       1
       2
       7
       1
       6
       5
       4
       5
       6
      10
       5
       4
       5
       3
       6
       5
       4
       2
       5
       5
       5
       4
       3
       4
       4
       3
       5
       0
       4
       3
       3
       6
       4
       1
       1
       4
       4
       0
       1
       8
       5
       7
       5
       5
       2
       2
       7
       3
       3
       5
       5
       5
       8
       9
       5
       5
       3
       3
       3
       4
      11
       2
       5
       3
       4
       2
       5
       1
       1
       1
       3
       3
       0
       4
       5
       6
       5
       1
       5
       4
       1
       5
       4
       1
       6
       1
       6
       5
       4
       1
       2
       0
       0
       2
       4
       5
       3
       3
       1
       1
       6
       5
       1
       5
       2
       4
       3
       6
       7
       3
       0
       4
       4
       3
       2
       2
       1
       1
       2
       5
       2
       3
       4
       9
       4
       4
       3
       1
       1
       4
       5
       2
       3
       5
       6
       0
       4
       7
       5
       1
       2
       2
       5
       3
       4
       0
       2
       4
       5
       0
       2
       6
       2
       1
       3
       4
       2
       5
       3
       3
       2
       4
       6
       5
       8
       1
       2
       3
       2
       5
       3
       4
       1
       7
       3
       5
       2
       2
       4
       3
       4
       7
       2
       5
       4
       3
       2
       3
       2
       4
       3
       3
       1
       3
       1
       6
       7
       6
       5
       4
       4
       2
       2
       1
       3
       4
       3
       2
       1
       9
       3
       6
       4
       6
       3
       3
       1
       6
       4
       3
       6
       7
       7
       5
       1
       4
       4
       4
       5
       6
       4
       2
       2
       5
       4
       5
       2
       2
       1
       2
       3
       1
       0
       4
       3
       5
       5
       3
       1
       2
       3
       4
       3
       2
       1
       1
       4
       1
       1
       2
       0
       1
       1
       5
       3
       2
       1
       1
       2
       1
       6
       4
       4
       6
       3
       1
       0
       1
       3
       2
       3
       2
       0
       3
       2
       2
       3
       3
       2
       4
       2
       1
       1
       1
       3
       4
       4
       3
       3
       1
       3
       5
       3
       3
       4
       5
       3
       4
       9
       4
       2
       1
       5
       6
       0
       7
       4
       3
       5
       3
       4
       1
       3
       1
       0
       0
       1
       2
       1
       3
       3
       4
       1
       3
       3
       2
       1
       4
       2
       1
       0
       2
       2
       2
       2
       0
       3
       3
       1
       3
       2
       3
       4
       1
       2
       1
       1
       0
       3
       2
       1
       1
       2
       1
       1
       5
       0
       3
       1
       2
       2
       0
       0
       0
       0
       1
       0
       4
       0
       1
       1
       0
       4
       1
       2
       1
       1
       1
       7
       2
       5
       6
      11
       7
      18
      21
      30
      14
      30
      35
      21
      34
      40
      38
      28
      39
      25
      19
      17
      10
      10
       6
       7
       0
       3
       2
       1
       1
       1
       5
       0
       2
       4
       1
       3
       1
       1
       1
       2
       3
       1
       0
       2
       5
       1
       3
       1
       2
       1
       1
       0
       2
       2
       4
       2
       2
       2
       1
       1
       2
       4
       2
       2
       3
       3
       2
       3
       1
       0
       4
       3
       2
       5
       0
       3
       1
       3
       2
       3
       3
       4
       1
       3
       0
       0
       1
       0
       0
       2
       0
       2
       3
       1
       1
       1
       1
       2
       3
       1
       1
       0
       2
       0
       3
       3
       1
       1
       1
       2
       2
       1
       2
       2
       1
       0
       2
       1
       1
       5
       2
       1
       1
       3
       0
       5
       4
       0
       0
       0
       3
       1
       0
       1
       2
       2
       1
       1
       1
       3
       1
       0
       1
       1
       2
       1
       1
       2
       6
       2
       1
       4
       2
       2
       7
       2
       3
       4
       7
       2
       4
       3
       3
       2
       2
       5
       6
       6
       1
       0
       1
       1
       1
       1
       1
       1
       0
       1
       2
       0
       2
       0
       0
       0
       0
       1
       2
       1
       1
       2
       1
       0
       0
       0
       0
       0
       1
       1
       0
       1
       0
       2
       2
       0
       2
       2
       0
       0
       0
       0
       0
       1
       1
       0
       1
       2
       0
       2
       0
       1
       0
       0
       1
       1
       2
       0
       2
       2
       1
       1
       2
       1
       1
       0
       1
       0
       1
       1
       2
       0
       2
       3
       1
       1
       0
       1
       1
       2
       0
       0
       0
       0
       0
       0
       1
       1
       0
       0
       0
       1
       1
       1
       3
       3
       1
       0
       0
       2
       1
       0
       3
       0
       0
       2
       3
       2
       2
       1
       3
       3
       0
       2
       2
       2
       4
       2
       2
       0
       0
       2
       0
       4
       0
       1
       1
       0
       0
       1
       0
       2
       0
       0
       0
       2
       1
       1
       0
       0
       0
       1
       0
       0
       3
       0
       0
       2
       1
       1
       0
       0
       1
       0
       2
       1
       0
       0
       2
       0
       1
       0
       0
       1
       2
       1
       1
       1
       2
       1
       4
       1
       1
       1
       3
       8
       2
       7
      10
       9
      17
      22
      25
      28
      27
      43
      55
      46
      73
      60
      55
      62
      62
      54
      45
      36
       0
       0
       0
       0
       0
       0
       0
       0
       0
       0
       0
       0
       0
       0
       0
       0
       0
       0
       0
       0
       0
       0
       0
       0
       0
       0
       0
       0
       0
       0
       0
       0
       0
       0
       0
       0
       0
       0
       0
       0
       0
       0
       0
       0
       0
       0
       0
       0
       0
       0
       0
       0
       0
       0
       0
       0
       0
       0
       0
       0
       0
       0
       0
       0
       0
       0
       0
       0
       0
       0
       0
       0
       0
       0
       0
       0
       0
       0
       0
       0
       0
       0
       0
       0
       0
       0
       0
       0
       0
       0
       0
       0
       0
       0
       0
       0
       0
       0
       0
       0
       0
       0
       0
       0
       0
       0
       0
       0
       0
       0
       0
       0
       0
       0
       0
       0
       0
       0
       0
       0
       0
       0
       0
       0
       0
       0
       0
       0
$ROI:
0
$PRESETS:
Live Time
600
0
$ENER_FIT:
90.474091 0.354313
$MCA_CAL:
3
9.047409E+001 3.543133E-001 0.000000E+000 keV
$SHAPE_CAL:
3
0.000000E+000 0.000000E+000 0.000000E+000
