$SPEC_ID:
Cs137
$SPEC_REM:
DET# 2
DETDESC# DETECTOR 2
AP# Maestro Version 7.01
$DATE_MEA:
02/12/2017 20:45:00
$MEAS_TIM:
219 235
$DATA:
0 8191
       0
       0
       0
       0
       0
       0
       0
       0
       0
       0
       0
       0
       0
       0
       0
       0
       0
       0
       0
       0
       0
       0
       0
       0
       0
       0
       0
       0
       0
       0
       0
       0
       0
       0
       0
       0
       0
       0
       0
       0
       0
       0
       0
       0
       0
       0
       0
       0
       0
       0
       0
       0
       0
       0
       0
       0
       0
       0
       0
       0
       0
       0
       0
       0
       0
       0
       0
       0
       0
       0
       0
       0
       0
       0
       0
       0
       0
       0
       0
       0
       0
       0
       0
       0
       0
       0
       0
       0
       0
       0
       0
       0
       0
       0
       0
       0
      22
     331
     533
     503
     527
     503
     549
     537
     548
     517
     537
     508
     509
     523
     535
     569
     573
     513
     558
     504
     510
     542
     546
     484
     587
     534
     539
     581
     524
     563
     571
     595
     545
     547
     564
     549
     548
     593
     619
     598
     587
     542
     577
     587
     576
     601
     622
     594
     556
     585
     602
     635
     595
     626
     608
     643
     667
     689
     686
     662
     667
     705
     703
     734
     656
     653
     694
     664
     675
     689
     699
     678
     670
     655
     716
     671
     705
     758
     702
     708
     696
     697
     734
     738
     753
     753
     793
     765
     781
     801
     887
    1202
    1996
    2522
    2134
    1371
    1260
    2038
    3329
    3827
    2664
    1369
    1051
    1031
    1101
     986
     786
     670
     663
     689
     618
     652
     646
     618
     642
     638
     618
     598
     623
     653
     665
     697
     947
    1429
    1821
    1683
    1223
     887
     759
     749
     912
    1002
     952
     775
     667
     597
     669
     596
     663
     650
     595
     652
     591
     649
     653
     631
     605
     610
     653
     650
     583
     617
     612
     683
     595
     637
     614
     625
     683
     655
     631
     643
     603
     664
     633
     618
     624
     640
     620
     627
     618
     593
     604
     631
     633
     613
     652
     608
     640
     632
     645
     674
     652
     649
     622
     637
     630
     623
     650
     666
     676
     697
     715
     679
     672
     652
     695
     671
     694
     706
     709
     734
     760
     671
     692
     713
     732
     749
     697
     724
     687
     739
     723
     692
     669
     663
     736
     742
     698
     743
     633
     684
     687
     695
     660
     730
     691
     688
     746
     644
     698
     652
     672
     731
     630
     645
     655
     688
     662
     661
     658
     700
     696
     697
     721
     656
     706
     715
     869
     975
     925
     785
     754
     651
     722
     712
     678
     660
     734
     666
     704
     731
     660
     658
     653
     662
     682
     653
     770
    1183
    2636
    4608
    5134
    3426
    1720
    1030
     786
     732
     665
     625
     654
     656
     677
     655
     684
     628
     594
     634
     575
     583
     628
     636
     580
     606
     633
     608
     686
     731
     758
     659
     611
     645
     599
     588
     612
     622
     632
     663
     666
     623
     595
     612
     595
     614
     650
     651
     627
     602
     618
     637
     610
     640
     671
     596
     618
     594
     616
     635
     628
     609
     612
     624
     640
     651
     640
     636
     659
     650
     639
     659
     645
     634
     639
     673
     646
     681
     724
     698
     683
     745
     753
     779
     755
     757
     737
     787
     734
     730
     766
     832
     747
     787
     769
     748
     778
     751
     748
     764
     766
     696
     747
     733
     741
     708
     734
     731
     685
     724
     756
     707
     726
     696
     708
     731
     709
     718
     712
     685
     724
     711
     683
     704
     689
     719
     718
     721
     682
     718
     689
     652
     717
     700
     754
     684
     657
     677
     704
     690
     663
     648
     707
     655
     673
     686
     651
     672
     701
     636
     662
     730
     689
     679
     700
     645
     666
     640
     664
     643
     682
     833
    1075
    1336
    1392
    1056
     778
     674
     633
     607
     597
     608
     584
     566
     675
     875
    1639
    3197
    4204
    3555
    2154
    1160
     762
     714
     652
     589
     599
     567
     607
     579
     558
     577
     538
     563
     582
     568
     562
     596
     600
     562
     569
     560
     589
     568
     558
     602
     609
     607
     573
     555
     587
     533
     608
     624
     569
     575
     543
     572
     565
     542
     554
     514
     597
     533
     571
     610
     583
     591
     569
     572
     563
     525
     592
     550
     598
     564
     565
     773
    1028
    1361
    1399
    1095
     779
     666
     626
     601
     596
     553
     574
     557
     598
     570
     542
     525
     524
     544
     530
     584
     523
     537
     512
     554
     561
     555
     560
     566
     525
     551
     530
     544
     584
     549
     544
     563
     562
     556
     597
     545
     536
     545
     528
     517
     573
     546
     536
     548
     514
     577
     565
     553
     555
     562
     568
     560
     529
     478
     547
     508
     564
     558
     540
     556
     509
     585
     520
     578
     564
     530
     580
     526
     539
     526
     545
     549
     558
     507
     547
     561
     514
     568
     572
     590
     569
     530
     538
     596
     552
     545
     562
     564
     539
     561
     567
     575
     510
     569
     549
     538
     527
     562
     550
     551
     643
     757
     794
     726
     624
     591
     563
     567
     514
     557
     539
     559
     531
     554
     521
     623
     580
     557
     530
     524
     596
     531
     556
     508
     537
     532
     528
     551
     522
     563
     567
     553
     544
     558
     516
     507
     570
     493
     538
     575
     571
     566
     567
     560
     580
     601
     558
     558
     540
     580
     560
     515
     577
     562
     580
     562
     522
     555
     561
     558
     557
     515
     563
     535
     543
     594
     544
     545
     605
     574
     582
     573
     556
     540
     589
     554
     564
     530
     587
     574
     574
     587
     565
     517
     587
     562
     576
     572
     561
     574
     574
     569
     616
     582
     570
     537
     602
     547
     591
     531
     594
     589
     561
     615
     604
     578
     589
     573
     634
     601
     576
     570
     583
     589
     582
     514
     566
     579
     583
     622
     579
     605
     623
     555
     610
     552
     591
     547
     623
     574
     614
     592
     633
     570
     554
     568
     574
     611
     621
     610
     629
     605
     566
     614
     634
     569
     590
     591
     644
     560
     605
     592
     593
     580
     575
     597
     589
     613
     592
     617
     586
     592
     565
     543
     575
     601
     613
     553
     578
     568
     585
     590
     566
     581
     578
     509
     522
     539
     540
     534
     536
     541
     522
     507
     502
     530
     454
     430
     463
     451
     450
     429
     493
     456
     421
     417
     426
     409
     424
     392
     423
     389
     417
     389
     391
     432
     384
     430
     403
     384
     400
     373
     382
     409
     405
     366
     369
     352
     394
     377
     390
     368
     409
     399
     398
     361
     353
     375
     343
     354
     327
     365
     365
     345
     320
     344
     377
     359
     361
     357
     345
     332
     351
     343
     313
     349
     310
     312
     341
     337
     339
     334
     355
     332
     330
     338
     345
     311
     338
     358
     374
     390
     370
     343
     313
     295
     315
     332
     326
     285
     289
     310
     293
     333
     293
     274
     297
     302
     318
     296
     293
     323
     267
     364
     466
     631
     761
     719
     540
     420
     327
     352
     311
     287
     275
     300
     316
     286
     286
     272
     293
     245
     282
     267
     275
     318
     315
     326
     263
     237
     286
     258
     252
     282
     266
     279
     321
     292
     315
     285
     298
     246
     264
     273
     251
     241
     239
     228
     261
     256
     260
     249
     280
     340
     441
     392
     415
     336
     262
     245
     276
     231
     271
     237
     204
     241
     244
     227
     228
     249
     218
     229
     240
     250
     227
     218
     239
     213
     212
     223
     248
     224
     221
     234
     187
     179
     209
     196
     218
     197
     210
     212
     224
     199
     237
     208
     221
     206
     198
     205
     237
     215
     201
     210
     218
     203
     212
     206
     222
     187
     201
     197
     197
     203
     215
     210
     205
     170
     206
     211
     201
     214
     223
     194
     189
     192
     208
     179
     176
     163
     219
     214
     190
     174
     205
     222
     185
     226
     236
     203
     178
     191
     197
     204
     207
     235
     192
     194
     191
     223
     198
     185
     219
     207
     200
     183
     182
     191
     175
     229
     195
     193
     193
     184
     212
     205
     237
     264
     303
     290
     275
     249
     203
     225
     187
     197
     189
     214
     195
     188
     208
     202
     184
     180
     176
     210
     184
     218
     194
     203
     206
     190
     198
     186
     195
     174
     185
     181
     191
     203
     204
     171
     193
     177
     184
     175
     181
     185
     191
     173
     199
     182
     202
     186
     203
     204
     193
     181
     189
     205
     195
     186
     222
     176
     169
     197
     171
     160
     170
     201
     195
     164
     181
     161
     146
     170
     179
     161
     167
     168
     150
     185
     189
     157
     159
     186
     168
     147
     178
     160
     169
     172
     159
     170
     180
     151
     173
     177
     153
     180
     222
     286
     375
     447
     414
     366
     296
     229
     226
     167
     205
     167
     185
     163
     157
     154
     168
     177
     159
     159
     149
     162
     151
     160
     137
     145
     119
     148
     168
     162
     147
     175
     142
     147
     150
     142
     148
     159
     141
     135
     133
     150
     113
     147
     130
     139
     135
     161
     164
     170
     148
     140
     137
     156
     137
     146
     142
     141
     159
     151
     172
     228
     271
     368
     429
     422
     470
     411
     423
     370
     306
     349
     481
     856
    1346
    1646
    1610
    1469
    1682
    2467
    3871
    6060
    9086
   12050
   14924
   16604
   16209
   14210
   11256
    8195
    5531
    3621
    2218
    1340
     884
     566
     412
     317
     242
     207
     172
     140
     131
     128
     140
     130
     123
     158
     122
     114
     106
     119
     108
     125
     114
      97
      90
      87
     106
     122
     109
     108
     113
     111
      88
     111
     115
      90
      89
     113
      91
      93
      93
      94
      83
      87
      90
      89
     108
     122
     131
     141
     134
     121
     111
      95
      97
     101
     102
     100
     122
     117
      86
      94
      72
      83
      89
      82
      88
      93
      88
     110
      98
      71
      95
      83
     110
      89
      87
      90
      98
      94
      83
      77
      80
      82
      84
      94
      88
      89
      87
      83
      74
      84
      75
      75
      78
      85
      74
      79
      78
      73
      81
      65
      83
      83
      97
      90
     114
     177
     221
     291
     300
     242
     157
     126
      97
      74
      98
      81
      76
      88
      83
      66
      88
      77
      94
      87
      75
      76
      79
      87
      77
      88
      77
      87
      76
      73
      73
      76
      85
      73
      81
      74
      84
      90
      98
      75
      89
      91
      88
      69
      87
      93
      94
      80
      82
      67
      69
      76
      69
      72
      59
      85
      92
      80
      66
      61
      78
      75
      82
      67
      82
      88
      56
     109
      93
     101
      98
      78
      81
      81
      70
      64
      84
      88
      84
      74
      74
      84
      80
     160
     197
     450
     874
    1166
    1317
    1174
     721
     380
     211
     124
      97
     102
      81
      89
      68
      70
      88
      69
      70
      71
      53
      76
      77
      67
      71
      65
      72
      62
      76
      75
      64
      80
      71
      61
      70
      56
      92
      68
      61
      66
      80
      59
      75
      89
      88
      80
      68
      65
      76
      57
      74
      57
      68
      54
      70
      63
      77
      84
      95
      71
      83
      56
      69
      74
      68
      75
      64
      81
      72
      70
      78
      67
      65
      69
      77
      58
      50
      79
      77
      60
      72
      72
      78
      59
      70
      77
      76
      47
      56
      74
      48
      81
      55
      77
      79
      80
      56
      81
      75
      72
      58
      76
      67
      85
      88
     119
     179
     207
     205
     148
     115
     101
      70
      63
      58
      55
      73
      73
      62
      68
      59
      73
      69
      55
      60
      52
      72
      67
      62
      76
      60
      77
      42
      64
      55
      64
      79
      82
      71
      58
      63
      71
      80
      74
      64
      67
      58
      51
      56
      66
      72
      76
      73
      92
     117
      79
      84
      93
      78
      67
      83
      81
      55
      79
      71
      72
      72
      83
      67
      85
      61
      64
      71
      67
      62
      81
      60
      68
      64
      56
      54
      71
      63
      69
      73
      76
      85
      98
      95
      84
      64
      63
      71
      76
      53
      69
      63
      60
      60
      70
      77
      58
      50
      76
      68
      64
      75
      62
      63
      58
      79
      66
      59
      66
      57
      76
      60
     109
     133
     185
     248
     273
     226
     168
     127
      93
      89
      63
      80
      77
      52
      69
      67
      62
      63
      68
      57
      65
      54
      66
      62
      58
      67
      60
      75
      72
      67
      68
      85
      78
      56
      62
      75
      68
      57
      53
      72
      56
      69
      76
      85
      66
      63
      54
      56
      60
      54
      71
      57
      71
      69
      75
      61
      68
      70
      61
      60
      56
      55
      61
      61
      59
      77
      56
      49
      67
      75
      43
      51
      62
      68
      68
      80
      67
      60
      74
      71
      60
      63
      58
      78
      80
      66
      95
     126
     123
      96
      77
      68
      52
      51
      71
      54
      65
      78
      58
      60
      54
      72
      73
      72
      81
      72
      63
      78
      57
      47
      74
      62
      59
      57
      46
      65
      67
      61
      56
      43
      65
      71
      73
      45
      62
      67
      70
      43
      58
      75
      61
      71
      70
      64
      58
      55
      59
      62
      50
      55
      54
      60
      62
      59
      47
      56
      50
      58
      58
      57
      55
      58
      62
      55
      58
      44
      49
      52
      55
      51
      47
      49
      61
      51
      56
      64
      54
      62
      47
      51
      49
      42
      64
      47
      72
      50
      56
      59
      68
      79
      72
      61
      53
      57
      57
      57
      62
      60
      50
      65
      46
      60
      52
      59
      53
      44
      56
      50
      51
      54
      46
      59
      50
      52
      51
      45
      46
      54
      64
      46
      53
      65
      53
      60
      53
      52
      63
      67
      40
      59
      47
      50
      52
      44
      54
      54
      61
      61
      61
      57
      49
      64
      57
      57
      44
      56
      51
      53
      43
      58
      55
      60
      40
      58
      57
      56
      53
      50
      45
      54
      68
      67
      61
      71
      65
      64
      71
      71
      73
      89
      82
     117
      93
      73
      78
      61
      55
      59
      59
      62
      62
      51
      50
      59
      64
      59
      54
      74
      98
     104
     109
     120
      75
      79
      66
      71
      53
      56
      52
      57
      50
      51
      52
      66
      44
      43
      50
      42
      63
      42
      52
      63
      52
      51
      51
      50
      59
      61
      57
      63
      58
      61
      46
      48
      42
      53
      66
      48
      63
      60
      56
      55
      55
      77
      44
      61
      54
      49
      54
      52
      53
      44
      51
      62
      59
      39
      55
      45
      71
      56
      46
      35
      47
      42
      63
      51
      49
      49
      38
      49
      43
      51
      55
      48
      57
      55
      40
      61
      51
      63
      55
      54
      50
      65
      54
      51
      41
      49
      57
      53
      53
      48
      43
      56
      51
      49
      48
      58
      50
      54
      49
      56
      45
      50
      60
      62
      58
      54
      52
      47
      49
      49
      54
      51
      59
      54
      55
      66
      57
      59
      50
      57
      37
      57
      67
      67
      52
      69
      62
      59
      63
      55
      71
      80
      64
      57
      67
      51
      42
      33
      59
      50
      57
      59
      42
      64
      66
      61
      60
      74
      71
      59
      57
      63
      73
      50
      57
      54
      61
      55
      61
      56
      63
      57
      63
      47
      51
      55
      73
      46
      74
      51
      64
      71
      57
      58
      48
      57
      66
      48
      64
      61
      54
      71
      57
      48
      45
      47
      51
      37
      48
      51
      59
      56
      56
      40
      53
      45
      42
      47
      47
      37
      53
      52
      39
      46
      48
      36
      48
      53
      62
      52
      52
      52
      60
      54
      48
      39
      62
      66
      57
      65
      76
      77
      93
      74
      77
      67
      55
      63
      63
      57
      51
      53
      49
      49
      63
      46
      54
      49
      49
      44
      47
      44
      43
      39
      53
      45
      52
      45
      50
      52
      46
      40
      54
      34
      51
      46
      50
      52
      56
      48
      48
      53
      47
      43
      56
      41
      49
      47
      43
      51
      43
      52
      54
      44
      47
      51
      58
      57
      42
      57
      61
      49
      40
      60
      55
      68
      60
      51
      52
      45
      46
      62
      71
      74
      46
      48
      65
      50
      53
      38
      44
      65
      40
      51
      49
      54
      44
      48
      32
      60
      38
      71
      50
      55
      60
      55
      64
      47
      53
      46
      45
      52
      56
      47
      47
      59
      66
      49
      42
      49
      58
      45
      39
      64
      43
      74
      80
     115
     219
     333
     438
     548
     571
     467
     345
     234
     126
      81
      81
      63
      59
      48
      50
      67
      63
      55
      69
      58
      60
      44
      53
      41
      36
      48
      40
      59
      52
      50
      52
      73
     100
     118
     130
     134
     134
     103
      80
      81
      65
      44
      43
      41
      46
      44
      54
      40
      48
      40
      50
      43
      43
      40
      44
      36
      42
      55
      34
      40
      48
      37
      43
      46
      57
      44
      48
      59
      57
      49
      71
      57
      42
      36
      44
      36
      39
      39
      46
      35
      35
      41
      47
      48
      47
      47
      37
      50
      35
      41
      44
      37
      38
      49
      37
      46
      38
      36
      36
      39
      38
      35
      53
      42
      46
      37
      32
      35
      40
      30
      46
      37
      46
      43
      39
      36
      45
      42
      29
      46
      38
      40
      38
      41
      45
      50
      34
      38
      42
      35
      33
      41
      44
      48
      47
      43
      29
      37
      44
      40
      36
      36
      43
      24
      32
      40
      35
      29
      64
      37
      41
      41
      48
      34
      29
      24
      37
      29
      38
      40
      39
      30
      32
      23
      30
      33
      36
      35
      32
      31
      35
      39
      39
      30
      43
      27
      32
      33
      39
      34
      32
      44
      31
      25
      29
      38
      31
      35
      28
      30
      26
      24
      41
      45
      36
      25
      33
      41
      28
      39
      28
      31
      27
      33
      32
      33
      36
      30
      32
      28
      37
      24
      22
      29
      36
      38
      32
      31
      43
      45
      40
      43
      34
      33
      37
      35
      39
      32
      29
      30
      44
      23
      36
      34
      32
      43
      30
      32
      34
      40
      40
      31
      39
      31
      30
      31
      18
      21
      27
      36
      23
      34
      46
      37
      35
      27
      30
      37
      38
      38
      28
      34
      30
      44
      37
      28
      36
      30
      27
      29
      22
      37
      36
      27
      24
      42
      33
      28
      50
      28
      29
      32
      32
      41
      35
      32
      24
      32
      37
      32
      33
      23
      26
      30
      30
      34
      25
      44
      32
      39
      37
      30
      41
      41
      43
      20
      39
      32
      25
      40
      22
      34
      22
      26
      23
      33
      20
      29
      29
      35
      33
      31
      37
      29
      25
      29
      36
      27
      32
      30
      31
      31
      26
      19
      32
      22
      32
      21
      25
      33
      40
      32
      10
      33
      23
      26
      23
      36
      33
      41
      27
      19
      25
      22
      28
      28
      23
      31
      21
      35
      29
      31
      34
      27
      37
      37
      26
      18
      25
      21
      29
      22
      20
      35
      26
      27
      24
      35
      33
      28
      25
      39
      29
      48
      43
      68
      98
     138
     173
     188
     202
     159
     126
     103
      61
      45
      51
      45
      45
      54
      37
      34
      35
      29
      20
      27
      34
      38
      29
      24
      28
      37
      22
      25
      31
      30
      26
      29
      24
      31
      24
      33
      25
      39
      25
      23
      21
      35
      27
      26
      28
      28
      23
      35
      42
      45
      58
      86
     118
     189
     202
     194
     161
     117
      87
      44
      42
      31
      29
      40
      46
      57
      70
     118
     186
     210
     184
     160
     150
      95
      62
      54
      43
      29
      39
      30
      30
      24
      32
      40
      30
      22
      28
      36
      28
      38
      20
      26
      21
      31
      26
      27
      25
      26
      30
      29
      23
      31
      25
      20
      19
      31
      30
      32
      21
      28
      20
      18
      36
      28
      26
      28
      29
      26
      27
      22
      22
      28
      27
      22
      20
      21
      24
      29
      34
      24
      14
      34
      21
      21
      24
      26
      27
      26
      26
      24
      26
      20
      22
      27
      26
      25
      27
      30
      23
      29
      23
      20
      27
      13
      23
      26
      22
      26
      21
      31
      22
      24
      24
      33
      32
      27
      26
      27
      26
      23
      23
      23
      21
      30
      28
      36
      27
      27
      27
      43
      48
      42
      64
      74
     114
     176
     224
     347
     427
     630
     739
     781
     686
     588
     358
     222
     116
      77
      57
      51
      43
      32
      32
      24
      24
      21
      30
      31
      29
      30
      28
      21
      27
      28
      22
      27
      25
      21
      37
      29
      24
      22
      26
      22
      31
      29
      31
      24
      26
      21
      22
      24
      25
      21
      23
      24
      19
      25
      26
      19
      23
      26
      29
      20
      27
      28
      32
      27
      28
      35
      45
      67
      75
      78
      93
      85
      50
      47
      28
      29
      36
      31
      25
      18
      25
      25
      31
      30
      27
      22
      22
      26
      23
      26
      21
      23
      23
      19
      27
      27
      28
      19
      32
      27
      34
      28
      15
      19
      15
      24
      29
      24
      22
      29
      21
      22
      27
      20
      33
      31
      26
      22
      16
      23
      17
      20
      22
      20
      20
      22
      36
      27
      20
      25
      28
      15
      14
      24
      25
      26
      31
      17
      25
      33
      26
      21
      24
      16
      27
      26
      14
      28
      24
      20
      25
      21
      15
      16
      23
      17
      29
      21
      25
      19
      26
      24
      19
      18
      21
      19
      23
      24
      20
      16
      32
      18
      19
      19
      20
      30
      21
      19
      27
      19
      20
      19
      15
      20
      27
      27
      22
      21
      32
      17
      24
      36
      21
      19
      17
      30
      25
      25
      28
      24
      29
      23
      20
      18
      23
      26
      17
      19
      20
      24
      30
      23
      21
      19
      28
      20
      32
      14
      30
      22
      31
      17
      26
      33
      23
      25
      20
      18
      22
      26
      31
      26
      30
      22
      23
      19
      22
      22
      20
      20
      31
      18
      22
      26
      30
      19
      15
      33
      34
      29
      35
      27
      28
      33
      16
      16
      23
      13
      30
      23
      20
      29
      30
      36
      24
      25
      24
      24
      24
      22
      19
      25
      22
      23
      16
      17
      26
      18
      20
      23
      14
      21
      17
      26
      25
      17
      18
      26
      19
      20
      24
      34
      27
      17
      20
      22
      21
      25
      28
      25
      24
      39
      19
      36
      33
      25
      25
      27
      31
      23
      26
      21
      24
      26
      15
      33
      21
      16
      14
      19
      19
      30
      27
      16
      24
      29
      27
      22
      24
      21
      29
       8
      26
      27
      30
      31
      15
      28
      20
      19
      18
      24
      36
      54
      61
      65
      83
      70
      49
      42
      32
      28
      35
      26
      18
      23
      26
      21
      15
      25
      26
      23
      19
      23
      15
      22
      20
      24
      26
      15
      18
      14
      24
      33
      26
      29
      31
      32
      34
      24
      22
      29
      29
      19
      21
      19
      20
      22
      21
      21
      26
      25
      26
      27
      21
      25
      18
      28
      18
      21
      18
      19
      25
      23
      30
      16
      17
      17
      24
      15
      19
      21
      22
      19
      25
      16
      16
      22
      24
      19
      18
      17
      22
      24
      19
      16
      26
      19
      19
      20
      16
      16
      19
      23
      17
      16
      20
      28
      20
      34
      41
      38
      36
      46
      32
      35
      35
      25
      14
      25
      20
      21
      23
      30
      17
      24
      29
      21
      27
      26
      38
      37
      26
      31
      29
      19
      24
      18
      17
      22
      12
      31
      23
      19
      17
      23
      17
      15
      18
      16
      27
      13
      22
      20
      17
      21
      17
      20
      13
      25
      29
      19
      20
      22
      17
      22
      25
      14
      19
      15
      28
      19
      16
      21
      20
      14
      26
      27
      30
      25
      24
      16
      39
      24
      31
      10
      22
      22
      11
      15
      21
      22
      23
      18
      17
      23
      21
      19
      25
      12
      21
      19
      36
      22
      29
      39
      45
      51
      67
      59
      49
      44
      35
      25
      33
      27
      18
      26
      19
      22
      23
      19
      18
      20
      15
      18
      27
      19
      20
      17
      25
      20
      14
      20
      24
      27
      22
      19
      18
      16
      20
      26
      23
      24
      22
      18
      12
      25
      21
      23
      21
      19
      22
      26
      25
      21
      13
      19
      14
      17
      20
      18
      24
      12
      19
      24
      16
      18
      25
      18
      16
      20
      17
      19
      16
      18
      20
      16
      12
      26
      16
      25
      23
      14
      20
      25
      17
      22
      22
      18
      22
      26
      17
      32
      29
      37
      47
      59
      84
      87
     130
     112
     109
      76
      73
      39
      42
      32
      29
      14
      30
      12
      25
      19
      10
      26
      21
      19
      19
      26
      14
      22
      26
      19
      16
      18
      37
      20
      17
      24
      13
      20
      17
      23
      14
      16
      24
       8
      15
      11
      19
      21
      18
      21
      12
      23
      15
      13
      11
      15
      18
      15
      26
      21
      19
      23
      18
      19
      17
       8
      14
      20
      17
      18
      25
      12
      13
      20
      11
      19
      17
      14
       7
      22
      16
      21
      19
      28
      23
      28
      17
      20
      19
      27
      16
      20
      21
      14
      18
      16
      12
      28
      17
      30
      20
      20
      22
      23
      21
      26
      24
      12
      21
      20
      15
      19
      13
       9
      23
      15
      14
      26
      25
      19
      15
      22
      25
      20
      23
      23
      21
      21
      29
      20
      16
      19
      26
      16
      22
      19
      21
      24
      13
      15
      20
      23
      13
      12
      21
      15
      22
      15
      26
      22
      10
      14
       8
      18
       8
      13
      25
      18
      16
       8
      16
      19
      25
      20
      13
      20
      19
      11
      22
      14
      22
      21
       9
      15
      18
      22
      23
      11
      21
      11
      26
      18
      22
      15
      26
      13
      20
      18
      24
      22
      18
      13
      15
      15
      20
      14
      14
      21
      14
      19
       7
      14
      15
      10
      16
      18
      21
      20
      11
      18
      22
      12
      18
      19
      21
      37
      28
      18
      18
      17
      19
      14
      19
      13
      19
      30
      17
      18
      17
      12
      13
      17
      18
      20
      20
      21
      19
      23
      23
      12
      16
      15
      19
      21
      20
      15
      18
      14
      24
      22
      14
      17
      20
      16
      23
      19
      34
      41
      36
      42
      38
      46
      30
      32
      24
      22
      20
      20
      19
      21
      23
      24
      15
      11
      19
      11
      11
      19
      21
      12
      19
      12
      13
      21
      13
      19
      18
       9
      17
      16
      19
      12
      12
      18
      19
      21
      17
      15
      16
      13
      21
      18
      18
      20
      11
      17
      16
      22
      22
      17
      19
      17
      15
      15
      13
      24
      18
      22
      23
      16
      14
      19
      20
      22
      21
      15
      15
      12
      15
       9
      10
      24
       6
      20
      19
      23
      22
      19
      16
      17
      10
      15
      18
      16
      18
      10
      15
      13
      15
      19
      23
      18
      21
      13
      10
      13
      16
      14
      13
      14
      13
      16
      25
      22
      23
      31
      35
      27
      34
      44
      48
      45
      27
      35
      33
      35
      41
      58
      47
      49
      71
      81
      45
      48
      33
      29
      27
      19
       8
      27
      11
      15
      14
       9
      23
      18
      18
      11
      20
      17
      12
      20
      20
      21
      16
      18
      12
      12
      21
      11
      17
      22
      15
      13
      19
      16
      16
      22
      16
      13
      11
      16
      18
      13
      13
      12
      11
      14
      20
      15
      12
      15
      14
      14
      15
      15
      16
      20
      15
      14
      17
      16
      16
      22
      16
      14
      16
      17
      21
      12
      16
      15
      20
      10
      14
      16
      21
      12
      14
      13
      22
      26
      21
      21
      22
       6
      15
      17
      18
      17
      16
      16
      19
      13
      10
      25
      18
      14
      27
      17
      16
      11
      12
      14
      10
      23
      17
      16
      18
      13
      10
      20
       9
      14
      17
      19
      10
      15
      15
      12
      14
      18
      18
      13
      22
      22
      13
      16
       4
      17
      19
       8
      11
      18
      18
      13
      11
      14
      16
      18
      14
      13
      17
      20
      23
      13
       9
      13
      16
      10
      10
      18
      13
      13
      17
      15
      17
       8
      14
      20
      16
      18
      19
      21
      20
      18
      19
      21
      13
      23
      22
      19
      14
      10
      10
      21
      16
      27
      28
      22
      29
      37
      29
      33
      26
      19
      27
      21
      24
      15
      16
      25
      15
      17
      14
      15
      12
      19
      19
      15
      23
      14
      16
      15
      14
      16
      17
      17
      20
      20
      15
      16
      13
      18
      15
      16
      16
      17
      20
      17
      13
      28
      12
       7
      16
      16
      17
      12
      11
      10
      16
      17
      15
      11
      21
      12
      19
      11
      15
      11
      11
      21
      19
      12
      13
      16
      12
      12
      19
      16
      12
      19
      13
      14
      15
      17
      26
      19
      19
      17
      16
      22
      25
      23
      22
      15
      19
      16
       9
      16
      11
      17
       9
      20
      17
      20
      18
      16
      23
      20
      13
      14
      13
      19
      10
      19
      15
      12
      11
      11
      10
      18
      23
      25
      35
      30
      40
      52
      59
      88
      97
     119
     113
     109
      70
      52
      38
      19
      15
      15
      19
      15
      18
      18
      19
       8
      22
       9
      14
      20
      19
      13
      19
      12
      18
      11
      24
      25
      16
      11
      20
      15
      14
      18
      20
      17
      19
      17
      13
      18
      12
      11
      13
      20
      12
      16
      17
      14
      14
      10
      20
      23
      14
      15
      14
      17
      18
      17
      11
      10
      14
      17
      16
      13
       9
      13
      16
      15
      11
      11
      14
      15
      11
      17
      16
      12
      13
      16
      13
      17
      22
      18
      23
      14
      22
      20
      17
      13
      12
      12
      15
      19
      14
      12
      17
      15
      12
      13
      16
       8
      11
      16
      15
      13
      15
      13
      24
       8
      12
      14
      15
      18
      23
      19
      12
      12
      12
      14
      16
      18
      12
      12
      17
      19
      10
      13
      12
      15
      18
      16
      17
      16
      14
      17
      13
      16
      11
       9
      20
      16
      15
      19
      13
      12
      15
      13
      12
      14
      16
      19
      20
      16
       9
      16
      14
       6
      16
      11
      15
      13
      14
      15
      14
      12
      12
      15
      12
      15
      13
      20
      15
      15
      13
      21
      21
       9
      14
      14
      16
      17
      16
      14
      12
       9
      12
      11
      24
      14
       8
      13
      12
       8
      12
      13
      21
      10
      14
      18
      13
      14
      13
      15
      10
      17
      20
      17
      17
      14
       9
      18
      13
      16
       7
      14
       7
      10
      15
      17
      10
      10
      18
       8
      19
      11
       9
      17
      17
      20
      14
      12
      20
      18
      21
      13
      20
      13
      17
       7
      12
      12
      17
      15
      17
       9
      12
      21
      19
      11
      12
      16
      12
       6
      12
      20
      11
      11
      19
       9
      19
      11
      10
      10
      18
      23
      14
      17
      13
      18
      20
      19
      21
      18
      18
      13
      14
      11
      14
      16
      15
      15
      17
      13
      13
      13
      14
      11
      13
      18
      12
      11
      17
      16
      11
       5
       6
      13
      12
      11
      15
       9
      13
      10
      23
      14
      16
       4
      12
      12
      19
      16
      19
       9
      14
       7
      13
      13
      12
       7
      13
      11
      11
      21
      13
      10
       9
      18
      19
      17
      10
      15
      13
      14
      21
      17
       6
      15
      15
      10
      16
      10
       8
      14
      13
      15
      14
      11
      10
      12
       7
      13
      11
      10
      18
      11
      21
      17
      20
      15
      12
      12
      16
      10
      12
       9
      13
      13
       7
      13
      17
      15
      12
      11
      10
       9
      17
       9
      12
      12
      12
      13
       9
      11
      19
      13
      14
      13
      13
      14
      18
      15
      15
      11
       7
      16
       7
       9
      11
      10
       9
      18
      13
      13
      12
      12
      12
       9
       9
      14
      14
      13
       9
      10
       9
      14
      13
      15
      15
       8
       9
      12
       9
      15
      10
      10
      11
      15
       8
      10
      24
      13
      20
      10
      11
      14
      10
      11
      17
      14
      13
      18
      12
      20
       9
      20
      11
      14
      13
      14
      15
      11
       9
      14
       9
      10
       9
      13
      12
       9
      21
      15
      18
      14
      18
      19
      23
      21
      22
      25
      21
      25
      29
      32
      31
      25
      16
      18
      13
      17
      15
      15
      10
      14
      10
      10
      11
      13
      16
      18
      14
      19
      14
      11
      14
       9
      11
      10
      17
      11
      15
      13
      10
      11
      14
       9
      13
       7
      14
      12
      15
      14
      10
      12
      10
      13
      14
      11
      12
       6
       9
      11
      13
      14
      12
      13
      20
      12
      14
       7
      22
      22
      20
      27
      28
      34
      31
      55
      67
      80
      78
      83
      58
      60
      53
      36
      28
      26
      18
      17
      23
      15
      12
      19
      16
      10
      14
      15
       7
      10
      27
      14
       9
      18
      13
      13
      11
      17
       8
       6
      14
      18
      11
       9
      14
       8
       6
      16
      15
      11
       8
       8
      13
       9
      13
      18
      16
      19
      16
      19
      18
      22
      26
      21
      34
      36
      26
      29
      26
      16
      17
      16
      12
      16
      12
      22
      14
      14
       9
      12
      11
      15
       9
      10
       9
       7
      11
      11
      11
      16
      13
       9
       6
      10
      15
      10
      16
      13
      16
      11
       9
      13
       8
      12
       6
      14
      16
      14
      13
      14
      15
      14
      13
      12
      16
      10
      13
       8
       9
       8
      14
      14
       6
       8
      10
      12
       7
       8
       5
      15
      15
      10
       9
      12
      12
       9
       8
      14
       9
       9
      10
      16
      14
      18
      17
      12
      14
      14
      14
      10
      10
      10
      18
      16
       9
      16
      12
       8
       8
      11
      21
      17
      18
      12
      17
      16
      15
      17
      14
      16
      15
       9
      14
      17
      12
      10
      12
      13
      16
      19
      12
      13
      13
       9
      12
      15
      16
       9
      10
      14
      15
      20
       8
      12
      10
      15
      18
       9
      11
      15
       8
      16
      22
       8
       9
      17
      12
      14
      13
      10
      12
       9
      15
      17
      23
      19
      13
      19
      16
      16
       5
      12
      14
      14
      10
       9
      17
      21
      16
      13
      19
      11
      28
      21
      25
      39
      32
      30
      30
      23
      25
      18
      15
      14
      16
      19
      21
      12
      13
      10
      12
      14
      12
       7
      13
      13
      10
      22
      14
       6
      14
      16
      17
       9
       9
       9
      15
      15
      15
      13
      16
      10
       6
      12
      20
       9
      11
      14
      17
      18
      10
      12
      19
      15
      18
      15
      17
      18
      13
      12
      18
      13
      15
      15
      19
      15
      12
      10
      14
      17
       6
      14
      15
      16
      11
      13
      13
      17
      10
      11
      10
       8
      25
      14
       8
      26
       8
      10
      12
       9
      13
      10
      14
      17
       9
      17
       9
      11
       9
       9
      18
      15
      14
       8
      10
      13
      16
      12
       7
       9
      14
      10
       9
       9
      10
      10
      10
      14
      11
      13
      15
      16
      18
      11
       9
      11
      15
       9
      14
      13
      11
      12
      17
      15
       9
      13
      12
       7
       8
      13
      12
      10
       6
      10
      11
      14
      13
      12
      21
      11
      13
      14
      12
      12
      16
      17
       9
      15
      12
      10
      11
      10
      18
       7
       8
      12
      11
      12
      13
       8
       9
      12
       6
      18
      13
      13
      14
      15
      20
      10
      11
      17
       8
      10
      16
       9
       9
       6
      12
       8
       8
      15
      13
      12
      17
      10
      15
      15
      10
      13
       8
      13
      10
      14
      11
       9
       6
      19
      11
      14
       8
      11
      15
      15
      13
      15
      19
      18
      14
      12
      11
      12
      10
      13
      15
      17
      12
      11
      12
       9
       9
      14
      17
      11
      12
      13
      11
      15
      16
      15
      11
      14
      13
      14
      16
      12
      13
       7
      13
      16
      10
      17
       8
      10
       8
      13
      12
       8
      15
      14
      13
      17
       4
       8
      10
      10
      11
      15
       7
      10
       8
      12
      16
       7
      13
      10
       9
       8
      16
       8
      15
      10
      15
      10
      10
      16
      13
      10
      11
      12
       8
      13
      10
       7
      13
      20
      15
       9
      15
       9
      11
      12
       5
       9
      10
      10
      14
       7
      18
      18
      14
      13
      11
      12
      13
       8
       8
      15
      11
      17
      12
      17
      11
      16
      19
      10
      16
       9
       7
       8
      14
      15
       9
      14
      10
       7
       9
      18
      17
      17
       6
      10
      13
      16
      14
      11
      16
      12
      18
      14
      12
       8
      13
      14
      18
      10
      13
      11
      23
      13
      15
       9
       8
       9
      13
      11
       8
      13
      16
      13
      11
      11
      16
      20
      16
      13
      17
      15
      18
      17
       9
      14
      11
      18
      13
      12
      15
      13
       8
      24
      11
      10
      17
      15
       9
      20
      10
      20
      21
      15
      16
      16
      11
      13
      16
       7
      12
      15
      17
      14
       9
      13
      12
      12
      17
      11
      10
      15
      13
       8
      16
      12
      19
      15
      12
      13
      16
      10
      15
      10
      11
      11
      13
       9
      13
      10
       8
       8
      11
      16
      11
       9
       9
      10
      13
      11
       8
      14
      11
      10
      11
       8
      10
       9
      12
      12
       7
       8
      12
       8
      11
      12
      10
       7
      10
       7
      13
      13
      12
      16
      15
      15
      10
      14
      13
      16
      17
      19
      28
      28
      21
      21
      11
      14
      13
       6
      11
       6
       7
      10
      11
      12
       9
       8
      11
       9
       8
       8
       8
      11
      12
       9
       8
      10
       8
      12
       8
      10
      11
       9
       7
       8
      13
       9
       5
       9
      14
       6
       9
      10
      13
      13
       9
      11
       8
       8
       7
      13
       7
       7
      11
      11
       4
       9
      13
      11
      18
      10
      12
      13
      14
      13
      14
      13
      14
      14
      17
      16
      17
      12
      16
      15
      12
      15
      12
      12
       8
       8
      16
       7
       8
       6
      10
      15
      11
       6
       6
      14
       6
      10
      14
       6
       4
       7
       6
      14
       8
      13
       6
      12
       4
       7
       8
      12
       5
       7
       8
       9
       3
       7
       9
       8
       7
       5
      12
       4
      13
       4
       7
       9
       8
       4
      13
      10
      13
      12
       5
       5
       7
       6
       8
       8
       8
      12
       8
       6
       4
       8
       5
       5
       6
      10
       8
       6
       6
       9
       9
       8
       6
       5
       4
       8
      10
       9
       7
      10
       9
       7
       5
       8
       6
       8
      15
       9
       8
       8
       8
       6
       7
      13
      10
      12
       5
       7
       6
       4
       3
       8
       6
       8
       6
      12
      10
       6
       8
       8
       8
       3
       8
      11
       6
       7
      10
       8
       8
      13
       3
      11
       2
       7
      11
      14
       9
       4
       3
       6
      10
       6
       7
      10
      18
      16
      21
      26
      41
      45
      53
      51
      55
      70
      56
      65
      48
      39
      18
      14
      10
       6
      11
       8
       4
       6
       6
      13
       6
       3
       5
       7
       4
       4
       4
       9
       5
      10
       9
       7
       6
       7
       7
       6
       4
       6
       8
       8
       5
       9
       7
       4
       8
       6
       8
       5
       7
       9
       5
       5
       7
       6
       4
       4
       5
       8
       6
       4
       6
       7
       5
       7
       4
       3
       5
       3
       5
       4
       4
       5
       7
       6
       8
       9
       4
       2
       5
       3
       4
       6
       6
       3
       2
      12
       8
      10
       7
       4
       7
      11
       8
       8
      11
      12
       5
      11
      10
      10
       8
       8
       4
       3
       7
       4
       5
       6
       6
       8
       4
       8
       5
       7
       9
       7
       4
       5
       6
      14
       3
       3
       5
       7
       5
       5
       4
       4
       5
       6
       3
       3
       4
       2
       9
       3
       3
       6
       4
       1
       3
      14
       6
       6
       6
       7
      12
       6
      11
      13
       7
       8
       9
      15
       7
       7
      12
      12
      10
      11
       8
       5
       4
       6
      10
       3
       5
       8
       5
       7
       8
       7
       6
       5
       9
       2
       7
       4
       5
       3
       5
       7
       6
       6
       2
       4
       5
       9
       5
       9
       4
       8
       3
       8
       9
       7
       5
       9
       6
       4
       4
       3
       4
       3
       4
       5
       6
       1
       7
       6
       1
       9
       5
       5
       8
       4
       4
       4
      11
       5
      10
       7
       2
       5
       3
       3
       8
       7
       9
       5
       6
       3
       5
      11
       6
       4
       1
       5
       8
       3
       5
       6
       5
       7
       6
       5
       5
       2
       6
       7
       2
       8
       4
       4
       8
       2
       3
       3
       7
       4
       9
       2
       5
      11
       1
       1
       1
       4
       3
      14
       6
       8
       7
       5
       6
       5
       1
       6
       6
       5
       7
       5
       3
       2
      10
       5
       6
       5
      11
       4
       4
       4
       8
       7
       5
       7
       6
       5
      10
       8
       6
       7
       4
       7
       7
       8
       6
       9
       6
       4
       5
       8
       3
       7
       5
       7
      10
       5
       6
       4
       4
       4
       4
      10
       7
       4
       5
       9
       7
       4
       7
       6
       1
       7
      11
       3
       5
       6
      15
      16
      20
      34
      28
      41
      49
      94
     117
     171
     178
     213
     261
     234
     230
     194
     159
     122
      80
      56
      36
      28
      15
      13
       7
       8
       6
      12
       4
       5
       9
       5
       5
       5
      11
       2
       7
       6
       7
       4
       5
       4
       6
       6
       3
       8
       4
       2
       6
       4
       5
       3
       6
       6
       5
       3
       7
       6
       7
       7
       3
       8
       4
       4
       4
      10
       7
       5
       4
       3
       6
       9
       4
       3
       3
       8
       6
       5
       7
       4
       4
       3
       7
       4
       3
       4
       3
       8
       5
       7
       6
       3
       5
       5
       7
       4
       0
       4
       8
       2
       9
       6
       6
       2
       6
       3
       4
       7
       2
       2
       4
       8
       4
       4
       3
       2
       7
       6
       3
       3
       8
       5
       4
       6
       1
       4
       4
      11
       7
       5
       2
       2
       6
       7
       6
       2
       2
       6
       2
       7
       6
       3
       4
       3
       4
       3
       6
       7
       4
       1
       3
       5
       6
       5
       6
       1
       6
       4
       5
       3
       3
       5
       3
       6
       2
       2
       2
       7
       4
       5
       5
       9
       4
       2
       2
       3
       4
       7
       2
       8
       5
       4
       3
       4
       8
       2
       8
       1
       1
       5
       4
       3
       3
       7
       6
       8
       5
       5
       2
       2
       8
       4
       2
       8
       6
       5
       5
       7
       6
       9
       3
       5
       1
       6
       4
       3
       5
       8
      11
       4
       5
       2
       4
       5
       4
       6
       6
       5
       2
       2
       3
       0
       3
       4
       2
       4
       5
       5
       4
       5
       3
       4
       1
       7
       4
       6
       8
       2
       2
       7
       3
       2
       4
       6
       3
       4
       3
       5
       5
       4
       6
       3
       0
       5
       4
       4
       3
       4
       6
       3
       5
       4
       3
       4
       4
       7
       4
       6
       5
       6
       2
       0
       3
       6
       0
       1
       4
       4
       4
       8
       2
       2
       3
       2
       5
       1
       2
       4
       2
       3
       5
       6
       5
       5
       5
       3
       4
       5
       5
       6
       4
       4
       4
       5
       6
       6
       4
       4
       5
       5
       2
       6
       2
       5
       3
       4
       6
       1
       4
       5
       4
       2
       7
       3
       3
       4
       4
       3
       0
       3
       1
       3
       7
       3
       6
       8
       7
       9
       3
       5
       8
       6
       3
       8
       7
       7
       6
       9
       5
       9
       3
       7
       2
       3
       4
       3
       2
       4
       3
       8
       1
       4
       7
       3
       2
       0
       1
       3
       4
      10
       5
       1
       2
       7
       3
       5
       1
       2
       5
       4
       3
       4
       3
       6
       5
       4
       5
       5
       2
       3
       2
       4
       5
       2
       5
       5
       5
       2
       2
       3
       1
       1
       2
       5
       0
       6
       2
       1
       2
       4
       6
       2
       4
       8
       3
       5
       4
       8
       5
       9
       3
       2
       4
       5
       1
       3
       3
       3
       3
       3
       3
       4
       2
       8
       6
       1
      10
       2
       2
       8
       2
       6
       5
       4
       5
       7
       4
       7
       3
       2
       4
       3
       3
       2
       3
       5
       5
       9
       4
       3
       5
       4
       2
       4
       3
       2
       3
       1
       1
       4
       4
       5
       1
       4
       1
       5
       2
       4
       6
       5
       1
       2
       6
       3
       3
       2
       7
       6
       3
       4
       3
       1
       3
       4
       7
       5
       4
       6
       3
       1
       4
       4
       3
       6
       1
       6
       5
       8
       5
       1
       4
       7
       6
       3
       7
       4
       3
       8
       5
       7
       4
       4
       4
       3
       2
       4
       6
       2
       3
       7
       3
       4
       7
       2
       3
       3
       2
       2
       2
       3
       2
       3
       2
       4
       4
       6
       1
       5
       3
       5
       4
       2
       3
       2
       7
       4
       3
       6
       2
       7
       5
       1
       4
       1
       4
       4
       6
       1
       3
       6
       4
       3
       3
       1
       1
       2
       6
       1
       4
       1
       6
       2
       4
       2
       0
       5
       4
       5
       1
       4
       4
       4
       2
       5
       1
       2
       1
       2
       6
       2
       5
       0
       5
       7
       0
       2
       4
       6
       4
       3
       1
       2
       4
       1
       2
       1
       5
       4
       1
       6
       4
       7
       2
       3
       4
       1
       1
       3
       1
       5
       1
       1
       3
       3
       1
       1
       0
       3
       5
       5
       3
       2
       6
       2
       4
       2
       4
       1
       3
       1
       2
       8
       1
      12
      13
      11
       6
      26
      17
      14
      20
      24
      32
      30
      37
      27
      27
      20
      25
      20
      13
       7
      11
       1
       6
       6
       6
       6
       5
       2
       7
       6
       4
      11
       7
       5
       7
       9
       6
       9
       4
       9
       9
       5
       5
       4
       2
       2
       5
       0
       3
       3
       2
       3
       0
       0
       1
       3
       5
       1
       3
       1
       2
       4
       2
       3
       3
       3
       3
       2
       2
       6
       3
       3
       2
       3
       3
       4
       3
       4
       4
       4
       4
       6
       8
       2
       6
       1
       5
       2
       1
       0
       3
       0
       1
       1
       2
       1
       4
       6
       0
       2
       2
       2
       4
       0
       4
       5
       5
       3
       5
       4
       8
       5
       8
       6
       8
       9
       8
       6
       4
       4
       5
       1
       7
       2
       5
       4
       3
       3
       4
       1
       3
       0
       4
       2
       0
       3
       7
      10
       1
       3
       5
       5
       3
       0
       1
       0
       1
       1
       3
       6
       3
       3
       1
       3
       6
       4
       2
       4
       4
       2
       2
       5
       2
       1
       1
       4
       3
       5
       3
       5
       5
       1
       2
       2
       1
       4
       2
       3
       1
       1
       2
       4
       5
       0
       2
       2
       1
       6
       3
       2
       6
       3
       2
       6
       1
       2
       3
       3
       1
       6
       1
       4
       3
       1
       3
       1
       0
       3
       1
       1
       2
       4
       6
       0
       2
       3
       3
       3
       1
       5
       4
       3
       2
       1
       1
       4
       3
       4
       1
       6
       0
       3
       2
       3
       2
       3
       1
       1
       1
       2
       0
       4
       0
       3
       2
       4
       5
       1
       5
       3
       2
       2
       1
       3
       6
       2
       3
       6
       1
       4
       4
       3
       1
       1
       1
       2
       3
       0
       3
       4
       2
       2
       2
       1
       4
       4
       2
       1
       4
       6
       0
       1
       0
       4
       3
       0
       5
       4
       4
       0
       3
       4
       2
       0
       3
       0
       1
       1
       2
       4
       2
       5
       0
       1
       3
       4
       2
       5
       0
       3
       4
       2
       5
       1
       0
       3
       3
       7
       1
       4
       1
       2
       3
       7
       3
       0
       3
       3
       2
       3
       2
       2
       1
       1
       1
       3
       2
       3
       1
       1
       4
       2
       3
       2
       2
       3
       0
       0
       4
       3
       2
       3
       3
       4
       2
       1
       3
       4
       2
       2
       5
       2
       2
       2
       2
       3
       2
       4
       2
       4
       2
       1
       1
       3
       1
       5
       0
       4
       1
       2
       4
       4
       0
       1
       0
       1
       3
       3
       1
       2
       3
       1
       0
       3
       0
       3
       4
       1
       2
       3
       2
       3
       0
       3
       1
       2
       3
       1
       1
       4
       3
       0
       3
       2
       5
       2
       1
       2
       1
       4
       4
       0
       2
       4
       3
       4
       4
       2
       4
       3
       0
       4
       4
       0
       1
       4
       0
       1
       2
       2
       2
       2
       3
       1
       2
       3
       0
       4
       2
       2
       3
       2
       0
       0
       3
       4
       2
       1
       3
       3
       1
       3
       4
       1
       3
       2
       4
       1
       3
       3
       4
       7
       6
       6
       8
       8
      13
      13
      15
      16
      27
      32
      38
      27
      36
      51
      38
      37
      25
      20
      17
      11
       6
       7
       3
       3
       3
       2
       3
       0
       6
       5
       1
       1
       4
       0
       4
       3
       6
       3
       0
       3
       1
       1
       0
       0
       1
       2
       0
       2
       0
       3
       2
       2
       1
       3
       0
       1
       3
       1
       1
       2
       1
       2
       0
       4
       4
       1
       1
       2
       0
       1
       3
       1
       3
       1
       2
       1
       4
       1
       1
       3
       2
       1
       0
       1
       1
       1
       1
       1
       3
       0
       1
       1
       1
       0
       1
       1
       1
       0
       2
       2
       2
       5
       0
       1
       2
       1
       2
       3
       1
       2
       3
       2
       6
       1
       2
       2
       2
       2
       0
       0
       2
       1
       3
       5
       1
       3
       0
       2
       2
       1
       1
       3
       0
       2
       0
       0
       2
       2
       1
       0
       1
       3
       1
       4
       3
       1
       0
       2
       2
       1
       3
       0
       3
       3
       1
       0
       2
       0
       2
       1
       4
       1
       3
       2
       1
       5
       3
       0
       2
       3
       2
       4
       4
       0
       4
       3
       2
       2
       2
       4
       1
       2
       1
       2
       1
       1
       3
       1
       3
       0
       2
       2
       0
       2
       2
       1
       0
       2
       2
       1
       1
       2
       1
       0
       2
       2
       2
       2
       4
       2
       2
       2
       0
       0
       2
       2
       2
       0
       3
       0
       2
       2
       2
       2
       1
       2
       1
       0
       3
       1
       1
       4
       0
       0
       0
       1
       1
       2
       2
       1
       0
       3
       0
       4
       0
       1
       1
       2
       3
       2
       2
       2
       4
       0
       1
       2
       2
       0
       2
       0
       2
       3
       3
       2
       2
       2
       2
       2
       0
       0
       0
       2
       0
       0
       2
       1
       1
       2
       1
       0
       2
       2
       1
       0
       4
       1
       1
       1
       3
       2
       0
       2
       0
       1
       3
       2
       2
       0
       1
       1
       2
       0
       1
       2
       0
       1
       2
       2
       1
       1
       0
       1
       0
       1
       0
       1
       0
       0
       0
       1
       0
       0
       1
       1
       4
       0
       2
       0
       3
       2
       1
       1
       0
       1
       0
       0
       2
       4
       3
       1
       1
       8
       0
       0
       0
       0
       1
       0
       1
       0
       2
       3
       0
       1
       2
       1
       1
       0
       0
       2
       1
       3
       3
       4
       3
       2
       8
       3
       2
       7
       3
       3
       5
       0
       0
       2
       3
       0
       1
       0
       0
       1
       1
       0
       1
       1
       1
       0
       1
       1
       2
       1
       0
       0
       0
       0
       0
       1
       0
       1
       3
       1
       0
       1
       1
       0
       0
       0
       0
       1
       2
       3
       0
       1
       1
       1
       2
       0
       2
       0
       1
       0
       1
       2
       1
       0
       1
       0
       0
       0
       1
       2
       1
       0
       2
       0
       3
       1
       1
       2
       1
       1
       1
       0
       1
       1
       1
       1
       1
       1
       1
       1
       1
       2
       4
       2
       3
       3
       0
       3
       3
       1
       1
       2
       1
       1
       1
       0
       1
       1
       0
       0
       1
       0
       1
       3
       0
       0
       2
       0
       0
       2
       2
       1
       2
       2
       0
       0
       3
       2
       0
       1
       1
       1
       2
       1
       1
       3
       1
       0
       2
       0
       0
       0
       0
       0
       0
       0
       1
       0
       0
       0
       0
       1
       1
       0
       1
       0
       2
       0
       2
       2
       0
       1
       1
       0
       0
       2
       1
       0
       0
       3
       1
       0
       1
       0
       4
       2
       0
       6
       6
       2
      11
       8
      11
      18
       4
      15
      13
      20
      28
      18
      14
       8
      10
       9
       5
       3
       2
       0
       1
       0
       2
       1
       1
       1
       2
       1
       1
       0
       1
       0
       0
       0
       0
       1
       1
       0
       0
       0
       0
       0
       0
       0
       0
       0
       0
       2
       2
       1
       2
       0
       2
       0
       0
       1
       0
       0
       0
       0
       1
       0
       0
       0
       1
       2
       1
       0
       0
       0
       0
       1
       0
       0
       1
       1
       1
       2
       0
       0
       0
       0
       0
       2
       1
       1
       2
       1
       1
       0
       0
       1
       0
       1
       2
       1
       1
       1
       1
       0
       0
       0
       1
       1
       0
       0
       1
       0
       0
       0
       0
       0
       0
       1
       2
       0
       0
       1
       0
       0
       0
       1
       0
       0
       0
       0
       2
       0
       0
       1
       1
       0
       0
       1
       1
       1
       0
       0
       0
       1
       0
       1
       1
       1
       0
       1
       1
       1
       0
       2
       2
       1
       1
       2
       4
       3
       2
       3
       0
       0
       0
       0
       1
       0
       0
       0
       0
       2
       0
       0
       1
       0
       0
       0
       0
       0
       0
       0
       0
       1
       0
       1
       0
       0
       2
       1
       0
       0
       1
       1
       0
       1
       0
       1
       1
       1
       0
       1
       0
       2
       0
       1
       0
       1
       0
       0
       1
       1
       0
       0
       0
       1
       0
       0
       0
       1
       1
       0
       0
       1
       0
       0
       0
       0
       0
       1
       0
       1
       0
       3
       2
       0
       1
       1
       0
       0
       1
       0
       0
       0
       0
       0
       0
       0
       1
       0
       0
       0
       0
       1
       1
       0
       0
       0
       0
       0
       0
       0
       0
       0
       0
       0
       0
       0
       0
       2
       0
       0
       0
       0
       1
       0
       0
       0
       0
       0
       1
       0
       1
       3
       0
       1
       0
       0
       0
       1
       1
       1
       1
       0
       1
       1
       1
       1
       0
       2
       0
       0
       0
       1
       0
       0
       0
       1
       0
       2
       0
       0
       1
       0
       0
       1
       0
       1
       0
       0
       0
       0
       0
       0
       0
       0
       0
       0
       0
       1
       1
       0
       0
       3
       1
       1
       0
       2
       1
       2
       0
       1
       1
       1
       3
       5
       5
       5
       9
       6
       4
      10
       9
      16
      24
      24
      22
      29
      17
      29
      33
      27
      29
      10
      10
       0
       0
       0
       0
       0
       0
       0
       0
       0
       0
       0
       0
       0
       0
       0
       0
       0
       0
       0
       0
       0
       0
       0
       0
       0
       0
       0
       0
       0
       0
       0
       0
       0
       0
       0
       0
       0
       0
       0
       0
       0
       0
       0
       0
       0
       0
       0
       0
       0
       0
       0
       0
       0
       0
       0
       0
       0
       0
       0
       0
       0
       0
       0
       0
       0
       0
       0
       0
       0
       0
       0
       0
       0
       0
       0
       0
       0
       0
       0
       0
       0
       0
       0
       0
       0
       0
       0
       0
       0
       0
       0
       0
       0
       0
       0
       0
       0
       0
       0
       0
       0
       0
       0
       0
       0
       0
       0
       0
       0
       0
       0
       0
       0
       0
       0
       0
       0
       0
       0
       0
       0
       0
       0
       0
       0
       0
       0
       0
$ROI:
0
$PRESETS:
Live Time
600
0
$ENER_FIT:
90.474091 0.354313
$MCA_CAL:
3
9.047409E+001 3.543133E-001 0.000000E+000 keV
$SHAPE_CAL:
3
0.000000E+000 0.000000E+000 0.000000E+000
