$SPEC_ID:
Cs137
$SPEC_REM:
DET# 2
DETDESC# DETECTOR 2
AP# Maestro Version 7.01
$DATE_MEA:
02/12/2017 21:54:20
$MEAS_TIM:
600 640
$DATA:
0 8191
       0
       0
       0
       0
       0
       0
       0
       0
       0
       0
       0
       0
       0
       0
       0
       0
       0
       0
       0
       0
       0
       0
       0
       0
       0
       0
       0
       0
       0
       0
       0
       0
       0
       0
       0
       0
       0
       0
       0
       0
       0
       0
       0
       0
       0
       0
       0
       0
       0
       0
       0
       0
       0
       0
       0
       0
       0
       0
       0
       0
       0
       0
       0
       0
       0
       0
       0
       0
       0
       0
       0
       0
       0
       0
       0
       0
       0
       0
       0
       0
       0
       0
       0
       0
       0
       0
       0
       0
       0
       0
       0
       0
       0
       0
       0
       0
      58
     843
    1321
    1323
    1307
    1275
    1304
    1264
    1264
    1301
    1385
    1331
    1287
    1314
    1336
    1363
    1342
    1291
    1355
    1403
    1328
    1314
    1375
    1328
    1345
    1320
    1360
    1383
    1328
    1430
    1404
    1425
    1413
    1408
    1400
    1436
    1434
    1372
    1388
    1344
    1362
    1391
    1409
    1425
    1423
    1446
    1431
    1447
    1485
    1490
    1438
    1533
    1520
    1522
    1532
    1573
    1645
    1698
    1681
    1663
    1666
    1679
    1707
    1708
    1735
    1714
    1764
    1691
    1765
    1722
    1781
    1815
    1776
    1784
    1743
    1799
    1813
    1807
    1847
    1791
    1783
    1896
    1877
    1870
    1901
    1891
    2015
    1919
    1972
    1997
    2229
    3097
    5250
    6733
    5774
    3695
    3399
    5244
    9064
   10335
    7259
    3798
    2458
    1880
    1888
    1818
    1707
    1693
    1626
    1594
    1631
    1594
    1614
    1588
    1659
    1552
    1618
    1670
    1658
    1651
    1716
    1847
    2514
    3745
    4713
    4575
    3511
    2409
    1944
    2001
    2242
    2655
    2392
    2047
    1740
    1662
    1577
    1611
    1594
    1607
    1570
    1584
    1625
    1683
    1643
    1602
    1654
    1664
    1618
    1619
    1656
    1609
    1571
    1570
    1537
    1540
    1619
    1573
    1585
    1546
    1604
    1619
    1650
    1573
    1580
    1511
    1613
    1624
    1475
    1622
    1652
    1535
    1656
    1619
    1580
    1644
    1621
    1630
    1656
    1674
    1646
    1647
    1633
    1740
    1690
    1634
    1694
    1746
    1688
    1728
    1797
    1781
    1705
    1773
    1870
    1784
    1850
    1755
    1761
    1793
    1876
    1899
    1922
    1884
    1834
    1785
    1886
    1791
    1879
    1825
    1806
    1827
    1884
    1771
    1791
    1854
    1778
    1843
    1824
    1703
    1897
    1745
    1801
    1786
    1860
    1748
    1806
    1865
    1780
    1881
    1925
    1738
    1766
    1805
    1821
    1861
    1887
    1803
    1757
    1867
    1817
    1859
    1864
    1760
    1895
    1827
    1919
    2042
    2542
    2910
    2870
    2425
    2022
    1874
    1877
    1944
    1895
    1840
    1794
    1825
    1734
    1712
    1643
    1610
    1620
    1588
    1626
    1549
    1989
    3825
    9505
   17209
   19117
   12906
    6027
    3111
    2190
    1892
    1780
    1628
    1622
    1639
    1532
    1560
    1538
    1483
    1479
    1566
    1447
    1503
    1492
    1423
    1468
    1388
    1487
    1509
    1596
    1848
    1872
    1807
    1562
    1515
    1551
    1484
    1455
    1511
    1508
    1539
    1522
    1482
    1459
    1511
    1506
    1492
    1497
    1426
    1457
    1458
    1479
    1478
    1486
    1522
    1513
    1491
    1506
    1499
    1484
    1471
    1478
    1592
    1404
    1494
    1553
    1480
    1490
    1555
    1492
    1513
    1552
    1565
    1602
    1592
    1584
    1596
    1570
    1641
    1657
    1732
    1684
    1666
    1727
    1701
    1793
    1804
    1690
    1780
    1793
    1739
    1797
    1775
    1834
    1739
    1803
    1823
    1766
    1797
    1769
    1700
    1811
    1746
    1811
    1790
    1697
    1687
    1792
    1730
    1666
    1705
    1730
    1741
    1759
    1671
    1706
    1731
    1723
    1666
    1734
    1687
    1729
    1660
    1685
    1681
    1764
    1739
    1712
    1701
    1720
    1710
    1641
    1647
    1701
    1667
    1680
    1699
    1684
    1688
    1619
    1620
    1632
    1633
    1676
    1589
    1532
    1643
    1567
    1595
    1521
    1593
    1563
    1460
    1549
    1532
    1533
    1536
    1580
    1568
    1504
    1523
    1583
    2083
    2844
    3892
    3793
    2835
    2113
    1703
    1592
    1504
    1518
    1524
    1520
    1623
    1570
    1891
    2989
    4955
    6432
    5744
    3626
    2417
    1792
    1634
    1591
    1596
    1548
    1490
    1533
    1438
    1452
    1407
    1460
    1427
    1406
    1482
    1411
    1476
    1488
    1447
    1437
    1434
    1415
    1391
    1452
    1403
    1385
    1415
    1471
    1438
    1435
    1442
    1407
    1428
    1396
    1357
    1383
    1451
    1449
    1400
    1402
    1427
    1401
    1360
    1359
    1377
    1369
    1477
    1336
    1409
    1372
    1435
    1411
    1459
    1423
    1356
    1557
    2087
    3159
    4192
    4332
    3050
    2019
    1646
    1444
    1394
    1407
    1422
    1391
    1428
    1387
    1345
    1355
    1370
    1324
    1380
    1368
    1351
    1314
    1373
    1365
    1308
    1355
    1344
    1305
    1257
    1318
    1298
    1257
    1339
    1325
    1374
    1366
    1291
    1303
    1338
    1340
    1308
    1285
    1358
    1327
    1247
    1362
    1315
    1357
    1329
    1344
    1317
    1273
    1313
    1316
    1271
    1388
    1357
    1371
    1302
    1325
    1361
    1252
    1276
    1253
    1305
    1293
    1297
    1284
    1259
    1336
    1305
    1361
    1283
    1293
    1310
    1285
    1190
    1306
    1279
    1283
    1295
    1256
    1364
    1301
    1301
    1249
    1179
    1311
    1243
    1285
    1228
    1392
    1296
    1313
    1319
    1300
    1290
    1347
    1342
    1280
    1304
    1271
    1286
    1273
    1301
    1300
    1343
    1326
    1327
    1381
    1257
    1219
    1327
    1312
    1335
    1287
    1299
    1340
    1325
    1234
    1264
    1259
    1299
    1257
    1322
    1358
    1322
    1256
    1275
    1231
    1264
    1316
    1308
    1244
    1292
    1306
    1292
    1271
    1328
    1265
    1302
    1294
    1278
    1276
    1327
    1226
    1330
    1318
    1266
    1335
    1216
    1276
    1245
    1255
    1350
    1276
    1271
    1350
    1281
    1274
    1284
    1225
    1332
    1274
    1320
    1249
    1353
    1278
    1299
    1298
    1243
    1324
    1333
    1331
    1370
    1376
    1273
    1262
    1298
    1345
    1287
    1278
    1299
    1342
    1362
    1322
    1281
    1235
    1265
    1284
    1333
    1267
    1366
    1393
    1328
    1338
    1360
    1344
    1463
    1394
    1441
    1432
    1372
    1342
    1339
    1393
    1304
    1280
    1368
    1346
    1320
    1327
    1377
    1300
    1341
    1333
    1344
    1333
    1294
    1387
    1387
    1313
    1328
    1393
    1416
    1467
    1372
    1418
    1432
    1399
    1277
    1335
    1339
    1406
    1382
    1379
    1332
    1335
    1397
    1377
    1426
    1413
    1358
    1365
    1300
    1415
    1346
    1390
    1444
    1379
    1351
    1425
    1356
    1373
    1355
    1408
    1386
    1378
    1448
    1421
    1465
    1428
    1354
    1437
    1402
    1371
    1372
    1387
    1355
    1394
    1417
    1328
    1357
    1342
    1364
    1382
    1337
    1341
    1289
    1433
    1342
    1289
    1188
    1258
    1228
    1188
    1261
    1104
    1215
    1110
    1108
    1114
    1136
    1024
    1090
    1042
    1035
    1006
    1000
    1012
    1013
     998
     976
     999
    1012
     976
     962
     991
     921
     952
     930
     962
     917
     899
     947
     916
     910
     973
     938
     884
     888
     892
     827
     851
     879
     927
     894
     979
     953
     956
     902
     892
     817
     867
     814
     842
     808
     834
     856
     861
     862
     862
     869
     882
     777
     831
     824
     883
     826
     797
     835
     802
     804
     830
     869
     843
     835
     813
     787
     764
     793
     790
     802
     799
     831
     996
     981
     954
     896
     752
     816
     756
     747
     796
     745
     758
     729
     748
     711
     691
     705
     691
     761
     767
     711
     702
     724
     790
    1010
    1491
    2192
    2627
    2471
    1781
    1150
     997
     878
     828
     841
     701
     744
     721
     730
     665
     700
     716
     667
     646
     664
     789
     853
     863
     907
     758
     714
     667
     691
     632
     677
     651
     737
     812
     810
     765
     710
     646
     639
     650
     672
     598
     633
     673
     625
     661
     632
     607
     583
     620
     627
     644
     619
     607
     591
     657
     633
     582
     585
     616
     555
     560
     609
     616
     607
     563
     614
     625
     566
     590
     608
     589
     560
     551
     552
     595
     583
     576
     610
     546
     608
     601
     577
     573
     590
     567
     552
     534
     557
     552
     527
     532
     534
     555
     552
     519
     532
     515
     516
     516
     514
     528
     476
     543
     557
     539
     524
     499
     518
     522
     511
     532
     515
     532
     536
     479
     511
     512
     497
     530
     519
     491
     543
     487
     481
     530
     518
     518
     490
     483
     483
     480
     520
     487
     518
     488
     483
     481
     505
     516
     479
     465
     481
     478
     490
     468
     494
     480
     512
     447
     494
     475
     547
     498
     483
     470
     475
     493
     464
     447
     451
     513
     530
     643
     756
     895
     867
     722
     638
     551
     494
     473
     477
     432
     424
     435
     476
     489
     462
     472
     443
     433
     421
     443
     411
     428
     462
     460
     443
     429
     436
     441
     461
     413
     450
     419
     458
     453
     393
     400
     470
     439
     474
     420
     438
     419
     400
     409
     440
     425
     427
     396
     431
     450
     382
     458
     439
     429
     424
     421
     414
     376
     442
     404
     420
     404
     382
     420
     384
     351
     395
     386
     373
     419
     408
     388
     400
     380
     377
     364
     379
     375
     401
     346
     371
     384
     399
     370
     388
     361
     355
     376
     409
     386
     397
     381
     484
     511
     737
    1096
    1329
    1282
     989
     731
     564
     499
     435
     398
     414
     396
     410
     386
     430
     434
     498
     450
     444
     379
     399
     380
     361
     377
     375
     358
     362
     375
     342
     375
     354
     352
     340
     376
     390
     314
     363
     341
     368
     354
     372
     353
     349
     334
     378
     368
     370
     344
     320
     374
     359
     349
     351
     374
     373
     369
     329
     363
     351
     394
     381
     391
     424
     455
     532
     747
     950
    1085
    1069
     872
     812
    1093
    1865
    2823
    3378
    3320
    3125
    3677
    5414
    8697
   13556
   20280
   27067
   33421
   36684
   35776
   31759
   25179
   18441
   12466
    7987
    5182
    3204
    2149
    1463
    1091
     856
     702
     548
     493
     390
     398
     346
     391
     345
     361
     346
     346
     319
     351
     316
     296
     277
     279
     249
     293
     304
     272
     273
     263
     271
     261
     277
     255
     263
     276
     299
     253
     256
     256
     239
     254
     233
     273
     233
     240
     259
     295
     314
     352
     389
     389
     327
     308
     264
     246
     274
     291
     287
     339
     262
     250
     234
     234
     277
     260
     241
     242
     256
     221
     242
     207
     242
     253
     248
     247
     241
     241
     257
     231
     231
     241
     233
     240
     245
     221
     253
     252
     247
     241
     253
     258
     244
     247
     225
     256
     229
     232
     237
     226
     238
     228
     232
     223
     230
     261
     267
     273
     374
     471
     597
     607
     472
     367
     274
     245
     240
     229
     251
     236
     228
     237
     241
     251
     249
     249
     239
     259
     230
     226
     215
     235
     228
     242
     216
     236
     214
     197
     223
     235
     226
     219
     265
     269
     257
     291
     238
     223
     254
     222
     229
     249
     245
     216
     250
     217
     244
     199
     208
     244
     208
     197
     227
     216
     215
     202
     203
     194
     226
     219
     223
     206
     209
     240
     289
     277
     326
     299
     265
     228
     274
     248
     213
     207
     244
     212
     221
     242
     221
     233
     327
     535
     966
    1664
    2511
    2762
    2333
    1471
     857
     508
     343
     280
     267
     255
     225
     235
     219
     225
     217
     189
     220
     219
     231
     209
     221
     225
     216
     199
     201
     228
     180
     212
     219
     201
     201
     244
     205
     217
     218
     230
     212
     206
     207
     239
     218
     231
     197
     204
     200
     211
     222
     182
     212
     195
     205
     205
     243
     230
     212
     218
     214
     220
     195
     208
     187
     186
     244
     193
     217
     200
     196
     211
     216
     214
     214
     203
     197
     217
     212
     203
     208
     187
     207
     212
     198
     205
     213
     207
     214
     226
     227
     232
     192
     174
     216
     205
     185
     208
     225
     241
     227
     212
     192
     228
     255
     322
     403
     621
     681
     711
     612
     450
     301
     233
     238
     234
     219
     198
     194
     202
     192
     194
     225
     196
     191
     198
     172
     190
     182
     149
     210
     206
     206
     209
     204
     189
     192
     203
     190
     189
     184
     213
     187
     193
     190
     201
     194
     192
     192
     215
     215
     224
     234
     306
     303
     334
     358
     330
     256
     237
     225
     241
     224
     197
     225
     192
     224
     199
     233
     180
     229
     233
     218
     187
     208
     217
     180
     184
     193
     167
     191
     197
     186
     180
     219
     233
     287
     257
     249
     273
     229
     230
     202
     186
     184
     203
     219
     208
     156
     200
     191
     192
     186
     163
     188
     187
     199
     187
     217
     198
     189
     204
     183
     170
     213
     203
     206
     208
     190
     189
     217
     210
     197
     204
     202
     209
     205
     200
     214
     199
     190
     206
     190
     199
     208
     189
     184
     202
     182
     182
     184
     206
     190
     186
     175
     224
     204
     211
     231
     188
     194
     204
     201
     181
     195
     193
     209
     188
     196
     193
     185
     192
     220
     191
     224
     206
     189
     184
     199
     191
     203
     201
     181
     204
     190
     206
     193
     200
     159
     198
     186
     195
     184
     209
     167
     190
     206
     201
     224
     169
     194
     201
     250
     242
     223
     188
     205
     189
     204
     195
     175
     245
     250
     310
     350
     425
     388
     400
     312
     245
     227
     218
     206
     181
     191
     185
     189
     194
     172
     179
     195
     191
     200
     212
     220
     218
     196
     177
     175
     180
     170
     168
     188
     177
     167
     175
     202
     174
     158
     168
     189
     185
     181
     168
     186
     155
     174
     180
     164
     197
     192
     174
     175
     167
     171
     157
     187
     180
     163
     171
     156
     168
     181
     198
     170
     152
     166
     157
     175
     198
     164
     168
     164
     167
     176
     188
     170
     181
     157
     166
     162
     157
     169
     182
     175
     171
     153
     169
     169
     165
     152
     162
     182
     176
     173
     169
     201
     184
     223
     206
     181
     198
     165
     186
     189
     198
     184
     148
     182
     190
     172
     190
     172
     178
     176
     142
     173
     156
     179
     181
     163
     150
     154
     155
     156
     165
     154
     171
     165
     154
     165
     147
     146
     159
     145
     174
     166
     150
     131
     150
     160
     157
     146
     155
     178
     170
     182
     193
     181
     147
     146
     173
     142
     130
     152
     146
     145
     160
     162
     144
     152
     151
     155
     165
     147
     158
     172
     176
     182
     172
     206
     193
     202
     193
     176
     230
     217
     246
     199
     241
     235
     228
     194
     190
     166
     128
     152
     148
     186
     144
     162
     170
     163
     159
     217
     229
     314
     415
     443
     449
     422
     320
     278
     196
     182
     156
     179
     168
     139
     134
     147
     156
     151
     123
     149
     150
     157
     170
     159
     153
     167
     165
     188
     146
     179
     164
     196
     186
     155
     167
     163
     159
     146
     146
     163
     160
     134
     171
     151
     160
     165
     134
     144
     130
     150
     155
     150
     163
     148
     155
     159
     138
     155
     153
     146
     153
     127
     160
     145
     142
     147
     126
     159
     134
     148
     167
     132
     135
     149
     178
     149
     155
     139
     158
     142
     149
     139
     162
     155
     152
     159
     157
     157
     169
     154
     124
     160
     182
     160
     152
     143
     134
     146
     143
     139
     136
     160
     138
     155
     167
     160
     182
     163
     165
     155
     137
     138
     143
     163
     164
     137
     158
     163
     119
     134
     150
     166
     173
     156
     133
     128
     173
     172
     182
     191
     192
     230
     209
     202
     217
     226
     195
     179
     176
     160
     153
     152
     157
     168
     157
     165
     169
     164
     173
     178
     175
     162
     183
     190
     204
     215
     205
     208
     193
     186
     141
     167
     137
     156
     161
     158
     166
     149
     155
     166
     145
     157
     157
     158
     150
     127
     162
     151
     136
     146
     155
     158
     146
     158
     172
     149
     150
     161
     142
     162
     154
     148
     153
     124
     178
     166
     160
     162
     154
     145
     131
     157
     153
     163
     152
     161
     172
     163
     130
     149
     166
     146
     176
     149
     144
     162
     163
     146
     148
     147
     161
     167
     164
     141
     188
     180
     225
     215
     213
     236
     190
     185
     156
     163
     153
     140
     149
     147
     126
     153
     171
     146
     140
     175
     154
     166
     153
     150
     139
     153
     145
     132
     140
     163
     138
     165
     178
     156
     139
     156
     160
     133
     142
     145
     147
     136
     147
     129
     140
     151
     130
     158
     166
     148
     155
     143
     158
     149
     145
     169
     147
     165
     147
     150
     158
     126
     174
     167
     156
     172
     186
     154
     179
     174
     153
     190
     188
     202
     214
     219
     204
     181
     168
     149
     164
     143
     148
     188
     150
     149
     155
     144
     139
     144
     150
     196
     195
     180
     157
     194
     170
     173
     143
     164
     168
     165
     150
     179
     116
     142
     147
     171
     150
     162
     154
     150
     168
     173
     162
     189
     227
     350
     535
     858
    1337
    1948
    2465
    2528
    2197
    1449
     912
     577
     362
     237
     204
     217
     199
     214
     193
     221
     169
     184
     190
     154
     155
     167
     163
     140
     131
     150
     147
     165
     165
     159
     202
     262
     300
     408
     441
     403
     359
     260
     185
     165
     127
     166
     148
     138
     153
     119
     128
     138
     139
     125
     119
     121
     128
     111
     133
     123
     126
     104
     111
     129
     121
     107
     142
     118
     128
     147
     154
     174
     178
     192
     168
     165
     161
     136
     143
     131
     121
     123
     130
     147
     107
     137
     136
     118
     150
     123
     125
     122
     102
     119
     117
     136
     147
     116
      97
     119
     123
     121
     135
     135
     141
     119
     127
     114
     114
     113
     118
     119
     118
     109
     108
     119
     112
      84
     126
     130
     127
     120
     115
     111
     141
     126
     127
     131
     116
     109
     133
     108
     119
     122
     110
     112
     107
     105
     106
     101
     115
     115
     111
     107
     116
     116
     104
     107
     110
     115
     122
     128
     119
     122
     130
     114
     102
     100
     122
     109
      92
     113
     143
      99
      91
     119
     119
     108
     129
      99
      99
     102
      91
     105
      99
     102
     100
     113
      92
      94
     105
     123
      99
     104
      95
      96
      91
      95
      99
     114
     123
     111
     111
     107
     108
      95
     104
      95
      92
      97
     116
     105
     108
      86
      95
     100
     110
     114
     114
     117
     116
     111
     107
      90
      93
     102
      98
     102
     105
     105
      91
     112
     115
     130
     145
      90
     104
     114
      91
      93
     108
      94
      93
     109
     120
     102
     101
      98
     104
     103
      85
      88
      92
     100
      99
     107
     105
      94
      82
      93
     105
     104
      96
      95
     110
     117
      95
      97
      94
      92
      99
      97
      97
      77
      92
     124
      85
      85
     104
      89
      76
      96
      86
      79
      89
     102
      97
     106
      93
      86
      88
      80
      92
     109
      89
      91
     109
      94
      96
      87
     101
      92
      87
      99
      78
      87
      82
      87
     101
      93
      90
      80
     111
     111
     123
     115
     147
     138
     107
     103
      98
     111
      89
      73
      96
      87
      89
      87
      89
      87
      99
     101
     102
      97
      93
     105
      91
      85
      80
     106
      83
      93
      72
     106
      81
      71
      84
      88
      77
      79
      91
      82
      93
     103
      90
      74
      94
      85
      75
      61
      99
      74
      88
      86
      85
      79
      76
      69
      89
      78
      76
      83
      84
      89
      93
      62
      89
      81
      62
      70
      71
      76
      59
      54
      84
      86
      68
     100
      91
      88
     107
      85
      78
     102
      89
      95
      85
      87
      71
      96
     102
     117
     108
      97
     105
      90
      86
      86
      96
      98
     106
     131
     132
     115
     102
     102
     105
      85
     109
      92
      86
      82
      68
      79
      79
      87
      75
      91
      85
      74
      77
      75
      71
      86
      98
      84
     100
      89
      92
      84
      75
      72
      84
      82
      80
     111
      93
     122
     174
     225
     337
     510
     662
     758
     779
     613
     482
     298
     179
     155
     116
      98
     112
      90
     111
      55
      96
     103
      96
     110
     102
      96
      84
      67
      83
      71
      83
      71
      82
      89
      64
      89
      87
      75
      81
      68
      80
      68
      89
      89
      88
      79
      79
      98
      92
      94
      96
      85
      84
      97
      69
      77
      95
      88
      83
      77
      64
      80
      88
      79
      72
      80
      94
      85
      82
      87
      88
      79
      89
      81
     103
      82
      70
      72
      90
      81
      92
      85
      76
      72
      88
      80
      78
      84
      71
      81
      83
      85
      75
      85
      88
      70
      83
      76
      71
      73
      77
     100
      77
      92
      88
      81
      75
      78
      80
      87
      81
     103
      79
      85
      69
      71
      79
      91
      74
      75
      80
      75
      88
      71
      83
      95
      81
      82
      85
      78
      97
      93
      92
     116
     114
     181
     245
     350
     531
     839
    1150
    1648
    2249
    2889
    2972
    2785
    2251
    1470
     856
     482
     293
     195
     144
     133
     119
     103
      85
      78
      78
      76
      80
      71
      68
      78
      68
      84
      79
      88
      69
      83
      83
      80
      76
      79
      77
      86
      77
      66
     105
      66
      77
      82
      73
      72
      68
      74
      74
      76
      76
      79
      85
      66
      76
      80
      82
      89
      70
      73
      79
      77
      99
     116
     146
     170
     239
     293
     293
     321
     278
     210
     161
     111
     116
      70
      77
      64
      75
      73
      75
      78
      72
      61
      82
      77
      69
      74
      78
      65
      81
      85
      74
     108
      84
      72
      73
      83
     102
      97
      68
      87
      85
      82
      67
      89
      70
      78
      67
      65
      74
      51
      63
      73
      61
      72
      70
      66
      79
      73
      63
      73
      75
      63
      82
      61
      75
      79
      71
      61
      67
      69
      66
      76
      83
      76
      80
      79
      71
      64
      74
      85
      71
      64
      72
      77
      67
      69
      55
      57
      71
      78
      64
      75
      69
      79
      67
      75
      84
      64
      70
      67
      82
      81
      63
      63
      69
      69
      63
      67
      60
      70
      74
      61
      59
      57
      67
      68
      58
      62
      73
      64
      58
      75
      81
      56
      66
      80
      76
      63
      89
      65
      74
      74
      77
      57
      67
      44
      59
      84
      81
      65
      67
      79
      64
      75
      75
      55
      62
      72
      88
      73
      64
      79
      66
      59
      77
      79
      75
      80
      76
      61
      84
      71
      68
      61
      59
      83
      74
      69
      67
      70
      65
      62
      59
      80
      57
      69
      80
      68
      68
      77
      68
      68
      81
      81
      77
      85
      54
      66
      94
      77
      74
      47
      82
      73
      72
      71
      70
      70
      78
      91
      90
      76
      63
      72
      73
      71
      49
      60
      66
      61
      72
      68
      78
      69
      63
      61
      85
      78
      50
      63
      70
      71
      72
      78
      75
      61
      69
      79
      67
      64
      66
      72
      74
      68
      75
      61
      77
      80
      73
      80
      89
      90
      85
      79
      73
      71
      66
      68
      65
      68
      70
      64
      59
      62
      61
      67
      72
      63
      63
      61
      60
      84
      63
      62
      59
      71
      67
      93
      75
      60
      68
      64
      67
      51
      66
      88
      77
      85
      77
     104
     124
     143
     204
     200
     178
     154
     113
      97
      90
      89
      83
      65
      73
      74
      66
      71
      70
      63
      59
      68
      75
      64
      65
      58
      57
      67
      71
      79
      89
      78
      89
     115
     105
      98
      87
      78
      94
      87
      56
      61
      62
      64
      71
      72
      91
      67
      68
      74
      79
      70
      68
      70
      69
      73
      73
      73
      57
      80
      70
      61
      73
      55
      72
      56
      68
      74
      65
      64
      50
      61
      71
      61
      63
      67
      57
      59
      59
      69
      47
      68
      63
      57
      65
      52
      56
      73
      61
      57
      63
      71
      69
      73
      59
      73
      78
      80
     113
      85
     116
     105
     122
     115
     139
     105
      95
      79
      68
      74
      69
      52
      67
      62
      70
      69
      67
      93
      86
      84
     101
      89
      79
      77
      64
      78
      62
      66
      53
      66
      57
      59
      60
      59
      57
      59
      72
      51
      56
      56
      61
      52
      62
      60
      62
      52
      58
      72
      49
      66
      59
      49
      53
      59
      51
      61
      59
      61
      71
      54
      60
      57
      76
      67
      62
      70
      70
      69
      67
      56
      84
      64
      65
      69
      70
      67
      67
      72
      69
      67
      66
      58
      56
      50
      47
      60
      60
      60
      68
      58
      65
      92
      85
     117
     145
     125
     167
     184
     177
     154
     111
      92
      89
      73
      59
      55
      68
      76
      50
      74
      61
      55
      58
      75
      75
      70
      67
      81
      56
      64
      60
      47
      62
      80
      70
      69
      66
      67
      46
      67
      59
      58
      56
      67
      76
      70
      74
      75
      72
      84
      89
      72
      79
      70
      72
      62
      66
      64
      67
      67
      64
      62
      51
      70
      50
      56
      53
      81
      54
      65
      60
      68
      54
      58
      63
      72
      56
      59
      46
      65
      49
      41
      59
      65
      62
      60
      55
      63
      57
      66
      65
      71
      73
      95
     125
     160
     223
     313
     385
     425
     387
     417
     341
     274
     191
     143
      85
      81
      63
      56
      68
      51
      62
      65
      50
      56
      60
      59
      59
      58
      63
      59
      63
      61
      65
      55
      72
      70
      54
      53
      66
      66
      66
      60
      73
      60
      73
      58
      68
      64
      65
      55
      54
      71
      64
      73
      75
      74
      57
      63
      70
      55
      50
      58
      57
      64
      60
      66
      61
      60
      63
      56
      60
      49
      61
      60
      55
      53
      66
      51
      58
      71
      58
      53
      66
      70
      60
      72
      55
      65
      58
      42
      67
      69
      65
      60
      66
      57
      60
      56
      59
      71
      50
      74
      86
      96
      85
      74
      69
      54
      51
      60
      60
      59
      63
      72
      64
      68
      64
      56
      77
      60
      68
      52
      57
      49
      60
      54
      73
      75
      64
      50
      56
      46
      43
      63
      68
      69
      71
      62
      53
      58
      59
      49
      44
      47
      66
      57
      62
      50
      61
      58
      60
      51
      51
      76
      57
      58
      62
      49
      44
      56
      42
      69
      50
      50
      57
      59
      54
      60
      54
      48
      65
      52
      58
      60
      69
      44
      67
      56
      53
      57
      53
      57
      63
      46
      48
      53
      57
      60
      48
      59
      67
      52
      51
      56
      45
      47
      48
      52
      54
      34
      62
      54
      63
      48
      70
      61
      55
      47
      40
      62
      45
      56
      68
      79
      87
      82
      71
      83
      81
      72
      62
      59
      69
      57
      48
      59
      54
      61
      63
      58
      57
      47
      46
      55
      44
      51
      52
      59
      60
      49
      59
      54
      56
      56
      50
      63
      53
      61
      76
      54
      57
      56
      66
      64
      62
      64
      92
      94
      92
     127
     118
     121
     101
      93
      73
      58
      73
      61
      54
      67
      55
      67
      57
      51
      61
      64
      65
      55
      61
      54
      43
      44
      45
      47
      48
      54
      57
      50
      45
      57
      45
      54
      45
      43
      53
      53
      42
      44
      48
      52
      58
      46
      53
      53
      42
      48
      35
      59
      59
      44
      66
      48
      50
      47
      64
      50
      53
      49
      56
      40
      57
      48
      60
      57
      43
      55
      50
      40
      45
      60
      56
      58
      54
      51
      56
      44
      59
      51
      46
      44
      49
      55
      56
      34
      50
      62
      55
      52
      40
      44
      56
      46
      55
      44
      61
      52
      51
      32
      46
      52
      52
      55
      56
      73
      49
      74
      77
      77
      89
     110
      92
     106
     100
     101
      87
      82
      79
     128
     135
     162
     185
     189
     198
     147
     152
     102
      82
      60
      63
      48
      61
      53
      53
      41
      46
      46
      55
      41
      57
      55
      47
      46
      56
      38
      60
      65
      49
      50
      40
      57
      56
      45
      62
      53
      44
      52
      53
      58
      44
      52
      62
      59
      49
      54
      54
      43
      68
      55
      57
      58
      47
      50
      51
      71
      56
      50
      42
      55
      42
      57
      51
      60
      43
      46
      49
      46
      45
      48
      64
      57
      57
      56
      60
      51
      59
      56
      63
      45
      51
      45
      46
      59
      46
      61
      56
      60
      48
      52
      51
      48
      47
      46
      53
      47
      48
      47
      54
      47
      53
      49
      54
      61
      52
      49
      65
      57
      54
      46
      49
      50
      44
      61
      50
      58
      57
      44
      38
      60
      48
      39
      54
      40
      51
      55
      64
      44
      52
      46
      48
      49
      50
      58
      62
      44
      42
      46
      46
      65
      62
      45
      52
      56
      46
      51
      53
      51
      47
      45
      53
      48
      53
      48
      46
      44
      43
      51
      44
      48
      52
      51
      55
      51
      49
      55
      59
      55
      61
      50
      57
      48
      62
      64
      34
      49
      60
      57
      57
      67
      78
      87
      96
      98
      84
      70
      85
      69
      85
      56
      65
      55
      56
      43
      57
      48
      55
      61
      47
      52
      41
      59
      59
      62
      60
      48
      69
      52
      53
      49
      53
      47
      43
      50
      42
      52
      44
      41
      53
      57
      47
      67
      57
      47
      77
      59
      51
      47
      55
      53
      44
      40
      50
      51
      65
      48
      50
      44
      43
      46
      58
      47
      55
      48
      53
      41
      55
      49
      56
      62
      33
      52
      58
      47
      43
      54
      62
      59
      57
      77
      81
      96
      92
      88
      98
      93
      84
      57
      52
      64
      62
      35
      48
      55
      48
      40
      59
      44
      36
      63
      47
      56
      45
      43
      56
      39
      54
      53
      46
      42
      43
      52
      44
      42
      57
      65
      81
      91
      81
     118
     161
     204
     220
     290
     296
     280
     270
     212
     154
     100
      88
      75
      50
      45
      53
      49
      58
      55
      36
      61
      45
      41
      38
      54
      40
      68
      46
      59
      48
      53
      58
      51
      59
      51
      50
      46
      49
      56
      52
      45
      66
      48
      50
      54
      66
      54
      44
      56
      47
      58
      65
      46
      50
      55
      41
      45
      41
      56
      50
      37
      42
      37
      42
      49
      46
      42
      59
      47
      42
      40
      44
      40
      52
      53
      37
      45
      48
      51
      42
      45
      49
      51
      47
      57
      60
      59
      37
      51
      50
      45
      48
      57
      49
      46
      49
      27
      29
      56
      40
      41
      45
      52
      47
      45
      35
      54
      45
      48
      39
      45
      42
      49
      48
      45
      47
      47
      44
      50
      40
      48
      50
      47
      55
      48
      72
      68
      60
      51
      62
      65
      58
      50
      50
      49
      45
      48
      55
      47
      70
      40
      40
      38
      50
      55
      35
      37
      38
      42
      35
      43
      47
      42
      44
      45
      39
      51
      45
      46
      51
      42
      47
      44
      42
      40
      42
      41
      36
      57
      49
      39
      44
      50
      45
      42
      45
      46
      47
      46
      44
      54
      48
      49
      48
      45
      51
      41
      41
      56
      40
      51
      50
      46
      40
      40
      44
      46
      43
      54
      55
      47
      52
      43
      58
      44
      37
      46
      37
      41
      38
      35
      37
      32
      41
      49
      38
      49
      29
      48
      48
      42
      54
      47
      45
      38
      44
      47
      42
      45
      44
      51
      52
      59
      61
      46
      51
      51
      48
      58
      47
      43
      44
      36
      42
      44
      41
      35
      32
      51
      34
      41
      39
      40
      46
      57
      38
      31
      43
      34
      45
      43
      28
      39
      50
      40
      62
      33
      34
      48
      37
      49
      51
      49
      53
      59
      59
      40
      62
      60
      62
      52
      47
      55
      50
      33
      35
      45
      38
      45
      43
      40
      43
      44
      31
      39
      42
      56
      41
      41
      40
      24
      39
      33
      50
      44
      39
      37
      47
      44
      48
      52
      42
      43
      40
      54
      48
      53
      36
      45
      36
      41
      41
      40
      45
      36
      43
      36
      45
      44
      51
      42
      47
      32
      38
      51
      50
      50
      41
      35
      55
      30
      36
      45
      40
      34
      50
      42
      41
      35
      38
      43
      42
      40
      42
      32
      42
      50
      36
      38
      43
      36
      45
      46
      44
      48
      49
      48
      44
      37
      32
      47
      47
      39
      45
      47
      41
      44
      40
      42
      47
      42
      40
      41
      41
      34
      55
      43
      34
      52
      49
      45
      44
      42
      38
      37
      50
      53
      43
      43
      36
      35
      40
      45
      39
      31
      35
      39
      47
      40
      32
      41
      37
      39
      49
      58
      42
      44
      34
      45
      42
      52
      36
      36
      39
      51
      45
      31
      31
      47
      44
      43
      46
      35
      38
      38
      49
      38
      60
      39
      40
      39
      38
      36
      40
      46
      46
      39
      51
      35
      43
      44
      49
      34
      41
      39
      42
      51
      41
      52
      54
      41
      41
      43
      56
      54
      53
      56
      60
      73
      79
      82
     101
     112
      99
     116
     119
     120
      90
      92
      85
      92
      51
      52
      64
      46
      43
      42
      44
      49
      48
      39
      39
      46
      37
      41
      36
      47
      33
      46
      38
      37
      49
      30
      41
      35
      38
      34
      41
      39
      33
      46
      34
      49
      49
      36
      47
      49
      43
      33
      58
      54
      41
      46
      41
      35
      41
      48
      53
      41
      39
      42
      54
      62
      57
      52
      60
      79
      84
     110
     165
     191
     213
     207
     194
     211
     204
     144
     120
      85
      71
      51
      46
      48
      38
      36
      37
      49
      43
      43
      39
      49
      42
      41
      50
      49
      56
      63
      61
      49
      56
      45
      47
      50
      46
      47
      44
      49
      59
      38
      39
      45
      42
      33
      31
      44
      44
      49
      47
      50
      62
      63
      67
      81
      86
     109
     106
     117
     100
      92
      83
      58
      61
      63
      52
      55
      24
      55
      43
      48
      47
      47
      40
      35
      38
      43
      38
      54
      50
      34
      43
      47
      40
      39
      35
      33
      43
      33
      60
      54
      45
      40
      36
      40
      53
      42
      33
      41
      43
      46
      36
      34
      35
      51
      35
      38
      36
      29
      52
      41
      33
      41
      33
      35
      44
      39
      35
      43
      37
      56
      35
      38
      34
      59
      55
      24
      35
      40
      24
      38
      53
      44
      44
      41
      46
      44
      34
      41
      42
      43
      44
      41
      52
      33
      47
      41
      42
      39
      22
      47
      31
      44
      56
      33
      61
      62
      45
      38
      46
      44
      43
      39
      35
      38
      53
      51
      33
      36
      33
      41
      34
      42
      33
      39
      57
      40
      48
      39
      55
      51
      43
      46
      50
      35
      49
      40
      39
      45
      45
      38
      56
      46
      41
      38
      42
      51
      45
      51
      39
      41
      50
      48
      36
      49
      56
      52
      49
      49
      57
      56
      62
      70
      68
      41
      46
      41
      49
      41
      50
      37
      42
      59
      54
      69
      78
      85
      87
     109
     113
     128
     120
     111
     111
      86
      77
      62
      55
      53
      41
      48
      43
      31
      55
      49
      48
      44
      44
      32
      58
      41
      42
      43
      45
      51
      44
      46
      39
      45
      43
      41
      52
      37
      47
      45
      40
      40
      45
      54
      47
      52
      45
      42
      49
      52
      46
      45
      42
      55
      61
      44
      52
      39
      37
      46
      42
      34
      46
      53
      43
      47
      38
      38
      36
      41
      51
      40
      34
      35
      40
      46
      47
      47
      45
      43
      44
      46
      42
      54
      42
      40
      45
      50
      49
      38
      40
      35
      44
      60
      40
      47
      32
      45
      56
      58
      38
      39
      38
      43
      30
      48
      40
      37
      40
      41
      47
      37
      42
      51
      44
      43
      52
      37
      34
      35
      44
      37
      41
      38
      41
      39
      40
      30
      41
      42
      34
      38
      37
      46
      50
      43
      41
      30
      43
      39
      47
      51
      41
      38
      43
      42
      26
      49
      51
      42
      39
      38
      47
      52
      37
      31
      30
      32
      50
      37
      38
      41
      44
      44
      45
      47
      37
      33
      40
      48
      57
      51
      42
      51
      48
      48
      54
      54
      43
      54
      46
      40
      41
      50
      44
      39
      39
      48
      41
      48
      42
      37
      47
      47
      42
      38
      39
      32
      40
      34
      32
      44
      35
      42
      43
      45
      35
      40
      44
      47
      38
      49
      46
      38
      37
      49
      39
      40
      46
      41
      37
      37
      32
      46
      39
      48
      37
      37
      45
      42
      51
      47
      39
      29
      36
      48
      48
      39
      46
      44
      46
      45
      36
      39
      44
      39
      49
      46
      46
      41
      44
      41
      43
      47
      56
      39
      44
      43
      41
      46
      51
      49
      30
      40
      35
      53
      43
      44
      40
      36
      40
      50
      43
      33
      40
      35
      38
      42
      40
      51
      40
      38
      37
      28
      37
      36
      51
      44
      38
      49
      47
      32
      38
      43
      53
      38
      41
      37
      32
      44
      48
      47
      37
      41
      37
      39
      50
      43
      52
      44
      37
      33
      52
      31
      40
      40
      39
      42
      41
      45
      45
      45
      31
      44
      42
      36
      39
      40
      47
      41
      31
      40
      42
      58
      44
      36
      28
      44
      38
      49
      40
      48
      34
      40
      45
      37
      39
      50
      57
      43
      34
      51
      39
      37
      47
      41
      52
      48
      47
      53
      45
      48
      37
      47
      59
      33
      44
      58
      50
      48
      49
      48
      58
      49
      47
      52
      68
      60
      44
      57
      53
      45
      46
      47
      41
      51
      51
      39
      40
      43
      38
      67
      52
      54
      69
      48
      53
      43
      64
      50
      63
      49
      55
      58
      37
      53
      46
      45
      34
      62
      43
      42
      35
      45
      41
      35
      31
      47
      42
      38
      30
      51
      51
      43
      42
      54
      43
      37
      44
      35
      42
      40
      40
      38
      46
      36
      38
      35
      42
      46
      42
      42
      49
      36
      38
      41
      44
      49
      29
      44
      31
      45
      39
      35
      40
      30
      42
      33
      37
      38
      49
      48
      38
      34
      39
      33
      39
      23
      35
      42
      37
      53
      47
      46
      60
      51
      72
      61
      46
      69
      64
      47
      44
      41
      36
      34
      39
      32
      34
      42
      34
      34
      35
      26
      31
      35
      33
      25
      39
      34
      41
      42
      34
      20
      36
      36
      36
      39
      40
      35
      24
      42
      44
      39
      31
      35
      32
      33
      43
      32
      33
      39
      25
      35
      32
      39
      41
      34
      32
      30
      41
      33
      43
      39
      45
      40
      36
      44
      37
      45
      42
      48
      28
      50
      41
      40
      58
      49
      31
      51
      48
      47
      34
      40
      35
      32
      31
      42
      36
      45
      36
      33
      35
      22
      24
      30
      31
      30
      31
      34
      38
      25
      26
      27
      27
      31
      39
      33
      37
      38
      20
      38
      20
      20
      26
      29
      33
      24
      34
      38
      27
      27
      31
      30
      23
      29
      33
      28
      25
      25
      26
      34
      27
      33
      32
      27
      23
      37
      34
      26
      30
      30
      49
      21
      23
      30
      23
      33
      23
      26
      23
      25
      20
      26
      30
      34
      26
      22
      27
      28
      26
      26
      31
      23
      26
      25
      29
      25
      28
      31
      29
      26
      27
      37
      23
      23
      25
      32
      24
      22
      27
      33
      25
      34
      27
      32
      28
      30
      40
      35
      31
      39
      37
      24
      32
      35
      33
      32
      22
      27
      25
      28
      23
      33
      25
      33
      34
      26
      24
      27
      23
      22
      18
      20
      24
      28
      35
      46
      46
      57
      60
      82
      90
     132
     155
     198
     212
     199
     256
     229
     230
     182
     133
     106
      69
      64
      44
      40
      30
      42
      32
      24
      19
      29
      20
      18
      18
      28
      19
      23
      19
      23
      19
      29
      24
      12
      23
      16
      22
      23
      19
      23
      25
      24
      23
      30
      19
      28
      25
      14
      29
      31
      16
      27
      27
      20
      22
      23
      14
      25
      23
      16
      18
      19
      22
      20
      12
      21
      19
      28
      16
      22
      16
      15
      19
      21
      24
      20
      21
      18
      14
      19
      25
      24
      24
      21
      20
      26
      29
      21
      17
      24
      15
      24
      15
      24
      34
      28
      30
      26
      31
      23
      42
      29
      31
      34
      31
      20
      13
      24
      16
      12
      21
      16
      14
      17
      19
      13
      22
      16
      22
      19
      25
      15
      14
      19
      15
      11
      10
      14
      25
      19
      21
      19
      26
      20
      24
      17
      22
      15
      19
      12
      22
      24
      29
      17
      26
      21
      33
      22
      28
      31
      35
      43
      38
      36
      41
      30
      34
      19
      44
      18
      27
      16
      19
      22
      25
      22
      24
      16
      17
      19
      15
      19
      24
      14
      22
      20
      14
      21
      14
      19
      16
      19
      18
      12
      16
      11
      19
      18
      24
      18
      16
      12
      24
      12
      25
      19
      19
      17
      16
      11
      29
      17
      14
      25
      20
      18
      15
      29
      15
      17
      19
      18
      15
      15
      13
      16
      12
      17
      14
      17
      27
      21
      18
      18
      16
      11
      18
      23
      15
      15
      12
      18
      12
      17
      24
      17
      16
      25
      15
      13
      17
      16
      12
      14
      12
      17
      24
      22
      23
      20
      26
      13
      15
      12
      18
      15
       8
      15
      15
      14
      21
      12
      17
      13
      19
      19
      12
      16
      15
      15
      20
      12
      24
      16
      14
      21
      18
      19
      15
      19
      14
       8
      21
      17
       9
      20
      16
      14
      13
      17
      16
      23
      19
      21
      28
      16
      27
      29
      18
      20
      17
      24
      18
      15
      14
      16
      15
      15
      16
      15
      18
      24
      20
      13
      16
      20
      16
      12
      17
      14
      18
      20
      13
      17
      12
      13
      17
      11
      14
      18
      13
      18
      26
      23
      17
      21
      41
      33
      38
      58
      62
      80
     106
     145
     208
     271
     314
     490
     545
     707
     812
     865
     857
     844
     781
     649
     430
     387
     238
     137
     124
      69
      62
      46
      38
      31
      31
      12
      32
      26
      12
      20
      24
      24
      15
      17
      13
      20
      23
      17
      15
      12
      18
      14
      16
      13
      22
      16
      13
      18
      17
      26
      23
      19
      15
      18
      11
      12
      19
      18
      15
      11
      20
      11
      10
      24
      17
      22
       9
      18
      12
      10
      14
      16
      21
      15
      20
      16
      12
      14
      20
      14
      14
      16
      14
      16
      15
      14
      15
      13
      12
      13
      11
      14
      17
      13
      22
      19
      20
      19
      17
      24
      18
      11
      17
      16
      16
      17
      13
      14
       9
       9
      15
      12
      21
      15
      17
      21
      15
      10
      15
      14
      12
      10
      18
      13
      25
      24
      10
      21
      19
      18
      16
      22
      19
      23
      13
      12
      13
       6
      16
      19
      15
      21
      18
       6
      10
      20
       9
      14
      17
      12
      12
      12
      15
       8
      15
      12
      12
      10
      18
      15
      19
      14
      12
      12
      16
      16
      11
      14
      16
      10
      13
      10
      18
       8
      14
      18
      11
      16
      14
      16
      11
      14
      16
      14
      19
      18
      13
      15
      12
      11
      18
      17
      20
      13
      15
      19
      21
      20
      27
      19
       9
      12
      17
      14
      15
      15
      17
      13
      17
      26
      11
      11
      12
      20
      14
      12
       7
      15
      18
      22
      18
      13
      14
      10
      14
      13
      16
      19
      13
      15
      15
       7
      22
      14
       9
      14
      13
      16
       9
      14
      14
      15
      14
      19
      21
      10
      15
       9
      11
      17
      12
      13
      10
      18
       9
       9
      18
      15
      22
      13
       9
      12
      13
      25
      16
      15
       9
      10
      14
      13
      12
      15
      14
      10
      11
      13
      11
      14
      11
      17
      22
       8
      16
       9
      11
      13
       8
      10
      13
      18
      11
      16
      13
      18
      13
      11
      12
      11
      15
      13
      15
      14
      12
      17
      13
      11
      13
      12
      13
       9
      15
      12
      12
       8
      16
      14
      16
      16
       5
      17
      12
      14
      18
      13
      14
      11
      18
       8
       9
      15
      13
      12
      12
      16
      10
      24
      10
      12
      13
      12
      19
      16
      16
      16
      16
      20
      22
      24
      19
      27
      16
      25
      18
      19
      19
      18
      14
      16
      15
      16
      17
      13
      14
      12
      16
      14
      14
      15
      16
      10
      18
      13
      11
      17
      13
      18
      10
      14
      12
      18
       8
      10
       8
      12
      14
      11
       6
      15
      18
       3
       5
      13
      16
      15
      13
      13
      12
      16
      17
      13
      13
      14
       8
      10
      15
      12
      11
      12
      16
      12
       7
      12
      13
      14
       8
      11
       9
      11
       6
       7
      13
      16
      12
      11
      15
      16
      13
      16
      14
      12
      12
      11
      14
      12
      16
      20
      16
      13
      11
      11
      11
      16
       9
      18
      10
      12
       5
       9
      12
      13
      22
      11
      12
      12
      12
      11
      13
      12
      15
      13
      18
      15
      13
      13
      17
       8
      10
      17
       8
       7
      13
      15
       9
      13
      15
      12
      12
       7
       8
      12
      11
      15
       6
       9
       8
      14
       8
       5
      16
      14
      10
       8
       7
      15
      11
      14
      13
      18
      10
       8
      11
      14
      16
      12
      17
       6
      13
      11
      12
      13
      16
      14
      12
      15
      13
      15
      15
      11
      10
      14
      11
      12
       9
      14
      14
      11
      13
      13
       8
      10
      11
      10
      11
      13
      10
       5
      10
       6
       8
       9
      15
       5
      16
       8
      12
       9
      13
      14
      12
      16
      17
      12
       8
      11
      10
      15
       6
      12
      13
      14
       7
       6
       6
      10
      12
      12
       7
       7
      19
      16
      11
      12
       8
       9
       9
       8
      10
       8
       8
      11
       6
      11
      18
       7
      11
      14
      12
      17
      11
      12
       9
       7
      17
       9
       9
       8
      12
      10
       4
      12
      10
      10
       7
      11
       8
      14
       8
       9
       8
      10
       8
       6
       8
       9
       5
      18
       7
       8
      13
       9
       6
      16
       6
       9
      10
      11
       5
      13
      12
       6
       7
       6
      10
      11
       6
      11
      10
      10
       7
       9
       8
      12
      15
       7
       5
       6
      15
      10
       8
       9
       9
      12
       9
      11
      15
       5
      18
      17
      12
      22
      21
      32
      26
      32
      33
      57
      44
      65
      69
      66
      86
      97
      91
      78
      60
      40
      47
      35
      28
      26
      20
      19
      13
      10
      11
      13
      17
      20
      19
      13
      19
      23
      19
      24
      20
      26
      22
      27
      23
      24
      19
      18
      18
       7
       8
      11
      12
      10
      11
       4
       4
       6
       7
       7
       8
       7
      10
      13
       3
      16
       7
      10
      10
       5
      11
      13
       8
       7
       7
      11
       9
       3
      13
      12
      11
      12
      12
       5
       5
       7
      15
      16
       6
      12
       6
       8
       6
       4
       7
      12
      11
       8
       6
       1
       6
       6
      18
       9
       8
       7
      11
      12
      12
      12
      11
       9
       8
      14
      25
      21
      17
      18
      17
      28
      21
      19
      21
      13
       8
      13
       9
      10
      15
      10
       5
       6
       5
       9
       8
       6
       8
       9
       7
       4
       7
      10
       8
       7
       8
       4
      10
      10
       9
       7
       5
       6
       5
       7
      10
       3
      12
       2
       8
       4
       9
       3
       7
      13
       8
       7
       5
       5
       9
       5
       7
       7
       7
       6
       9
       7
       5
      10
       9
      10
      11
       5
       8
       4
       9
      10
       9
       2
       5
      11
      10
       6
       4
       9
       5
       5
       4
       6
       7
       4
      10
       4
       7
       5
       3
       8
      10
       1
      12
       8
       7
       6
      11
       6
       5
       6
       4
       8
       5
       8
       6
       7
      11
      12
       5
       9
       9
       9
       4
       5
       7
       9
       1
       9
       7
       9
       6
       5
       4
       4
       6
       5
       5
       3
       7
       8
       8
       5
       6
       8
       3
      11
       7
       8
       5
       7
       7
       7
       7
       9
       8
       4
      11
       8
      13
       6
       8
      12
      11
       9
       6
       3
      10
       7
       7
       8
       5
      11
       5
       5
       8
       9
       4
       8
       5
       5
       4
       5
       4
       7
       5
       8
       5
       5
       5
       5
       5
       6
       8
       9
       6
      12
       8
       4
       7
       2
       5
       7
       2
       7
       2
       6
       7
       9
       5
       9
       6
       4
       8
       8
       3
       6
       5
       4
       8
      10
       3
       5
      14
       7
       7
      17
       3
       6
       9
       9
       6
       8
      10
       5
       2
       4
       6
       9
       4
       6
       8
       6
       4
       6
      10
      12
       5
      16
       2
       5
       5
       5
      10
       9
      10
       4
      10
       4
       8
       2
       5
       5
       5
       5
       2
       6
       4
       8
       9
       4
       3
       6
       8
      12
       4
       6
       4
      11
       6
       4
       5
       8
       6
       6
      17
       6
      12
       5
       7
       8
       5
       3
       2
       5
       5
       7
       5
       9
       7
       5
       7
       5
       5
      11
       7
       1
      11
       8
       3
       4
       8
       2
       2
      10
       8
       8
      10
       6
       6
       5
       4
       4
       8
       8
       5
       7
       6
       8
      11
       4
       4
       7
       6
       7
       5
       3
       5
       5
       4
       4
       2
       5
       6
       2
       6
       3
       5
       5
      11
       8
       6
       7
       4
       9
       5
       5
       7
       3
       8
       4
      11
       9
       4
      10
       5
       6
       5
      10
      17
      16
      24
      28
      31
      37
      38
      35
      63
      75
      76
      90
     127
     124
     138
     154
     162
     145
     112
     108
      67
      60
      48
      29
      21
      13
      15
       9
       4
       9
      13
       7
       6
       2
       4
       5
       3
       6
       6
       9
      10
       3
       9
       2
       8
       3
       4
       4
       3
       1
       5
       4
       3
       4
       3
       5
       1
       4
       8
       1
       4
       5
      11
       2
       3
       5
       5
       5
       7
       2
       5
       4
       4
       5
       5
       4
       5
       1
       5
       2
       8
       4
       3
       4
       5
      10
       8
       5
       4
       7
       4
       4
       5
       5
       3
       5
       4
       1
       2
       6
       7
      10
       7
       8
       2
       5
       2
       2
       5
       5
       5
       5
       3
       3
       5
       7
       7
       5
       4
       3
       5
       2
       1
       5
       4
       2
       2
       1
       5
       5
       5
       6
       3
       3
       8
       4
       5
       4
       4
       9
      13
       4
       5
       4
       5
       5
       7
       6
       3
       2
      10
       8
       4
       4
       4
       9
       5
       7
       3
       4
       2
       3
       4
       3
       4
       4
       5
       2
       4
       5
       3
       2
       3
       4
       8
       7
       5
       5
       4
       2
       4
       1
       4
       4
       6
       5
       8
       7
       6
       4
       9
       8
       5
       8
       3
       4
       5
       2
       5
       6
       6
       6
       6
       6
       1
       5
       6
       8
       5
       5
       7
      10
       6
       2
       4
       2
       4
       7
       7
       5
       6
       2
       2
       4
       6
       2
       7
       2
       1
       5
       5
       5
       3
       5
       8
       8
       8
      10
       1
       4
       3
       8
       8
       3
       3
       2
       5
       5
       4
       3
       2
       2
       5
       5
       1
       2
       5
       5
       1
       2
       5
       4
       2
       7
       1
       3
       6
       4
       4
       4
       8
       3
       2
       1
       7
       1
       5
       5
       3
       3
       2
       3
       5
       5
       5
       5
       2
       5
       3
       2
       2
       5
       3
       4
       4
       1
       5
       3
       3
       2
       3
       2
       3
       3
       2
       3
       3
       4
       0
       4
       4
       4
       6
       3
       5
       5
       1
       1
       2
       2
       3
       5
       2
       1
       3
       1
       5
       5
       1
       5
       3
       2
       5
       6
       4
       2
       4
       2
       5
       4
       1
       4
       2
       6
       1
       3
       5
       5
       6
       2
       3
       7
       3
       1
       1
       5
       3
       3
       3
       5
       4
       5
       4
       8
       3
       9
       9
      12
      10
      11
       4
       7
       4
       8
       5
       1
       3
       3
      10
       4
       3
       6
       2
       2
       3
       6
       1
       3
       2
       1
       3
       3
       1
       2
       3
       1
       6
       1
       6
       3
       1
       2
       4
       1
       2
       1
       2
       7
       1
       0
       3
       2
       5
       1
       4
       2
       3
       4
       2
       4
       3
       3
       3
       2
       0
       3
       2
       6
       3
       0
       0
       0
       2
       6
       5
       2
       6
       2
       3
       1
       0
       4
       4
       3
       4
       4
       4
       0
       2
       4
       3
       2
       4
       2
       3
       6
       4
       2
       3
       9
       6
       9
       8
      10
       8
       9
      14
       6
       3
       3
       6
       4
       3
       5
       3
       1
       3
       1
       3
       1
       2
       1
       2
       2
       4
       1
       0
       4
       2
       5
       1
       0
       1
       2
       0
       0
       2
       2
       1
       3
       1
       0
       2
       1
       5
       1
       2
       1
       3
       2
       1
       0
       5
       2
       0
       3
       2
       3
       1
       2
       2
       2
       2
       3
       2
       4
       6
       2
       1
       1
       2
       1
       4
       5
       4
       4
       2
       7
       3
       3
       9
      11
       5
      11
      14
      18
      18
      23
      24
      28
      30
      51
      48
      60
      30
      31
      36
      32
      17
      18
      13
       7
      13
       3
       3
       6
       3
       1
       3
       1
       3
       1
       0
       3
       2
       1
       3
       3
       2
       2
       2
       2
       2
       0
       1
       1
       2
       1
       2
       0
       3
       0
       2
       0
       1
       4
       2
       2
       1
       2
       0
       2
       3
       1
       3
       1
       1
       2
       4
       3
       5
       1
       2
       0
       1
       4
       4
       1
       2
       2
       2
       2
       2
       1
       0
       0
       1
       0
       0
       2
       3
       0
       3
       0
       3
       1
       2
       0
       1
       2
       3
       1
       2
       3
       4
       0
       0
       1
       2
       0
       2
       2
       2
       1
       3
       2
       0
       1
       1
       3
       1
       1
       4
       1
       2
       0
       1
       1
       0
       2
       1
       2
       1
       1
       1
       0
       1
       0
       1
       0
       0
       1
       1
       0
       1
       4
       2
       2
       2
       0
       3
       2
       6
       2
       5
       3
       6
       5
       5
       5
       4
       5
       3
       5
       5
       1
       4
       3
       2
       1
       1
       2
       0
       1
       2
       3
       2
       1
       0
       0
       1
       1
       0
       2
       0
       0
       3
       3
       2
       1
       3
       0
       1
       3
       2
       1
       0
       1
       0
       1
       1
       0
       0
       0
       2
       1
       1
       0
       0
       2
       0
       0
       0
       1
       2
       0
       2
       0
       2
       0
       2
       0
       1
       2
       3
       0
       1
       0
       2
       1
       1
       2
       2
       0
       1
       0
       1
       0
       0
       1
       1
       0
       2
       0
       0
       1
       2
       1
       1
       3
       0
       0
       2
       1
       0
       1
       1
       2
       2
       1
       1
       0
       0
       1
       1
       1
       2
       0
       2
       2
       1
       2
       2
       0
       3
       3
       0
       0
       2
       1
       0
       2
       2
       3
       1
       3
       3
       2
       2
       1
       1
       1
       2
       0
       1
       0
       1
       2
       1
       4
       1
       3
       0
       0
       1
       0
       1
       1
       0
       1
       2
       0
       1
       1
       1
       1
       1
       1
       0
       1
       1
       1
       4
       3
       0
       0
       1
       0
       3
       1
       3
       0
       1
       1
       0
       0
       3
       1
       1
       1
       3
       3
       3
       5
       4
       9
       9
      12
      21
      15
      21
      40
      44
      59
      41
      62
      80
      86
      58
      54
      59
      55
      57
      39
       0
       0
       0
       0
       0
       0
       0
       0
       0
       0
       0
       0
       0
       0
       0
       0
       0
       0
       0
       0
       0
       0
       0
       0
       0
       0
       0
       0
       0
       0
       0
       0
       0
       0
       0
       0
       0
       0
       0
       0
       0
       0
       0
       0
       0
       0
       0
       0
       0
       0
       0
       0
       0
       0
       0
       0
       0
       0
       0
       0
       0
       0
       0
       0
       0
       0
       0
       0
       0
       0
       0
       0
       0
       0
       0
       0
       0
       0
       0
       0
       0
       0
       0
       0
       0
       0
       0
       0
       0
       0
       0
       0
       0
       0
       0
       0
       0
       0
       0
       0
       0
       0
       0
       0
       0
       0
       0
       0
       0
       0
       0
       0
       0
       0
       0
       0
       0
       0
       0
       0
       0
       0
       0
       0
       0
       0
       0
       0
$ROI:
0
$PRESETS:
Live Time
600
0
$ENER_FIT:
90.474091 0.354313
$MCA_CAL:
3
9.047409E+001 3.543133E-001 0.000000E+000 keV
$SHAPE_CAL:
3
0.000000E+000 0.000000E+000 0.000000E+000
