$SPEC_ID:
Cs137
$SPEC_REM:
DET# 2
DETDESC# DETECTOR 2
AP# Maestro Version 7.01
$DATE_MEA:
02/13/2017 09:42:20
$MEAS_TIM:
2423 2573
$DATA:
0 8191
       0
       0
       0
       0
       0
       0
       0
       0
       0
       0
       0
       0
       0
       0
       0
       0
       0
       0
       0
       0
       0
       0
       0
       0
       0
       0
       0
       0
       0
       0
       0
       0
       0
       0
       0
       0
       0
       0
       0
       0
       0
       0
       0
       0
       0
       0
       0
       0
       0
       0
       0
       0
       0
       0
       0
       0
       0
       0
       0
       0
       0
       0
       0
       0
       0
       0
       0
       0
       0
       0
       0
       0
       0
       0
       0
       0
       0
       0
       0
       0
       0
       0
       0
       0
       0
       0
       0
       0
       0
       0
       0
       0
       0
       0
       0
       0
     184
    2832
    4453
    4361
    4382
    4441
    4413
    4545
    4457
    4546
    4560
    4536
    4445
    4500
    4628
    4589
    4628
    4751
    4678
    4644
    4775
    4697
    4727
    4735
    4762
    4776
    4738
    4853
    4842
    4821
    4871
    4868
    4962
    4857
    4868
    4786
    4767
    4614
    4642
    4708
    4650
    4705
    4612
    4604
    4656
    4731
    4759
    4962
    4892
    4730
    4897
    4955
    4909
    5072
    5151
    5397
    5550
    5680
    5664
    5747
    5886
    5761
    5891
    5732
    5695
    5788
    5839
    6011
    5899
    5967
    6097
    6127
    6264
    6236
    6152
    6164
    6213
    6402
    6259
    6167
    6450
    6580
    6675
    6682
    6814
    7019
    6990
    7273
    7347
    7473
    8588
   12507
   21523
   28583
   24349
   15252
   13287
   22092
   38552
   44164
   30017
   15243
    9485
    7576
    6771
    6334
    6331
    6182
    5991
    5772
    5936
    5761
    5758
    5819
    5884
    5784
    5712
    5937
    5892
    6016
    6108
    6988
    9637
   14753
   19100
   18709
   13447
    9110
    7207
    7635
    9101
   10333
    9370
    7892
    6569
    6008
    5887
    5817
    6023
    6077
    6353
    6373
    6650
    6713
    6930
    6846
    6959
    6835
    6863
    6932
    6853
    6688
    6705
    6830
    6649
    6674
    6587
    6549
    6534
    6570
    6466
    6443
    6334
    6555
    6335
    6104
    6208
    6182
    6126
    6172
    6323
    6269
    6154
    6222
    6265
    6180
    6270
    6522
    6397
    6466
    6456
    6578
    6753
    6819
    6885
    7127
    7291
    7253
    7694
    7730
    7817
    7888
    8171
    8090
    8126
    8489
    8435
    8596
    8672
    8765
    8770
    8865
    8788
    8791
    8822
    9053
    9008
    9036
    9074
    9150
    9024
    9116
    9054
    9272
    9202
    9161
    9027
    9099
    9031
    8953
    8858
    8873
    8638
    8694
    8544
    8310
    8348
    8279
    7916
    8006
    7790
    7582
    7510
    7390
    7081
    7097
    6854
    6730
    6490
    6277
    6341
    6133
    6011
    5922
    5707
    5784
    5966
    7865
   12231
   17199
   16515
   11190
    7074
    5835
    5307
    5202
    5068
    4937
    4784
    4786
    4754
    4694
    4676
    4810
    4731
    4634
    4660
    4973
    8961
   30753
   96343
  185337
  202596
  127839
   53302
   22271
   13152
    9783
    7955
    6966
    6353
    5909
    5378
    4883
    4611
    4410
    4345
    4452
    4133
    4156
    4146
    4167
    4213
    4187
    4218
    4242
    4272
    4260
    4243
    4216
    4367
    4184
    4162
    4155
    4166
    4221
    4332
    4201
    4188
    4130
    4212
    4353
    4428
    4416
    4232
    4283
    4249
    4158
    4238
    4162
    4187
    4153
    4113
    4220
    4103
    4239
    4140
    4206
    4169
    4105
    4128
    4117
    4125
    4143
    4156
    4187
    4199
    4267
    4172
    4255
    4169
    4265
    4261
    4260
    4346
    4273
    4423
    4322
    4563
    4469
    4679
    4768
    4650
    4763
    4959
    4741
    4701
    4843
    4759
    4813
    4725
    4788
    4820
    4710
    4789
    4859
    4724
    4854
    4766
    4843
    4815
    4694
    4604
    4605
    4690
    4632
    4579
    4716
    4596
    4603
    4817
    4672
    4651
    4552
    4578
    4589
    4576
    4602
    4720
    4599
    4594
    4612
    4559
    4749
    4883
    4549
    4565
    4570
    4643
    4486
    4520
    4623
    4645
    4523
    4511
    4494
    4346
    4491
    4325
    4369
    4431
    4400
    4338
    4352
    4463
    4359
    4375
    4439
    4417
    4242
    4441
    4430
    4484
    4440
    4326
    4429
    4393
    4413
    4425
    4885
    5666
    6153
    6223
    5451
    4816
    4565
    4474
    4515
    4471
    4422
    4310
    4502
    4303
    4529
    4280
    4358
    4395
    4464
    4385
    4407
    4381
    4491
    4395
    4352
    4385
    4517
    4336
    4379
    4274
    4487
    4532
    4492
    4454
    4355
    4337
    4355
    4430
    4489
    4348
    4336
    4422
    4283
    4432
    4410
    4358
    4353
    4410
    4353
    4296
    4322
    4328
    4418
    4309
    4330
    4314
    4163
    4243
    4316
    4205
    4255
    4220
    4223
    4246
    4381
    4221
    4339
    4192
    4241
    4280
    4191
    4262
    4268
    4093
    4165
    4266
    4130
    4052
    4143
    4175
    4210
    4225
    4178
    4200
    4182
    4125
    4103
    4212
    4307
    4383
    4235
    4282
    4183
    4073
    4095
    4211
    4165
    4082
    4047
    4164
    4041
    4050
    4167
    4272
    4126
    4133
    4108
    4081
    4186
    4116
    4135
    4034
    4040
    3888
    4099
    3957
    4016
    4058
    3988
    3986
    3982
    4001
    4069
    3998
    4054
    3959
    3932
    3901
    3945
    3927
    4101
    3971
    3990
    3927
    3934
    3939
    3892
    3924
    3932
    3935
    3885
    3915
    3935
    3947
    3919
    3905
    3949
    3998
    3962
    3937
    3948
    3843
    3927
    3872
    3923
    3847
    3943
    3884
    3838
    3766
    3886
    3972
    3900
    3960
    3912
    3886
    3992
    3782
    3854
    3861
    3760
    3885
    3919
    3952
    3787
    3934
    3847
    3777
    3772
    3756
    3838
    3891
    3903
    3794
    3837
    3843
    3845
    3833
    3846
    3968
    3798
    3831
    3817
    3783
    3656
    3830
    3771
    3905
    3887
    3969
    3839
    3911
    3784
    3924
    3855
    3722
    3807
    3856
    3845
    3837
    3816
    3805
    3836
    3826
    3719
    3705
    3718
    3828
    3771
    3866
    3836
    3822
    3665
    3705
    3710
    3675
    3857
    3747
    3837
    3837
    3756
    3902
    3802
    3813
    3815
    3795
    3858
    3742
    3773
    3776
    3685
    3810
    3837
    3798
    3926
    3787
    3745
    3795
    3920
    3818
    3648
    3860
    3721
    3733
    3883
    3828
    3822
    3750
    3910
    3732
    3839
    3855
    3817
    3732
    3778
    3785
    3864
    3833
    3777
    3828
    3789
    3853
    3852
    4025
    3994
    4082
    3969
    4000
    3914
    3794
    3910
    3791
    3856
    3869
    3848
    3847
    3974
    3863
    3924
    3904
    3892
    3844
    3895
    3832
    3886
    3942
    3917
    3798
    3802
    3871
    3766
    4046
    3901
    3960
    3912
    3935
    3872
    3873
    3928
    3846
    3856
    3914
    3886
    3927
    3869
    3893
    3947
    3904
    3869
    3965
    3886
    3920
    3902
    3982
    4035
    4009
    3857
    3930
    4044
    4010
    4018
    4144
    4081
    4049
    4038
    3846
    4052
    3990
    3933
    3843
    3919
    3896
    3954
    3989
    3957
    3866
    3806
    3872
    3866
    3800
    3795
    3801
    3754
    3840
    3599
    3842
    3710
    3700
    3637
    3647
    3628
    3532
    3443
    3386
    3340
    3311
    3237
    3212
    3143
    3133
    3039
    3007
    3150
    2935
    3018
    2913
    3040
    3001
    2839
    2865
    2928
    2932
    2898
    2941
    2855
    2783
    2785
    2874
    2864
    2784
    2737
    2788
    2823
    2697
    2774
    2708
    2708
    2667
    2696
    2612
    2659
    2600
    2680
    2668
    2595
    2659
    2642
    2638
    2592
    2596
    2574
    2574
    2551
    2448
    2460
    2497
    2598
    2492
    2516
    2490
    2445
    2324
    2430
    2459
    2423
    2476
    2427
    2447
    2459
    2434
    2338
    2420
    2325
    2314
    2375
    2273
    2345
    2392
    2598
    2724
    3373
    4211
    4856
    4586
    3683
    2952
    2531
    2435
    2276
    2328
    2330
    2304
    2322
    2247
    2301
    2289
    2242
    2203
    2190
    2188
    2196
    2150
    2318
    2613
    3890
    6542
   10450
   12875
   11195
    7495
    4550
    3400
    2683
    2590
    2481
    2249
    2270
    2088
    2174
    2211
    2098
    2088
    2105
    2180
    2414
    3144
    3851
    4437
    4067
    3272
    2581
    2130
    2184
    2052
    2027
    2010
    2083
    1995
    2051
    2006
    2002
    1927
    2067
    1957
    1950
    1844
    1925
    1927
    1880
    1925
    1938
    1824
    1852
    1874
    1774
    1910
    1897
    1838
    1885
    1849
    1836
    1777
    1775
    1867
    1791
    1871
    1915
    1791
    1773
    1784
    1828
    1788
    1790
    1726
    1770
    1741
    1789
    1737
    1872
    1797
    1708
    1729
    1721
    1767
    1723
    1657
    1796
    1738
    1714
    1740
    1657
    1741
    1703
    1698
    1708
    1789
    1738
    1675
    1668
    1616
    1635
    1685
    1705
    1696
    1658
    1713
    1668
    1657
    1643
    1666
    1697
    1653
    1691
    1684
    1634
    1618
    1608
    1643
    1609
    1620
    1671
    1636
    1557
    1591
    1620
    1618
    1633
    1582
    1696
    1546
    1615
    1582
    1673
    1628
    1608
    1568
    1591
    1622
    1529
    1584
    1588
    1618
    1602
    1586
    1566
    1540
    1539
    1684
    1617
    1558
    1554
    1587
    1476
    1589
    1448
    1522
    1578
    1557
    1608
    1625
    1622
    1598
    1573
    1592
    1548
    1626
    1699
    1888
    2275
    2561
    2497
    2147
    1852
    1564
    1605
    1549
    1499
    1590
    1512
    1513
    1580
    1526
    1589
    1533
    1461
    1457
    1440
    1478
    1534
    1442
    1482
    1503
    1384
    1501
    1482
    1506
    1489
    1429
    1413
    1526
    1489
    1422
    1437
    1449
    1502
    1474
    1546
    1500
    1533
    1431
    1500
    1511
    1609
    1749
    1715
    1640
    1503
    1491
    1495
    1486
    1442
    1432
    1414
    1521
    1464
    1472
    1449
    1419
    1431
    1459
    1434
    1357
    1385
    1400
    1428
    1388
    1413
    1363
    1404
    1466
    1460
    1430
    1374
    1451
    1478
    1396
    1431
    1390
    1447
    1330
    1433
    1375
    1434
    1510
    1399
    1437
    1452
    1488
    1423
    1429
    1491
    1570
    1801
    2005
    2170
    2134
    1897
    1715
    1554
    1411
    1498
    1387
    1433
    1451
    1624
    1982
    2634
    3426
    3815
    3492
    2669
    2007
    1696
    1502
    1405
    1428
    1391
    1366
    1418
    1479
    1343
    1382
    1375
    1362
    1315
    1308
    1299
    1460
    1356
    1389
    1349
    1361
    1350
    1327
    1347
    1353
    1329
    1398
    1373
    1422
    1315
    1401
    1356
    1380
    1394
    1353
    1379
    1391
    1339
    1419
    1371
    1343
    1351
    1430
    1421
    1435
    1377
    1369
    1406
    1462
    1486
    1533
    1553
    1649
    1733
    1992
    2424
    3238
    5002
    7810
   13284
   22135
   34510
   50394
   67194
   81127
   88864
   86332
   75171
   59932
   43870
   29792
   19400
   12568
    8271
    5829
    4112
    3203
    2791
    2307
    1940
    1752
    1662
    1755
    1827
    1954
    2048
    1928
    1725
    1553
    1430
    1407
    1397
    1379
    1352
    1294
    1302
    1332
    1288
    1307
    1338
    1307
    1456
    1333
    1387
    1366
    1315
    1334
    1354
    1351
    1222
    1310
    1209
    1270
    1334
    1245
    1188
    1198
    1205
    1205
    1217
    1278
    1211
    1269
    1185
    1237
    1212
    1210
    1183
    1199
    1214
    1219
    1203
    1222
    1201
    1100
    1174
    1248
    1143
    1179
    1180
    1215
    1255
    1135
    1207
    1145
    1161
    1228
    1187
    1282
    1180
    1163
    1155
    1176
    1199
    1220
    1263
    1160
    1146
    1125
    1087
    1196
    1136
    1159
    1210
    1166
    1177
    1142
    1149
    1164
    1168
    1129
    1198
    1171
    1218
    1174
    1176
    1184
    1190
    1155
    1130
    1192
    1125
    1229
    1167
    1149
    1248
    1163
    1116
    1170
    1203
    1115
    1185
    1167
    1247
    1170
    1185
    1280
    1273
    1240
    1231
    1211
    1155
    1137
    1173
    1147
    1148
    1118
    1191
    1241
    1146
    1178
    1220
    1158
    1279
    1314
    1437
    1548
    1533
    1370
    1250
    1194
    1174
    1128
    1198
    1202
    1197
    1157
    1148
    1171
    1177
    1206
    1139
    1229
    1143
    1093
    1180
    1194
    1121
    1135
    1117
    1203
    1196
    1016
    1218
    1304
    1276
    1352
    1309
    1282
    1208
    1187
    1156
    1182
    1214
    1224
    1230
    1252
    1149
    1165
    1237
    1261
    1219
    1169
    1152
    1196
    1231
    1241
    1234
    1218
    1182
    1125
    1168
    1197
    1120
    1173
    1139
    1068
    1091
    1121
    1158
    1205
    1149
    1212
    1202
    1151
    1119
    1142
    1147
    1150
    1141
    1137
    1168
    1156
    1164
    1142
    1116
    1184
    1166
    1153
    1176
    1116
    1131
    1170
    1127
    1153
    1132
    1136
    1178
    1157
    1130
    1131
    1232
    1171
    1131
    1142
    1147
    1165
    1204
    1234
    1152
    1197
    1200
    1191
    1141
    1160
    1176
    1133
    1160
    1132
    1161
    1139
    1154
    1092
    1165
    1163
    1198
    1193
    1156
    1121
    1130
    1198
    1144
    1166
    1133
    1169
    1135
    1142
    1128
    1162
    1191
    1184
    1123
    1146
    1184
    1168
    1185
    1211
    1102
    1165
    1194
    1162
    1093
    1195
    1169
    1164
    1312
    1445
    1752
    2188
    2301
    2370
    2191
    1648
    1430
    1260
    1163
    1192
    1213
    1262
    1171
    1173
    1106
    1144
    1190
    1134
    1189
    1162
    1198
    1158
    1218
    1172
    1194
    1123
    1194
    1135
    1137
    1212
    1170
    1141
    1140
    1144
    1173
    1245
    1214
    1137
    1187
    1101
    1186
    1154
    1110
    1191
    1218
    1281
    1276
    1435
    1463
    1531
    1542
    1467
    1381
    1244
    1196
    1280
    1251
    1256
    1256
    1223
    1301
    1279
    1263
    1342
    1353
    1409
    1381
    1317
    1306
    1295
    1188
    1226
    1234
    1177
    1229
    1261
    1156
    1234
    1219
    1367
    1401
    1536
    1542
    1390
    1335
    1221
    1268
    1208
    1207
    1209
    1170
    1169
    1186
    1208
    1203
    1203
    1174
    1170
    1153
    1231
    1219
    1130
    1209
    1178
    1130
    1159
    1224
    1238
    1191
    1189
    1259
    1220
    1216
    1238
    1238
    1152
    1242
    1264
    1195
    1247
    1242
    1226
    1211
    1212
    1181
    1142
    1279
    1259
    1219
    1293
    1264
    1277
    1263
    1259
    1289
    1250
    1205
    1235
    1278
    1293
    1208
    1266
    1235
    1260
    1317
    1313
    1244
    1314
    1295
    1242
    1334
    1254
    1279
    1249
    1246
    1309
    1278
    1224
    1297
    1264
    1291
    1242
    1324
    1226
    1337
    1245
    1248
    1268
    1237
    1256
    1261
    1265
    1258
    1249
    1232
    1242
    1226
    1190
    1245
    1288
    1276
    1316
    1243
    1253
    1247
    1230
    1208
    1261
    1289
    1301
    1242
    1250
    1300
    1273
    1241
    1306
    1385
    1435
    1647
    1702
    1784
    1650
    1427
    1376
    1303
    1235
    1194
    1249
    1149
    1201
    1119
    1213
    1171
    1164
    1186
    1188
    1222
    1188
    1221
    1178
    1099
    1076
    1132
    1114
    1118
    1060
    1038
    1063
    1065
    1112
    1086
    1082
    1053
     976
     976
    1008
    1093
    1034
    1014
    1057
    1124
    1042
    1100
    1058
    1039
    1078
    1052
    1031
    1000
     957
     983
     976
    1032
    1021
    1049
    1014
    1116
    1042
    1012
    1054
    1005
     998
     967
     996
    1002
     993
     959
     990
    1012
     995
     952
     987
     972
    1031
    1017
     980
     952
    1051
     984
     949
    1022
     939
     965
     942
     945
     953
     925
    1036
     952
     997
     956
    1028
     985
    1001
     907
     932
    1015
     988
     980
     986
    1013
    1053
    1133
    1220
    1253
    1160
    1054
     929
     950
     982
     928
     932
     960
     929
     949
     894
     952
     976
     940
     948
     951
     904
     952
     869
     872
     928
     900
     883
     962
     959
     867
     922
     916
     930
     935
     939
     896
     939
     985
     948
     957
     960
     987
     930
     931
     934
     902
     927
     915
     894
     973
     912
     920
     881
     888
     901
     916
     952
     968
     908
     981
     947
    1016
     989
     963
     978
     982
     905
     946
     886
     913
     970
     939
     888
     920
     919
     850
     941
     834
     914
     883
     855
     887
     880
     891
     875
     833
     884
     968
    1055
    1288
    1603
    1742
    1835
    1798
    1620
    1490
    1160
    1027
    1000
     883
     898
     880
     889
     928
     853
     899
     839
     860
     869
     759
     905
     838
     843
     880
     885
     850
     846
     834
     842
     820
     838
     875
     865
     795
     835
     800
     874
     878
     858
     886
     831
     848
     857
     851
     818
     795
     861
     808
     829
     841
     844
     776
     832
     796
     845
     822
     827
     792
     846
     802
     832
     778
     846
     815
     803
     805
     858
     823
     862
     824
     807
     803
     838
     830
     841
     838
     845
     820
     815
     795
     878
     828
     790
     841
     795
     866
     884
     854
     867
     844
     834
     873
     835
     832
     860
     879
     828
     837
     820
     799
     876
     790
     804
     841
     773
     830
     774
     786
     837
     777
     814
     807
     800
     815
     823
     839
     866
     802
     843
     848
     808
     829
     802
     844
     798
     842
     935
     912
    1018
    1061
    1234
    1325
    1355
    1372
    1235
    1024
     949
     901
     901
     856
     848
     831
     838
     825
     873
     841
     875
     932
     890
     905
     961
     876
     926
     899
     974
     919
     938
     918
     871
     833
     883
     859
     884
     862
     886
     826
     871
     855
     836
     870
     880
     849
     825
     811
     849
     836
     844
     853
     859
     915
     807
     882
     858
     898
     840
     907
     888
     911
     930
     909
     931
     951
     900
     900
     868
     865
     885
     858
     820
     871
     869
     892
     812
     910
     872
     881
     866
     878
     850
     912
     900
     874
     898
     891
     921
     851
     887
     881
     867
     858
     907
     917
     900
     815
     876
     929
     914
     880
     845
     879
     878
     882
     823
     896
     871
     859
     941
     941
     883
     926
     878
     985
     909
     889
     918
     906
     831
     885
     923
     886
     941
     924
     941
     895
     905
     874
     912
     920
     922
     910
     966
     933
     909
     872
     904
     926
     899
     895
     936
     930
     963
     942
     932
     887
     902
     946
     901
     911
     965
     919
     901
     978
     933
     895
     900
     948
     899
     919
     954
    1038
     987
    1016
    1134
    1278
    1394
    1583
    1706
    1732
    1498
    1339
    1172
    1039
     996
     951
     967
     979
     965
     973
     932
     998
     943
     963
     975
    1005
    1030
     951
     948
     963
     966
     990
     930
     989
     951
     912
     990
     920
     949
     983
     941
     917
     938
     992
     945
     994
     963
    1020
    1175
    1430
    2086
    3480
    6454
   11188
   18369
   26116
   31389
   31304
   25366
   17333
   10062
    5536
    3321
    2178
    1700
    1577
    1336
    1261
    1134
    1105
    1062
    1039
    1021
    1046
     953
     930
     979
     912
     945
    1005
     881
     891
     914
     896
     892
     920
     870
     918
     872
     911
     826
     876
     810
     814
     816
     797
     836
     829
     790
     768
     774
     757
     772
     746
     709
     720
     743
     701
     726
     729
     698
     680
     673
     689
     711
     649
     690
     722
     818
    1030
    1177
    1332
    1464
    1597
    1410
    1115
    1002
     827
     763
     705
     649
     698
     681
     668
     682
     684
     693
     670
     670
     694
     675
     655
     662
     656
     656
     651
     674
     648
     623
     632
     633
     670
     604
     619
     631
     633
     656
     645
     641
     637
     654
     636
     586
     624
     648
     633
     650
     628
     653
     636
     617
     580
     615
     633
     631
     666
     620
     649
     612
     644
     622
     623
     581
     594
     609
     569
     613
     563
     593
     588
     621
     619
     629
     584
     588
     596
     586
     578
     598
     582
     573
     642
     559
     622
     553
     586
     586
     574
     574
     566
     554
     634
     579
     590
     566
     575
     605
     585
     518
     583
     541
     590
     592
     607
     557
     525
     545
     514
     502
     540
     537
     575
     538
     530
     549
     518
     567
     574
     538
     516
     528
     504
     552
     526
     520
     546
     513
     530
     512
     527
     520
     529
     475
     529
     522
     490
     566
     508
     504
     530
     499
     500
     507
     509
     501
     523
     526
     469
     506
     493
     475
     473
     499
     490
     485
     478
     478
     489
     501
     499
     520
     461
     473
     494
     498
     479
     486
     473
     477
     440
     484
     497
     441
     450
     459
     454
     458
     472
     483
     455
     447
     407
     457
     461
     440
     447
     459
     481
     465
     456
     421
     444
     428
     449
     435
     478
     467
     484
     417
     444
     447
     428
     416
     450
     432
     461
     426
     418
     427
     408
     379
     431
     458
     452
     402
     419
     410
     419
     397
     389
     389
     442
     428
     418
     446
     423
     369
     416
     392
     384
     428
     381
     413
     440
     488
     461
     447
     463
     471
     454
     419
     393
     362
     418
     401
     339
     384
     394
     394
     401
     351
     394
     371
     352
     358
     389
     367
     392
     400
     397
     377
     358
     369
     349
     342
     377
     371
     360
     372
     362
     375
     374
     372
     371
     341
     348
     354
     361
     386
     356
     333
     338
     397
     342
     327
     329
     329
     355
     343
     324
     319
     348
     373
     386
     402
     342
     331
     332
     378
     323
     367
     388
     379
     336
     396
     418
     456
     430
     438
     414
     364
     352
     329
     353
     319
     354
     318
     340
     323
     365
     328
     336
     331
     366
     351
     370
     358
     397
     328
     329
     309
     337
     352
     391
     335
     326
     332
     355
     349
     335
     342
     355
     322
     332
     308
     350
     373
     353
     282
     324
     327
     318
     325
     289
     296
     336
     322
     348
     340
     313
     327
     314
     335
     334
     330
     359
     383
     474
     530
     744
    1048
    1399
    1771
    1926
    1878
    1568
    1180
     854
     573
     487
     368
     363
     385
     386
     333
     344
     349
     326
     316
     351
     330
     327
     350
     344
     317
     365
     329
     365
     321
     318
     356
     321
     348
     316
     320
     343
     329
     351
     380
     434
     430
     483
     508
     461
     454
     464
     395
     393
     347
     351
     360
     327
     328
     334
     303
     295
     329
     319
     321
     324
     330
     349
     316
     305
     346
     327
     328
     334
     362
     352
     315
     323
     325
     299
     325
     307
     329
     306
     338
     324
     347
     336
     314
     303
     318
     337
     310
     351
     312
     296
     309
     298
     319
     308
     325
     334
     319
     310
     349
     325
     324
     304
     331
     337
     325
     337
     339
     342
     328
     331
     364
     335
     344
     378
     318
     337
     347
     340
     359
     315
     303
     307
     353
     347
     346
     369
     359
     378
     377
     446
     597
     796
    1345
    2169
    3817
    6777
   11235
   17188
   24326
   29438
   31007
   27517
   20501
   13418
    7692
    4323
    2460
    1581
    1170
     876
     712
     614
     542
     452
     418
     401
     381
     350
     368
     349
     338
     355
     343
     351
     334
     367
     321
     349
     343
     328
     329
     346
     330
     347
     355
     315
     347
     357
     306
     350
     365
     403
     365
     347
     327
     319
     311
     329
     330
     310
     333
     342
     300
     284
     282
     327
     356
     395
     482
     507
     685
     794
     877
     804
     712
     605
     488
     409
     372
     311
     301
     313
     303
     303
     323
     288
     283
     274
     298
     289
     299
     293
     291
     314
     313
     302
     376
     372
     434
     458
     432
     450
     413
     361
     351
     307
     293
     292
     302
     272
     282
     304
     265
     298
     282
     295
     278
     267
     286
     264
     268
     291
     288
     291
     261
     241
     279
     279
     305
     262
     322
     284
     239
     285
     278
     265
     286
     262
     277
     271
     266
     253
     308
     279
     294
     293
     279
     262
     260
     276
     251
     274
     284
     290
     273
     291
     242
     268
     256
     270
     231
     250
     253
     293
     258
     273
     266
     258
     313
     266
     233
     290
     267
     278
     258
     287
     256
     286
     237
     266
     303
     262
     286
     259
     243
     268
     260
     257
     257
     264
     271
     277
     289
     294
     323
     359
     302
     274
     308
     303
     252
     267
     247
     300
     281
     323
     285
     278
     274
     243
     271
     265
     265
     282
     265
     267
     245
     267
     242
     252
     236
     243
     260
     277
     274
     221
     274
     251
     281
     271
     268
     275
     229
     251
     276
     244
     245
     279
     236
     237
     286
     242
     228
     237
     247
     233
     279
     249
     269
     256
     251
     258
     229
     269
     263
     278
     244
     219
     254
     248
     219
     220
     247
     216
     251
     240
     240
     235
     242
     241
     239
     263
     228
     231
     225
     219
     234
     231
     217
     229
     252
     247
     239
     229
     215
     277
     248
     243
     205
     231
     233
     252
     227
     261
     245
     256
     254
     256
     247
     247
     252
     216
     228
     249
     249
     246
     258
     248
     212
     242
     236
     249
     240
     242
     238
     240
     248
     240
     241
     233
     250
     251
     229
     247
     227
     237
     248
     268
     265
     264
     272
     261
     258
     252
     262
     260
     254
     247
     228
     254
     217
     229
     241
     263
     239
     259
     250
     244
     282
     274
     277
     280
     258
     237
     236
     252
     202
     218
     236
     219
     224
     219
     238
     204
     223
     250
     228
     233
     247
     246
     221
     278
     280
     355
     433
     479
     629
     633
     624
     556
     517
     454
     327
     280
     263
     216
     234
     234
     241
     230
     234
     232
     218
     235
     218
     223
     230
     242
     218
     221
     210
     209
     245
     224
     245
     211
     208
     220
     233
     245
     209
     209
     225
     241
     239
     245
     231
     202
     231
     230
     224
     256
     238
     199
     224
     213
     221
     236
     200
     230
     223
     220
     214
     204
     246
     207
     242
     262
     324
     339
     421
     436
     510
     610
     768
     852
     815
     852
     730
     677
     504
     399
     366
     290
     250
     260
     234
     247
     222
     257
     234
     226
     236
     238
     239
     226
     239
     243
     255
     233
     194
     209
     214
     231
     217
     222
     228
     215
     202
     210
     236
     226
     234
     202
     248
     239
     223
     250
     238
     214
     232
     246
     198
     249
     217
     245
     225
     237
     221
     213
     236
     221
     196
     224
     237
     232
     237
     254
     223
     262
     240
     221
     219
     223
     226
     240
     205
     217
     235
     221
     220
     228
     213
     213
     240
     243
     216
     221
     231
     223
     208
     242
     238
     206
     229
     234
     238
     241
     243
     271
     250
     247
     274
     226
     217
     250
     244
     214
     225
     211
     235
     224
     236
     226
     244
     218
     231
     225
     220
     250
     192
     230
     255
     238
     230
     230
     224
     229
     226
     219
     233
     236
     222
     193
     221
     218
     229
     219
     215
     228
     260
     234
     276
     249
     268
     272
     260
     229
     242
     227
     216
     227
     237
     225
     245
     243
     226
     230
     214
     218
     248
     197
     216
     229
     246
     220
     204
     243
     225
     229
     222
     220
     229
     205
     230
     234
     231
     210
     204
     233
     262
     192
     232
     256
     268
     313
     364
     455
     581
     878
    1133
    1639
    1908
    2103
    2176
    2029
    1563
    1157
     747
     504
     385
     312
     292
     250
     222
     245
     219
     226
     214
     244
     205
     260
     233
     233
     234
     213
     235
     215
     212
     209
     203
     214
     242
     215
     217
     257
     208
     216
     239
     220
     204
     229
     227
     224
     228
     196
     244
     206
     251
     235
     228
     228
     168
     210
     216
     229
     192
     186
     216
     225
     203
     209
     222
     194
     221
     207
     222
     216
     234
     233
     211
     217
     211
     213
     188
     227
     164
     207
     226
     213
     242
     238
     184
     193
     236
     244
     186
     223
     219
     216
     212
     207
     237
     220
     223
     228
     247
     237
     244
     204
     199
     222
     193
     201
     229
     238
     207
     212
     248
     204
     199
     189
     236
     211
     209
     213
     204
     181
     188
     208
     210
     216
     207
     210
     216
     203
     204
     226
     232
     225
     209
     211
     213
     228
     205
     203
     211
     207
     210
     211
     207
     230
     208
     196
     196
     186
     224
     199
     193
     207
     221
     187
     223
     185
     160
     182
     200
     201
     213
     204
     194
     222
     189
     217
     168
     196
     178
     190
     215
     186
     203
     189
     207
     190
     172
     224
     214
     215
     213
     205
     195
     201
     209
     202
     205
     212
     183
     197
     200
     223
     198
     222
     210
     191
     217
     223
     185
     211
     180
     191
     195
     239
     209
     188
     214
     171
     217
     237
     218
     190
     202
     212
     190
     221
     230
     214
     202
     211
     204
     201
     187
     190
     207
     187
     198
     202
     208
     228
     201
     209
     215
     216
     191
     203
     221
     206
     212
     222
     240
     230
     210
     254
     234
     241
     263
     259
     243
     231
     196
     194
     194
     241
     224
     210
     246
     217
     250
     213
     211
     232
     201
     227
     220
     227
     207
     255
     265
     263
     260
     316
     315
     282
     295
     243
     183
     208
     214
     234
     225
     215
     199
     190
     202
     233
     221
     204
     208
     203
     186
     184
     213
     213
     203
     191
     202
     210
     192
     185
     177
     200
     201
     188
     208
     204
     226
     242
     192
     197
     194
     200
     193
     218
     210
     206
     188
     206
     208
     183
     212
     201
     186
     176
     182
     196
     193
     212
     200
     185
     196
     202
     215
     201
     200
     199
     216
     165
     212
     193
     212
     195
     209
     212
     205
     207
     215
     220
     206
     210
     208
     217
     210
     201
     181
     181
     198
     207
     201
     206
     200
     202
     200
     191
     214
     207
     184
     224
     183
     196
     196
     203
     201
     216
     204
     230
     249
     225
     235
     232
     238
     217
     207
     223
     210
     197
     192
     205
     180
     190
     218
     211
     200
     175
     216
     182
     163
     192
     205
     178
     187
     190
     193
     166
     233
     197
     191
     191
     190
     201
     179
     186
     198
     213
     195
     210
     186
     193
     201
     185
     189
     200
     198
     190
     220
     192
     202
     208
     212
     212
     202
     217
     186
     228
     198
     195
     194
     198
     193
     207
     194
     181
     184
     180
     176
     189
     194
     203
     210
     209
     157
     180
     204
     170
     211
     191
     183
     178
     191
     177
     222
     207
     206
     190
     186
     200
     185
     202
     188
     195
     197
     189
     206
     181
     203
     187
     213
     185
     215
     194
     201
     198
     187
     205
     199
     211
     217
     171
     183
     183
     191
     176
     194
     174
     181
     182
     191
     220
     207
     167
     180
     217
     216
     230
     178
     177
     225
     187
     208
     197
     188
     181
     223
     204
     185
     193
     202
     194
     199
     205
     192
     201
     194
     200
     250
     198
     194
     177
     206
     187
     188
     199
     192
     191
     215
     219
     197
     192
     229
     238
     245
     316
     281
     318
     257
     307
     289
     246
     222
     199
     183
     202
     193
     204
     205
     199
     197
     197
     196
     221
     193
     212
     220
     199
     191
     187
     190
     169
     191
     175
     207
     190
     203
     179
     186
     205
     203
     189
     181
     228
     200
     214
     223
     214
     200
     193
     210
     206
     182
     241
     172
     205
     211
     201
     170
     190
     192
     190
     200
     200
     183
     214
     189
     206
     197
     204
     177
     219
     186
     188
     211
     190
     204
     199
     199
     191
     202
     220
     211
     213
     217
     214
     194
     197
     194
     192
     203
     206
     204
     212
     227
     239
     270
     300
     336
     431
     553
     540
     639
     668
     649
     565
     524
     379
     342
     257
     237
     198
     197
     212
     230
     199
     224
     179
     213
     205
     200
     221
     205
     190
     212
     193
     200
     226
     217
     200
     219
     211
     188
     199
     225
     202
     203
     203
     245
     236
     224
     249
     241
     289
     242
     265
     242
     209
     215
     194
     210
     189
     201
     184
     201
     195
     194
     196
     190
     205
     200
     206
     205
     206
     208
     196
     196
     217
     223
     232
     234
     206
     209
     239
     215
     213
     234
     225
     180
     226
     229
     211
     207
     208
     199
     220
     186
     204
     174
     213
     201
     186
     191
     189
     204
     188
     222
     182
     230
     211
     198
     163
     205
     199
     179
     188
     181
     201
     190
     207
     204
     191
     197
     198
     181
     211
     191
     214
     193
     227
     248
     275
     264
     264
     281
     251
     241
     217
     244
     192
     221
     206
     164
     202
     173
     163
     175
     181
     205
     176
     181
     192
     172
     210
     196
     172
     176
     202
     182
     218
     191
     202
     209
     194
     198
     208
     217
     205
     222
     225
     237
     229
     269
     283
     292
     311
     307
     336
     338
     322
     324
     305
     271
     261
     256
     232
     212
     208
     214
     205
     211
     170
     215
     192
     175
     217
     196
     200
     222
     183
     190
     198
     186
     197
     201
     204
     200
     205
     166
     176
     205
     205
     208
     196
     181
     218
     197
     172
     197
     191
     197
     191
     214
     202
     190
     195
     194
     178
     218
     208
     178
     187
     178
     204
     218
     179
     187
     189
     180
     205
     206
     173
     212
     204
     177
     197
     186
     174
     189
     175
     207
     189
     191
     183
     189
     210
     182
     188
     204
     212
     183
     181
     202
     185
     200
     171
     172
     170
     208
     185
     223
     231
     225
     211
     234
     265
     312
     309
     303
     288
     284
     307
     270
     273
     311
     286
     263
     247
     235
     220
     205
     200
     182
     207
     200
     211
     219
     197
     205
     181
     196
     191
     180
     174
     175
     201
     187
     194
     193
     198
     178
     163
     204
     197
     206
     184
     213
     214
     192
     231
     225
     225
     239
     219
     253
     278
     262
     245
     273
     224
     217
     208
     240
     220
     197
     207
     211
     192
     180
     164
     215
     217
     208
     207
     192
     205
     187
     172
     173
     172
     179
     206
     195
     194
     210
     201
     180
     217
     199
     218
     204
     233
     171
     191
     220
     193
     198
     175
     217
     201
     195
     180
     204
     179
     216
     214
     189
     204
     183
     186
     200
     192
     179
     196
     214
     190
     198
     205
     192
     188
     212
     201
     196
     184
     199
     184
     175
     202
     175
     210
     212
     212
     189
     194
     201
     190
     193
     194
     224
     199
     186
     207
     184
     217
     204
     203
     193
     205
     192
     199
     172
     195
     217
     202
     203
     210
     196
     193
     174
     184
     184
     193
     200
     186
     194
     186
     197
     189
     174
     194
     203
     209
     176
     182
     199
     211
     195
     169
     190
     186
     194
     218
     218
     199
     212
     216
     208
     211
     215
     203
     192
     161
     209
     192
     201
     217
     192
     179
     194
     203
     207
     219
     196
     205
     187
     204
     224
     209
     193
     224
     228
     209
     194
     187
     196
     208
     203
     217
     218
     193
     194
     213
     209
     198
     205
     218
     209
     210
     213
     215
     206
     190
     202
     226
     213
     224
     208
     254
     225
     234
     215
     265
     265
     320
     337
     405
     456
     510
     583
     685
     777
     946
     937
     987
     982
     932
     855
     720
     678
     589
     419
     411
     325
     311
     256
     254
     224
     245
     207
     222
     202
     200
     221
     216
     204
     238
     232
     199
     224
     223
     210
     230
     203
     215
     201
     203
     223
     247
     195
     232
     232
     204
     196
     208
     212
     215
     206
     199
     206
     202
     201
     219
     225
     210
     199
     207
     225
     206
     223
     206
     203
     216
     236
     241
     217
     192
     260
     225
     239
     296
     311
     267
     282
     256
     255
     251
     234
     211
     243
     268
     212
     236
     226
     221
     238
     230
     240
     216
     207
     249
     256
     259
     261
     280
     310
     337
     313
     326
     316
     310
     257
     268
     230
     212
     261
     199
     220
     187
     239
     246
     244
     237
     243
     228
     232
     234
     217
     230
     258
     258
     305
     301
     332
     347
     363
     352
     386
     331
     316
     252
     270
     267
     215
     244
     225
     215
     212
     241
     226
     208
     217
     216
     224
     211
     228
     225
     230
     230
     217
     242
     206
     213
     237
     240
     225
     228
     246
     210
     207
     229
     248
     254
     256
     226
     247
     234
     234
     225
     232
     210
     235
     248
     234
     214
     238
     210
     214
     223
     225
     219
     226
     213
     223
     225
     214
     245
     221
     223
     228
     235
     216
     241
     242
     246
     212
     220
     261
     232
     223
     255
     243
     238
     222
     236
     260
     231
     239
     227
     264
     230
     228
     252
     219
     218
     244
     230
     237
     265
     248
     274
     210
     214
     240
     228
     255
     230
     249
     283
     222
     234
     236
     225
     256
     251
     258
     239
     223
     226
     227
     225
     219
     238
     254
     240
     232
     227
     229
     254
     242
     221
     266
     254
     254
     243
     228
     251
     251
     218
     235
     259
     264
     253
     261
     269
     257
     275
     230
     231
     266
     264
     225
     314
     303
     287
     371
     405
     402
     435
     437
     443
     403
     392
     326
     319
     321
     283
     283
     258
     284
     288
     282
     322
     303
     347
     342
     359
     444
     441
     438
     398
     395
     370
     360
     319
     283
     265
     262
     264
     254
     266
     261
     295
     239
     266
     263
     257
     277
     247
     269
     277
     260
     272
     261
     276
     250
     242
     253
     237
     241
     231
     269
     270
     260
     263
     258
     294
     257
     283
     274
     251
     253
     280
     246
     286
     251
     268
     257
     299
     298
     301
     259
     258
     244
     268
     262
     281
     273
     298
     227
     261
     287
     256
     279
     266
     291
     296
     300
     270
     273
     274
     255
     272
     282
     278
     259
     277
     308
     235
     261
     271
     282
     280
     285
     280
     269
     293
     297
     280
     275
     272
     267
     225
     290
     272
     258
     258
     260
     238
     248
     267
     225
     267
     246
     267
     247
     255
     258
     261
     255
     265
     273
     262
     235
     268
     279
     267
     239
     261
     283
     267
     237
     280
     253
     257
     262
     259
     239
     260
     278
     282
     281
     229
     265
     268
     253
     262
     264
     271
     267
     238
     258
     282
     265
     294
     258
     253
     258
     258
     276
     244
     277
     261
     280
     259
     288
     299
     295
     283
     280
     305
     333
     340
     364
     345
     351
     340
     407
     317
     312
     323
     284
     296
     304
     261
     276
     271
     264
     251
     235
     269
     270
     256
     257
     267
     283
     246
     268
     237
     226
     267
     283
     270
     246
     278
     246
     253
     262
     290
     255
     261
     262
     248
     273
     282
     276
     284
     297
     296
     283
     323
     254
     247
     292
     310
     273
     250
     308
     262
     289
     286
     283
     250
     288
     244
     275
     292
     262
     237
     256
     280
     288
     293
     291
     279
     291
     270
     266
     271
     275
     264
     282
     291
     301
     271
     283
     297
     305
     247
     309
     253
     283
     261
     286
     266
     255
     295
     269
     287
     288
     271
     288
     285
     267
     315
     316
     274
     274
     282
     291
     257
     256
     292
     294
     288
     284
     276
     304
     284
     279
     297
     266
     300
     295
     274
     304
     256
     280
     298
     308
     312
     307
     280
     290
     282
     300
     275
     256
     262
     300
     294
     291
     309
     308
     273
     261
     318
     298
     288
     287
     302
     293
     290
     267
     271
     274
     304
     276
     310
     284
     292
     260
     290
     311
     325
     308
     323
     298
     312
     285
     278
     284
     294
     324
     295
     269
     310
     312
     313
     275
     306
     308
     280
     300
     303
     323
     303
     276
     315
     317
     318
     301
     300
     347
     332
     304
     329
     322
     302
     286
     318
     317
     312
     284
     322
     315
     328
     285
     334
     319
     309
     320
     325
     327
     331
     326
     306
     315
     322
     323
     324
     290
     317
     314
     335
     302
     319
     343
     334
     298
     319
     302
     348
     321
     337
     292
     276
     345
     293
     304
     308
     292
     287
     294
     288
     268
     287
     296
     304
     303
     319
     295
     295
     316
     275
     297
     300
     301
     310
     321
     306
     296
     293
     296
     289
     277
     281
     274
     274
     293
     300
     259
     270
     246
     285
     260
     286
     270
     265
     217
     243
     235
     262
     234
     259
     248
     222
     210
     222
     233
     214
     209
     226
     231
     206
     220
     233
     211
     236
     230
     212
     224
     211
     206
     207
     226
     231
     225
     207
     200
     213
     183
     223
     226
     186
     203
     211
     207
     217
     210
     222
     215
     219
     206
     204
     231
     206
     211
     184
     186
     179
     181
     188
     193
     185
     154
     212
     209
     209
     186
     185
     194
     177
     208
     169
     171
     208
     181
     188
     195
     174
     180
     166
     169
     204
     209
     209
     201
     158
     194
     206
     187
     218
     176
     172
     187
     176
     168
     194
     205
     183
     173
     191
     181
     187
     187
     180
     201
     203
     202
     181
     204
     176
     206
     184
     184
     196
     174
     199
     175
     177
     170
     190
     178
     163
     166
     179
     180
     171
     183
     162
     178
     185
     163
     177
     161
     163
     147
     163
     180
     172
     162
     156
     158
     176
     172
     153
     156
     165
     153
     162
     153
     171
     162
     166
     180
     175
     140
     183
     150
     168
     161
     148
     144
     154
     168
     181
     166
     168
     169
     166
     153
     153
     152
     150
     149
     155
     161
     161
     162
     144
     142
     154
     150
     127
     163
     142
     163
     136
     141
     150
     148
     137
     146
     151
     143
     141
     168
     138
     135
     153
     143
     112
     135
     142
     131
     148
     139
     123
     133
     124
     134
     122
     136
     125
     121
     120
     144
     125
     109
     146
     148
     122
     147
     112
     142
     115
     137
     140
     125
     138
     106
     122
     121
     129
     144
     123
     119
     133
     117
     117
     124
     117
     125
     143
     144
     168
     165
     204
     248
     277
     365
     466
     564
     806
     994
    1237
    1590
    1863
    2163
    2319
    2387
    2237
    1972
    1584
    1181
     838
     594
     439
     302
     224
     189
     164
     130
     129
     134
     112
     105
      98
     100
     103
     100
     109
      93
      99
     112
      86
      74
      94
      81
      95
      96
      87
      87
      88
     102
      93
      83
      71
      83
      91
      79
      99
      79
      81
      92
      85
      86
      77
      71
      89
      90
      75
      84
      81
      76
      86
      73
      69
      73
      71
      79
      69
      71
      61
      57
      62
      61
      61
      64
      82
      62
      68
      80
      64
      55
      73
      63
      65
      92
      53
      62
      72
      71
      63
      75
      77
      84
      81
      91
     103
     133
     116
     135
     143
     125
     148
     127
     118
      81
      94
      69
      68
      61
      55
      71
      49
      61
      55
      65
      64
      47
      48
      52
      41
      62
      51
      48
      51
      49
      46
      57
      59
      47
      63
      47
      70
      59
      53
      47
      53
      46
      49
      54
      57
      58
      72
      78
      81
      81
      95
      93
      99
      97
     129
     132
     145
     146
     147
     134
     136
     116
     119
     127
     108
      85
      73
      65
      73
      61
      50
      60
      59
      54
      48
      46
      61
      42
      47
      58
      51
      58
      54
      50
      49
      39
      49
      56
      42
      53
      45
      51
      49
      57
      37
      48
      58
      36
      56
      48
      39
      42
      42
      62
      40
      50
      44
      48
      38
      41
      55
      40
      51
      55
      51
      41
      52
      50
      51
      44
      40
      45
      42
      53
      41
      64
      50
      56
      50
      53
      44
      57
      43
      48
      53
      58
      61
      54
      52
      34
      34
      41
      46
      40
      33
      46
      50
      50
      49
      43
      45
      40
      45
      35
      46
      40
      60
      48
      40
      51
      48
      62
      50
      43
      55
      40
      53
      33
      50
      51
      42
      44
      43
      56
      51
      48
      37
      59
      44
      48
      47
      47
      61
      44
      52
      42
      46
      47
      51
      47
      45
      40
      52
      50
      43
      58
      37
      48
      58
      45
      46
      48
      31
      38
      33
      56
      45
      42
      46
      42
      48
      49
      46
      53
      43
      51
      56
      44
      52
      52
      43
      45
      51
      50
      50
      45
      56
      42
      61
      54
      60
      64
      39
      58
      59
      59
      75
      68
      94
     126
     164
     209
     284
     399
     540
     694
     960
    1352
    1795
    2416
    3201
    4362
    5459
    6528
    7951
    8763
    9184
    9230
    8630
    7505
    5998
    4300
    3145
    2018
    1315
     853
     531
     376
     260
     184
     143
     113
     101
      70
      84
      74
      67
      62
      83
      68
      45
      42
      59
      57
      47
      62
      46
      50
      47
      60
      57
      58
      63
      49
      43
      55
      51
      47
      44
      42
      50
      41
      48
      37
      31
      42
      32
      42
      46
      31
      33
      39
      35
      49
      41
      37
      44
      33
      32
      35
      44
      41
      41
      53
      48
      38
      33
      38
      36
      35
      46
      32
      29
      34
      37
      45
      36
      33
      54
      42
      41
      45
      47
      46
      32
      42
      31
      34
      49
      34
      47
      46
      36
      32
      37
      48
      42
      35
      30
      39
      38
      42
      44
      41
      40
      40
      38
      34
      35
      46
      39
      45
      32
      42
      41
      32
      27
      36
      43
      32
      42
      35
      36
      32
      38
      31
      37
      38
      47
      32
      39
      38
      34
      42
      34
      32
      28
      36
      41
      31
      34
      29
      29
      35
      28
      37
      46
      41
      38
      29
      31
      35
      41
      33
      30
      42
      33
      28
      33
      27
      29
      36
      34
      41
      34
      42
      46
      28
      36
      23
      39
      31
      31
      35
      34
      34
      40
      41
      35
      40
      35
      39
      36
      36
      34
      29
      32
      32
      34
      33
      40
      29
      39
      26
      38
      39
      38
      31
      38
      29
      33
      34
      34
      33
      37
      32
      33
      43
      36
      32
      34
      41
      25
      48
      28
      36
      35
      38
      40
      38
      25
      39
      38
      33
      38
      35
      36
      32
      32
      35
      35
      31
      36
      26
      38
      41
      29
      38
      31
      38
      36
      36
      33
      34
      30
      33
      35
      41
      39
      35
      33
      36
      26
      36
      34
      31
      41
      27
      43
      27
      30
      36
      38
      31
      34
      37
      29
      30
      37
      27
      31
      40
      40
      26
      33
      34
      28
      42
      22
      30
      37
      39
      35
      33
      20
      39
      34
      42
      38
      27
      37
      31
      39
      32
      35
      38
      26
      33
      30
      33
      40
      31
      28
      34
      29
      27
      39
      52
      37
      33
      27
      33
      28
      42
      35
      30
      34
      30
      45
      32
      32
      42
      35
      30
      37
      34
      35
      39
      31
      31
      26
      41
      27
      44
      23
      24
      36
      41
      29
      30
      24
      42
      21
      31
      36
      30
      36
      35
      35
      38
      30
      34
      32
      31
      24
      26
      35
      38
      39
      33
      25
      29
      32
      36
      41
      26
      36
      34
      35
      26
      31
      22
      41
      26
      29
      26
      26
      36
      31
      47
      28
      25
      32
      35
      30
      36
      38
      35
      31
      29
      32
      36
      30
      28
      37
      29
      33
      31
      30
      30
      33
      33
      33
      33
      38
      30
      30
      39
      35
      31
      35
      25
      40
      37
      38
      36
      22
      36
      44
      36
      28
      36
      34
      28
      47
      39
      41
      35
      31
      35
      28
      36
      31
      41
      28
      34
      42
      22
      35
      40
      43
      28
      38
      34
      34
      32
      38
      46
      36
      38
      30
      28
      25
      30
      39
      25
      31
      27
      43
      32
      40
      35
      26
      39
      32
      37
      30
      36
      35
      39
      28
      29
      43
      36
      43
      47
      36
      40
      33
      22
      36
      30
      23
      37
      33
      30
      36
      27
      34
      28
      34
      27
      37
      40
      38
      26
      32
      39
      39
      32
      31
      28
      33
      40
      39
      26
      31
      34
      40
      33
      31
      31
      32
      39
      35
      25
      18
      44
      28
      33
      31
      30
      30
      24
      40
      31
      26
      31
      20
      36
      31
      24
      28
      31
      25
      27
      12
      33
      24
      24
      31
      25
      23
      23
      17
      31
      28
      24
      28
      26
      30
      25
      28
      22
      28
      22
      33
      29
      21
      27
      28
      26
      23
      25
      38
      26
      23
      22
      19
      28
      38
      25
      26
      32
      26
      24
      29
      27
      23
      22
      24
      25
      21
      26
      15
      20
      24
      32
      27
      29
      25
      18
      24
      19
      20
      21
      27
      23
      23
      21
      18
      24
      28
      28
      27
      28
      21
      14
      26
      23
      24
      18
      23
      22
      18
      26
      18
      23
      16
      26
      21
      21
      22
      39
      20
      20
      23
      31
      17
      22
      11
      23
      24
      19
      23
      15
      19
      20
      32
      34
      38
      24
      29
      30
      34
      32
      40
      30
      36
      40
      37
      41
      34
      29
      30
      36
      46
      49
      41
      47
      39
      31
      46
      38
      32
      26
      23
      24
      16
      21
      29
      18
      25
      24
      19
      22
      28
      21
      26
      20
      35
      19
      22
      26
      25
      25
      29
      12
      19
      30
      23
      22
      29
      22
      27
      15
      20
      20
      22
      22
      15
      15
      19
      18
      21
      15
      18
      17
      13
      18
      27
      26
      15
      25
      19
      20
      21
      19
      26
      19
      18
      30
      22
      17
      18
      18
      16
      15
      14
      21
      17
      22
      23
      14
      16
      17
      20
      17
      16
      25
      13
      20
      17
      13
      13
      23
      20
      26
      25
      22
      30
      14
      21
      21
      19
      20
      26
      21
      20
      27
      24
      27
      24
      28
      32
      18
      24
      18
      19
      22
      15
      16
      13
      14
      15
      20
      18
      15
      18
       8
      10
      19
      14
      14
       8
      16
      18
      13
      22
      14
      13
      17
       9
       4
      13
      14
      24
      15
      18
      14
      13
      12
      13
      21
      21
      12
      11
       8
      13
      12
      14
      19
       4
      13
      20
       9
      13
      18
      11
      12
      11
      20
       7
       8
      16
       7
       9
      11
       9
      11
      17
      15
      11
      13
      15
      12
      14
       9
      13
      13
      13
      17
      13
       9
      14
       5
      11
      14
      13
       7
      14
       7
      12
       9
      19
      11
      14
      18
      11
      16
      12
      11
      11
      26
      10
      11
      11
       9
      19
      13
       8
      13
      11
      18
      12
      17
       9
      14
      11
      16
      10
      12
       8
      15
       5
      13
       7
       7
       9
       9
       8
      11
       8
      11
      13
       6
       7
       7
       9
       6
      10
       9
       6
      12
       7
       5
       8
       8
       6
       6
      11
       3
       6
      10
       9
      10
       8
       8
      10
       9
       9
       2
       8
       4
      11
      15
       8
       5
      13
       5
      15
       9
       8
      13
      12
       8
      15
      13
       8
      15
       7
      10
      15
      10
       6
       6
       5
       4
       7
       8
      11
      10
      11
      10
      11
       8
       4
       5
      10
       9
      10
      12
      12
      15
       8
      10
      10
       8
      12
      10
       6
       9
      10
       9
      14
       8
      15
       8
       5
       8
       9
      15
      13
       9
      12
       8
       4
       9
      11
       6
       9
      11
      11
      12
       7
      13
      12
       4
       6
       9
       9
       7
      11
       6
      15
       9
       4
       8
       3
      10
      12
      12
       9
      11
       8
      13
       7
       5
       8
       4
       5
      11
       5
      11
      11
       8
       8
       6
      11
       7
      10
      16
       5
      11
      10
       9
      13
      12
       8
       9
      10
      13
       8
      10
       8
      14
       7
       3
       9
       6
      11
       8
       5
       6
      13
       9
       9
       8
      15
       9
      12
      10
      11
      14
       8
       9
       7
       8
       7
      11
       4
      10
       8
       5
       9
       5
      16
       6
       4
      11
       9
       9
       4
       6
       5
       8
       6
       7
      13
       5
       6
       7
       7
      13
      14
      14
       8
       9
       6
      10
       9
       5
       6
       9
      11
       6
       5
      11
      13
      13
      13
      22
      22
      30
      31
      44
      47
      61
      93
     106
     142
     177
     238
     307
     348
     444
     536
     588
     639
     707
     662
     655
     612
     510
     436
     337
     201
     141
      93
      67
      48
      40
      26
      17
      21
      13
      15
      13
       8
       4
       9
       5
       7
       8
       6
      14
      10
       4
       5
       7
       5
      11
       4
      10
       6
      11
       6
      10
      12
      12
       5
      13
       8
      12
       9
       7
       8
      14
       6
       5
       9
       6
       5
       4
      10
       2
      11
       7
       5
      11
      10
       9
       7
       7
       8
       9
       6
       8
       5
      11
       9
       4
      11
      13
       4
       5
       2
       3
       3
       6
       7
       5
      10
       6
       8
       3
       8
       5
       7
      10
       6
       3
       5
       9
      10
       6
       4
       5
      12
       9
       8
       8
       9
       6
      11
       4
      10
       8
       8
       8
       4
       1
       2
       5
       7
      10
      10
       4
      10
       4
       8
       4
      12
       6
       8
       8
       9
       3
       6
       4
       7
       3
       2
       6
       6
       9
       6
       8
       7
       4
       5
       5
      10
       8
       9
       9
       9
      12
      11
       6
       4
       7
       5
       8
       4
       6
       2
       8
       6
       9
       6
       7
       6
       5
       6
       9
       3
      10
      11
      10
       4
       5
       3
       5
       4
       8
       4
       6
       2
      10
       8
       6
       5
      12
       5
       3
       4
      12
       5
       6
       6
      12
       4
       7
       7
       5
       8
       6
       9
       7
      11
       4
       1
       5
       6
       5
       7
       3
       5
       6
       5
      10
       2
       9
      11
       6
       4
       5
       8
       4
       5
       6
       6
      12
       2
       7
       6
       4
       4
       7
       4
       2
       4
       6
       8
       3
       3
       7
       5
       6
      11
       8
       2
       4
       2
       6
       6
       4
       4
       4
       4
       7
       7
       2
       8
       6
       4
       7
       4
       5
       3
       7
       5
       1
       1
       5
       6
       4
       4
       2
       1
       5
       6
      10
       5
      10
       6
       6
       4
       6
       5
       5
       7
       5
       7
      10
       7
       5
       3
       8
       9
       7
       8
       6
       7
       6
       3
       3
       4
       4
       6
       6
       4
       1
       4
       4
       6
       3
       4
       7
       2
       3
       3
       5
       5
       6
       7
       4
       3
       4
       1
       8
       5
       3
       2
       4
       4
       7
       2
       2
       5
       2
       2
       8
       3
       7
       7
       5
       6
      10
       4
       4
       3
       2
       6
       2
       4
      11
       5
       4
       4
       2
       3
       4
       8
       7
       3
       6
       7
       4
       6
       4
       9
       3
       9
       2
       5
       3
       5
       7
       3
       2
       4
       5
       5
       2
       5
       6
       3
       5
       3
       8
       4
       3
       8
       2
       4
       5
       6
       2
       3
       1
       5
       4
       3
       4
       4
       4
       4
       0
       2
       2
       2
       3
       3
       4
       4
       4
       3
       5
       5
       5
       6
       9
       4
       5
       5
       6
       6
       5
       2
       2
       6
       4
       4
       5
       6
       5
       2
       2
       2
       4
       4
       6
       3
       7
       6
       1
       6
       2
       2
       3
       2
       4
       3
       3
      10
       7
       7
       4
       5
       4
       8
       4
       3
       7
       1
       5
       3
       2
       5
       7
       8
       5
       2
       6
       2
       2
       4
       3
       5
       6
       2
       2
       6
       0
       2
       1
       3
       6
       2
       3
       5
       4
       1
       5
       1
       5
       5
       3
       3
       4
       1
       5
       7
       3
       8
       0
       2
       5
       4
       2
       4
       5
       2
       7
       3
       7
       5
       1
       4
       3
       7
       5
       6
       3
       4
       2
       3
       2
       5
       4
       2
       1
       5
       4
       6
       3
       5
       6
       8
       2
      12
      12
       9
      19
      12
      12
      13
      11
      10
      15
       5
       7
       7
       4
       5
       4
       2
       1
       2
       3
       4
       3
       3
       4
       3
       3
       4
       5
       6
       2
       2
       0
       2
       1
       1
       2
       4
       3
       3
       2
       5
       3
       1
       1
       2
       5
       7
       2
       1
       3
       2
       2
       5
       2
       2
       2
       6
       4
       4
       1
       2
       4
       3
       3
       5
       3
       4
       4
       4
       8
       4
       3
       2
       2
       4
       5
       4
       4
       3
       5
       4
       4
       1
       1
       6
       1
       2
       5
       3
       3
       6
       2
       2
       4
       4
       3
       2
       3
       3
       2
       0
       4
       1
       3
       2
       3
       2
       2
       6
       3
       2
       2
       4
       5
       4
       2
       3
       2
       0
       5
       4
       3
       2
       3
       3
       3
       0
       3
       5
       6
       3
       4
       4
       4
       7
       2
       7
       6
       1
       6
       1
       3
       0
       6
       3
       4
       3
       4
       3
       7
       2
       1
       4
       6
       5
       4
       3
       1
       2
       2
       2
       3
       2
       2
       2
       2
       4
       3
       4
       4
       3
       3
       5
       3
       2
       4
       1
       0
       6
       4
       5
       3
       3
       2
       4
       1
       5
       2
       2
       2
       3
       4
       2
       2
       3
       1
       2
       1
       0
       2
       4
       2
       1
       3
       2
       2
       1
       3
       3
       4
       4
       3
       1
       1
       3
       2
       6
       2
       2
       3
       2
       2
       4
       3
       0
       1
       2
       4
       1
       0
       1
       3
       3
       2
       2
       2
       1
       1
       1
       2
       1
       3
       3
       1
       3
       3
       1
       6
       5
       2
       4
       2
       1
       0
       0
       3
       2
       1
       2
       6
       4
       1
       2
       5
       2
       5
       3
       3
       1
       3
       2
       3
       2
       2
       3
       3
       1
       1
       5
       4
       1
       1
       0
       0
       4
       3
       3
       6
       2
       2
       4
       3
       3
       2
       3
       1
       1
       1
       1
       3
       3
       5
       1
       1
       3
       4
       3
       2
       3
       3
       4
       2
       5
       3
       7
       1
       1
       2
       0
       4
       1
       3
       0
       1
       3
       2
       1
       0
       3
       0
       1
       4
       0
       4
       2
       2
       4
       4
       8
       7
       8
       7
      10
      15
      13
       6
      10
      21
      19
      29
      20
      23
      25
      16
      13
      15
       6
       0
       0
       0
       0
       0
       0
       0
       0
       0
       0
       0
       0
       0
       0
       0
       0
       0
       0
       0
       0
       0
       0
       0
       0
       0
       0
       0
       0
       0
       0
       0
       0
       0
       0
       0
       0
       0
       0
       0
       0
       0
       0
       0
       0
       0
       0
       0
       0
       0
       0
       0
       0
       0
       0
       0
       0
       0
       0
       0
       0
       0
       0
       0
       0
       0
       0
       0
       0
       0
       0
       0
       0
       0
       0
       0
       0
       0
       0
       0
       0
       0
       0
       0
       0
       0
       0
       0
       0
       0
       0
       0
       0
       0
       0
       0
       0
       0
       0
       0
       0
       0
       0
       0
       0
       0
       0
       0
       0
       0
       0
       0
       0
       0
       0
       0
       0
       0
       0
       0
       0
       0
       0
       0
       0
       0
       0
       0
       0
$ROI:
0
$PRESETS:
None
0
0
$ENER_FIT:
0.000000 0.383922
$MCA_CAL:
3
0.000000E+000 3.839219E-001 0.000000E+000 keV
$SHAPE_CAL:
3
0.000000E+000 0.000000E+000 0.000000E+000
