$SPEC_ID:
Cs137
$SPEC_REM:
DET# 2
DETDESC# DETECTOR 2
AP# Maestro Version 7.01
$DATE_MEA:
02/13/2017 10:26:33
$MEAS_TIM:
6655 7131
$DATA:
0 8191
       0
       0
       0
       0
       0
       0
       0
       0
       0
       0
       0
       0
       0
       0
       0
       0
       0
       0
       0
       0
       0
       0
       0
       0
       0
       0
       0
       0
       0
       0
       0
       0
       0
       0
       0
       0
       0
       0
       0
       0
       0
       0
       0
       0
       0
       0
       0
       0
       0
       0
       0
       0
       0
       0
       0
       0
       0
       0
       0
       0
       0
       0
       0
       0
       0
       0
       0
       0
       0
       0
       0
       0
       0
       0
       0
       0
       0
       0
       0
       0
       0
       0
       0
       0
       0
       0
       0
       0
       0
       0
       0
       0
       0
       0
       0
       9
     579
    9026
   13971
   14013
   14284
   14124
   14137
   14072
   14356
   14420
   14250
   14250
   14510
   14572
   14792
   14852
   14611
   14726
   15006
   15007
   15033
   15178
   15086
   15184
   15556
   15187
   15437
   15774
   15709
   15474
   15819
   15654
   15740
   15420
   15393
   14998
   14983
   15076
   14819
   14944
   14543
   14681
   14588
   14801
   14610
   14740
   14684
   14873
   15372
   15324
   15441
   15474
   16062
   16456
   16712
   17078
   17432
   17973
   17841
   18231
   18682
   18694
   18629
   18833
   18992
   18812
   19182
   19347
   19588
   19287
   19467
   19457
   20058
   20291
   20225
   20006
   20173
   20071
   20379
   20762
   21052
   21300
   21548
   21785
   22389
   22448
   22740
   23314
   24093
   24989
   28654
   43319
   73955
   95607
   79224
   50229
   45751
   77278
  132819
  146711
   98369
   50230
   31597
   26012
   23056
   21661
   21077
   20517
   20009
   19580
   19284
   19154
   19055
   19227
   18865
   19435
   19327
   19296
   19418
   19758
   20591
   23495
   32913
   49598
   64506
   61609
   44078
   29264
   24417
   25491
   30859
   34232
   31061
   25561
   21778
   19600
   19828
   19806
   19960
   20299
   21214
   21735
   22011
   23102
   23372
   23397
   23184
   23448
   23205
   23291
   23138
   23051
   23023
   22994
   22908
   22519
   22469
   22102
   22314
   21958
   21603
   21748
   21298
   21247
   21006
   21070
   21004
   20515
   20743
   20849
   20797
   20949
   20838
   20783
   21293
   21106
   21072
   21295
   21322
   21710
   22286
   22145
   22992
   23231
   23823
   24239
   24597
   25164
   25509
   26101
   26570
   26906
   27606
   28103
   28477
   28628
   29085
   29385
   29339
   29848
   29906
   30221
   30738
   30623
   30608
   31082
   31431
   31377
   31748
   31947
   32294
   31815
   32085
   31647
   31902
   31900
   31454
   31705
   31144
   30927
   30861
   30825
   30238
   29955
   29520
   29057
   28470
   28144
   27796
   27119
   26199
   25897
   25281
   24714
   24403
   23719
   23038
   22476
   21963
   21114
   20517
   19934
   19789
   19004
   19008
   18602
   20162
   27050
   45439
   62930
   59080
   38229
   24174
   18754
   17341
   16203
   15631
   15310
   15218
   15294
   14876
   14639
   14479
   14320
   14355
   14073
   14156
   16059
   34926
  130198
  391081
  723807
  766335
  473829
  199064
   85505
   51510
   37702
   29796
   25738
   22963
   20507
   18038
   16000
   14438
   13551
   13207
   12817
   12714
   12617
   12385
   12540
   12554
   12573
   12365
   12496
   12512
   12368
   12383
   12555
   12621
   12437
   12505
   12493
   12376
   12328
   12572
   12462
   12617
   12569
   12905
   13042
   12928
   13021
   12821
   12409
   12491
   12509
   12508
   12373
   12240
   12317
   12140
   12348
   12208
   12400
   12190
   12149
   12025
   12331
   12212
   12230
   12304
   12309
   12319
   12205
   12388
   12445
   12368
   12457
   12334
   12483
   12636
   12554
   12497
   12620
   12884
   13124
   13394
   13731
   13778
   13903
   13930
   14097
   14261
   14142
   14079
   14214
   14362
   14129
   14457
   14170
   14511
   14165
   14242
   14173
   14013
   14414
   14144
   13957
   14095
   13874
   14126
   14031
   13996
   13735
   13975
   13833
   13833
   13896
   13737
   13689
   13771
   13559
   13627
   13923
   13773
   13701
   13802
   13663
   13427
   13696
   13632
   13584
   13563
   13372
   13457
   13351
   13223
   13473
   13245
   13281
   13206
   13303
   13255
   13189
   13116
   13363
   13214
   13138
   13100
   13062
   13103
   13163
   12909
   13155
   12861
   12905
   13035
   12847
   12940
   12912
   12927
   12889
   12970
   12878
   12989
   12802
   12955
   13277
   14403
   15017
   15105
   14099
   13193
   13129
   12947
   12998
   12913
   13025
   12885
   13004
   12760
   12739
   12772
   13111
   12932
   12708
   13036
   12923
   12823
   13063
   13023
   12989
   12935
   13162
   12915
   12892
   13158
   13071
   13264
   12996
   12957
   12982
   12957
   13035
   12876
   13163
   13074
   12827
   12948
   12889
   12917
   13062
   12842
   12869
   12875
   12627
   12664
   12638
   12628
   12508
   12936
   12541
   12750
   12545
   12543
   12603
   12578
   12563
   12631
   12381
   12536
   12370
   12515
   12400
   12494
   12324
   12593
   12368
   12411
   12123
   12315
   12360
   12367
   12312
   12509
   12350
   12522
   12240
   12398
   12289
   12382
   12260
   12338
   12173
   12583
   13072
   12895
   12623
   12339
   12339
   12097
   12183
   12243
   12154
   12289
   12192
   12101
   12124
   12007
   12364
   12299
   12432
   12066
   12218
   11979
   12147
   12049
   12022
   11839
   12067
   11763
   11876
   11839
   11978
   11870
   11853
   11765
   11703
   11758
   11830
   11836
   11613
   11771
   11898
   11496
   11775
   11895
   11791
   11725
   11561
   11727
   11862
   11627
   11614
   11627
   11774
   11591
   11742
   11566
   11424
   11681
   11799
   11705
   11643
   11430
   11523
   11645
   11689
   11528
   11453
   11779
   11506
   11535
   11713
   11570
   11597
   11571
   11432
   11598
   11572
   11461
   11314
   11499
   11644
   11567
   11439
   11564
   11667
   11292
   11505
   11701
   11450
   11486
   11382
   11544
   11203
   11387
   11365
   11406
   11365
   11370
   11465
   11589
   11684
   11429
   11483
   11464
   11403
   11333
   11469
   11228
   11542
   11218
   11297
   11363
   11513
   11334
   11399
   11611
   11447
   11379
   11309
   11221
   11225
   11551
   11606
   11455
   11277
   11354
   11402
   11474
   11228
   11326
   11360
   11363
   11388
   11170
   11067
   11106
   11402
   11049
   11381
   11263
   11272
   11354
   11288
   11600
   11369
   11197
   11409
   11282
   11412
   11406
   11327
   11423
   11507
   11218
   11255
   11459
   11393
   11404
   11665
   11340
   11422
   11265
   11352
   11333
   11342
   11452
   11328
   11538
   11348
   11370
   11458
   11521
   11435
   11471
   11555
   11393
   11502
   11378
   11351
   11471
   11580
   11663
   11460
   11487
   11293
   11429
   11292
   11487
   11508
   11671
   11581
   11548
   11563
   11470
   11702
   11459
   11585
   11593
   11605
   11564
   11451
   11598
   11616
   11627
   11500
   11554
   11519
   11698
   11600
   11584
   11641
   11764
   11579
   11597
   11684
   11610
   11870
   11655
   11670
   11783
   11840
   11737
   11681
   11868
   11580
   11571
   11879
   11748
   11799
   11799
   11757
   11580
   11940
   11703
   11712
   11919
   11794
   11937
   11641
   11573
   11827
   11822
   11768
   11764
   12306
   12215
   12558
   12441
   12051
   11834
   12032
   11951
   12033
   11766
   11924
   11876
   11793
   11744
   11697
   11803
   11553
   11620
   11392
   11390
   11504
   11389
   11480
   11491
   11242
   11242
   11164
   11142
   10778
   10810
   10555
   10458
   10440
   10329
   10030
    9919
    9865
    9673
    9496
    9405
    9325
    9215
    9291
    8929
    8934
    9001
    8906
    8805
    8630
    8704
    8522
    8606
    8657
    8274
    8502
    8354
    8553
    8304
    8376
    8323
    8353
    8220
    8365
    8075
    8112
    7989
    8027
    7872
    8058
    7967
    7847
    7890
    7868
    7877
    7976
    7634
    7674
    7660
    7666
    7763
    7430
    7546
    7667
    7582
    7424
    7406
    7540
    7494
    7420
    7438
    7313
    7282
    7249
    7355
    7364
    7219
    7314
    7219
    7186
    7266
    7207
    7128
    7156
    7150
    7032
    7040
    7068
    6998
    7387
    8505
   10867
   14398
   16503
   15409
   12252
    9375
    7803
    7257
    7107
    7087
    6847
    6878
    6676
    6734
    6704
    6601
    6672
    6634
    6543
    6531
    6538
    6626
    6818
    7471
   10332
   16555
   23891
   28328
   24644
   17215
   11091
    8505
    7444
    7045
    6735
    6767
    6506
    6400
    6298
    6298
    6307
    6098
    6183
    6368
    7076
    8757
   10879
   11968
   11242
    9017
    7386
    6472
    6140
    6103
    6043
    5764
    5825
    5873
    5709
    5771
    5799
    5714
    5821
    5586
    5713
    5503
    5473
    5683
    5455
    5690
    5580
    5548
    5543
    5551
    5473
    5420
    5474
    5426
    5571
    5455
    5264
    5264
    5267
    5403
    5252
    5276
    5189
    5217
    5285
    5249
    5103
    5304
    5118
    5096
    5262
    5150
    5052
    5084
    5086
    5095
    5109
    5161
    5145
    5076
    5216
    5030
    5049
    4938
    4964
    4966
    4954
    4940
    4872
    5010
    4923
    4925
    4898
    4895
    4934
    4876
    4875
    4848
    4930
    4877
    4975
    4935
    4864
    4736
    4806
    4869
    4847
    4828
    4785
    4771
    4825
    4703
    4799
    4639
    4879
    4646
    4735
    4782
    4785
    4577
    4774
    4689
    4761
    4634
    4555
    4747
    4658
    4767
    4639
    4647
    4634
    4693
    4689
    4612
    4549
    4586
    4645
    4642
    4517
    4652
    4543
    4556
    4456
    4535
    4571
    4602
    4565
    4487
    4554
    4629
    4588
    4493
    4578
    4595
    4497
    4360
    4578
    4384
    4470
    4537
    4472
    4419
    4437
    4528
    4564
    4471
    4414
    4514
    4286
    4411
    4498
    4334
    4456
    4406
    4296
    4366
    4405
    4340
    4433
    4208
    4349
    4470
    4330
    4370
    4378
    4360
    4227
    4305
    4470
    4336
    4415
    4257
    4382
    4315
    4244
    4374
    4285
    4350
    4286
    4226
    4329
    4311
    4292
    4485
    4433
    4360
    4362
    4696
    5153
    5293
    5159
    4951
    4561
    4317
    4200
    4240
    4368
    4303
    4245
    4119
    4240
    4229
    4136
    4246
    4384
    4153
    4245
    4246
    4264
    4093
    4243
    4056
    4162
    4227
    4110
    4224
    4197
    4116
    4139
    4164
    4179
    4175
    4174
    4085
    4224
    4154
    4183
    4124
    4074
    4051
    4132
    4078
    4204
    4087
    4143
    4088
    4254
    4258
    4473
    4850
    5086
    4992
    4778
    4568
    4396
    4269
    4188
    4133
    4077
    4190
    4651
    5514
    7311
    9006
   10035
    9041
    7119
    5572
    4800
    4379
    4236
    4198
    4225
    4069
    4015
    4053
    3976
    3916
    4084
    3954
    4042
    3971
    4149
    3932
    3997
    3876
    3894
    3955
    4058
    3945
    3907
    3917
    4071
    3937
    4012
    3917
    3957
    3872
    3886
    4085
    4012
    4038
    4010
    4011
    3999
    4149
    3928
    4028
    4060
    3925
    4034
    3983
    4081
    3945
    4140
    4201
    4301
    4269
    4529
    4736
    5108
    5939
    7187
    9994
   15346
   25037
   42769
   70508
  111035
  159983
  211428
  254949
  275329
  265804
  231570
  183207
  133471
   91843
   60180
   39701
   26332
   18365
   13537
   10644
    8419
    7060
    6126
    5394
    5117
    5324
    5639
    6444
    6580
    6003
    5270
    4575
    4343
    4156
    4055
    3953
    3977
    3972
    4026
    4115
    3963
    3845
    3911
    3813
    3921
    3986
    4016
    4013
    3998
    4015
    3836
    3807
    3841
    3811
    3748
    3709
    3669
    3595
    3654
    3629
    3538
    3487
    3562
    3507
    3541
    3522
    3583
    3527
    3472
    3568
    3428
    3634
    3352
    3500
    3563
    3527
    3597
    3462
    3473
    3543
    3377
    3558
    3430
    3442
    3470
    3542
    3529
    3449
    3496
    3536
    3464
    3490
    3457
    3370
    3426
    3531
    3542
    3451
    3524
    3405
    3409
    3530
    3458
    3423
    3434
    3433
    3479
    3407
    3539
    3201
    3369
    3403
    3400
    3326
    3351
    3371
    3424
    3447
    3359
    3461
    3361
    3388
    3364
    3313
    3356
    3398
    3414
    3392
    3254
    3447
    3468
    3354
    3454
    3303
    3443
    3400
    3389
    3400
    3544
    3675
    3670
    3607
    3555
    3445
    3385
    3321
    3189
    3388
    3417
    3386
    3369
    3350
    3280
    3435
    3460
    3620
    3781
    4258
    4594
    4894
    4640
    4277
    3738
    3471
    3397
    3264
    3375
    3303
    3279
    3308
    3422
    3385
    3246
    3256
    3379
    3327
    3344
    3309
    3266
    3251
    3303
    3246
    3368
    3287
    3331
    3242
    3389
    3333
    3322
    3359
    3376
    3353
    3256
    3445
    3439
    3316
    3445
    3350
    3333
    3332
    3474
    3419
    3396
    3358
    3327
    3362
    3376
    3443
    3296
    3313
    3275
    3341
    3433
    3369
    3259
    3320
    3272
    3288
    3197
    3221
    3310
    3342
    3279
    3355
    3141
    3230
    3330
    3182
    3158
    3251
    3289
    3184
    3211
    3154
    3211
    3249
    3254
    3211
    3246
    3225
    3295
    3312
    3189
    3182
    3212
    3266
    3319
    3292
    3243
    3360
    3203
    3148
    3247
    3241
    3220
    3205
    3218
    3191
    3243
    3193
    3171
    3193
    3256
    3376
    3364
    3341
    3276
    3300
    3217
    3228
    3228
    3326
    3303
    3179
    3157
    3160
    3091
    3135
    3260
    3227
    3217
    3199
    3083
    3288
    3166
    3221
    3131
    3323
    3201
    3233
    3249
    3207
    3163
    3305
    3194
    3181
    3138
    3240
    3242
    3216
    3262
    3253
    3144
    3235
    3281
    3253
    3210
    3247
    3284
    3348
    3217
    3214
    3207
    3307
    3210
    3221
    3194
    3331
    3226
    3234
    3285
    3199
    3221
    3151
    3248
    3224
    3275
    3087
    3251
    3202
    3226
    3172
    3321
    3272
    3263
    3208
    3190
    3205
    3226
    3269
    3271
    3153
    3266
    3173
    3197
    3184
    3224
    3336
    3123
    3264
    3308
    3138
    3166
    3314
    3273
    3314
    3249
    3169
    3233
    3275
    3182
    3331
    3284
    3211
    3284
    3300
    3232
    3329
    3391
    3456
    3497
    3562
    3766
    3803
    3696
    3936
    3804
    3814
    3619
    3472
    3305
    3353
    3384
    3319
    3206
    3181
    3339
    3320
    3531
    3716
    4116
    4428
    4379
    4142
    3704
    3534
    3394
    3318
    3270
    3222
    3184
    3150
    3262
    3159
    3262
    3342
    3251
    3210
    3249
    3207
    3227
    3107
    3158
    3249
    3170
    3373
    3232
    3221
    3220
    3230
    3134
    3264
    3200
    3202
    3298
    3150
    3319
    3292
    3257
    3250
    3272
    3215
    3288
    3248
    3214
    3229
    3208
    3266
    3317
    3217
    3383
    3128
    3199
    3225
    3333
    3452
    3249
    3421
    3206
    3341
    3295
    3298
    3273
    3402
    3363
    3318
    3257
    3318
    3386
    3276
    3318
    3355
    3390
    3355
    3242
    3308
    3284
    3310
    3164
    3359
    3201
    3314
    3375
    3342
    3311
    3302
    3362
    3303
    3308
    3298
    3345
    3175
    3237
    3292
    3308
    3288
    3357
    3284
    3260
    3309
    3211
    3257
    3282
    3268
    3247
    3292
    3192
    3338
    3330
    3244
    3299
    3212
    3215
    3289
    3329
    3156
    3204
    3280
    3364
    3198
    3190
    3248
    3232
    3184
    3301
    3229
    3115
    3199
    3073
    3238
    3147
    3113
    3275
    3130
    3072
    3079
    3243
    3060
    3049
    3155
    3061
    3017
    2979
    2913
    3012
    2891
    2940
    2930
    3098
    2849
    2930
    2987
    2956
    2944
    3034
    2910
    2920
    2996
    3045
    2939
    3039
    3043
    3145
    3067
    2947
    2983
    2847
    2926
    2873
    2864
    2935
    2922
    3007
    3030
    2922
    2914
    2975
    2841
    2974
    2856
    2880
    2853
    2904
    2889
    2855
    2809
    2805
    2925
    2884
    2944
    2798
    2730
    2795
    2773
    2873
    2929
    2790
    2829
    2731
    2912
    2847
    2949
    2846
    2741
    2866
    2842
    2807
    2805
    2751
    2866
    2730
    2809
    2825
    2840
    2780
    2828
    2809
    2858
    2810
    2928
    3042
    3262
    3489
    3711
    3738
    3593
    3283
    3052
    2969
    2858
    2848
    2823
    2936
    2884
    2864
    2817
    2688
    2695
    2880
    2797
    2734
    2804
    2725
    2766
    2780
    2827
    2803
    2701
    2749
    2865
    2845
    2769
    2771
    2789
    2779
    2776
    2783
    2850
    2923
    2954
    2932
    2869
    2944
    2894
    2862
    2767
    2715
    2796
    2795
    2788
    2637
    2777
    2643
    2759
    2739
    2759
    2772
    2833
    2953
    2930
    3119
    3335
    3269
    3187
    3131
    2926
    2931
    2811
    2708
    2745
    2791
    2772
    2846
    2819
    2748
    2735
    2703
    2674
    2708
    2742
    2673
    2792
    2737
    2816
    2731
    2631
    2804
    2697
    2797
    2870
    2888
    3196
    3765
    4159
    4550
    4545
    4167
    3698
    3112
    2918
    2755
    2850
    2693
    2758
    2819
    2619
    2691
    2716
    2709
    2794
    2736
    2764
    2710
    2732
    2698
    2765
    2677
    2622
    2722
    2689
    2788
    2677
    2613
    2688
    2672
    2749
    2756
    2726
    2736
    2687
    2732
    2718
    2669
    2775
    2723
    2714
    2694
    2785
    2650
    2671
    2641
    2748
    2710
    2624
    2648
    2835
    2692
    2715
    2665
    2625
    2643
    2716
    2693
    2715
    2697
    2660
    2766
    2752
    2730
    2703
    2677
    2763
    2712
    2682
    2755
    2701
    2712
    2696
    2705
    2715
    2704
    2625
    2795
    2734
    2704
    2714
    2889
    2806
    2882
    2952
    2835
    2790
    2760
    2817
    2755
    2790
    2799
    2795
    2718
    2802
    2746
    2743
    2672
    2735
    2838
    2704
    2698
    2820
    2663
    2669
    2745
    2757
    2866
    2737
    2808
    2758
    2798
    2774
    2792
    2892
    2839
    2891
    2804
    2831
    2823
    2754
    2826
    2825
    2882
    3129
    3491
    4044
    4731
    5006
    4864
    4404
    3727
    3450
    3114
    3099
    2949
    2896
    2870
    2920
    2932
    2807
    2829
    2799
    2698
    2885
    2838
    2784
    2816
    2856
    2772
    2808
    2882
    2893
    2827
    2854
    2722
    2901
    2803
    2847
    2853
    2847
    2852
    2970
    2868
    2832
    2861
    2917
    2801
    2875
    2966
    2903
    2843
    2922
    2840
    2963
    2862
    2859
    2996
    2952
    2871
    2971
    2932
    2997
    3130
    3095
    3225
    3369
    3353
    3109
    3235
    3086
    2979
    3063
    2944
    2972
    2903
    2960
    3000
    3062
    2987
    3006
    3087
    3038
    2956
    2961
    3060
    2990
    2948
    3079
    2957
    3040
    3048
    3047
    3009
    3080
    3037
    3008
    2994
    3016
    3011
    3021
    3017
    3106
    3126
    3085
    2965
    3059
    3124
    3082
    3146
    3119
    3073
    3079
    3131
    3054
    3052
    3088
    3056
    3127
    3043
    3199
    3029
    3123
    3022
    3159
    3173
    3133
    3168
    3115
    3141
    3128
    3116
    3108
    3122
    3248
    3118
    3171
    3105
    3149
    3096
    3153
    3190
    3037
    3184
    3241
    3251
    3217
    3337
    3231
    3267
    3261
    3180
    3257
    3235
    3221
    3191
    3079
    3244
    3242
    3288
    3238
    3177
    3288
    3252
    3366
    3297
    3481
    3624
    3882
    4504
    5304
    6093
    6425
    6154
    5552
    4761
    4088
    3671
    3535
    3456
    3367
    3467
    3408
    3341
    3289
    3312
    3300
    3315
    3410
    3415
    3506
    3475
    3431
    3468
    3447
    3349
    3393
    3473
    3434
    3334
    3435
    3439
    3358
    3329
    3383
    3493
    3472
    3326
    3469
    3383
    3465
    3470
    3630
    4177
    5092
    7178
   11474
   18664
   28600
   39403
   46405
   45150
   36712
   25308
   15811
    9916
    6919
    5307
    4753
    4467
    4108
    4028
    3715
    3651
    3561
    3508
    3421
    3342
    3320
    3317
    3257
    3239
    3350
    3085
    3189
    3021
    3101
    3113
    3098
    3027
    3046
    3058
    3047
    2948
    2851
    2915
    2742
    2734
    2771
    2707
    2675
    2696
    2554
    2688
    2574
    2580
    2589
    2438
    2612
    2496
    2536
    2463
    2525
    2482
    2522
    2446
    2421
    2431
    2496
    2463
    2534
    2546
    2638
    2827
    3224
    3698
    3941
    3892
    3670
    3271
    2899
    2600
    2554
    2464
    2390
    2404
    2368
    2353
    2346
    2361
    2344
    2374
    2312
    2299
    2291
    2316
    2316
    2223
    2270
    2213
    2292
    2199
    2326
    2242
    2285
    2193
    2284
    2219
    2135
    2149
    2205
    2302
    2149
    2105
    2220
    2166
    2162
    2152
    2207
    2140
    2194
    2115
    2213
    2153
    2115
    2140
    2164
    2143
    2090
    2226
    2140
    2124
    2111
    2044
    2078
    2158
    2169
    2085
    2140
    2086
    2101
    2044
    2219
    2108
    2125
    2041
    2022
    2022
    2165
    2020
    2099
    2000
    2089
    2133
    2033
    2045
    2039
    2009
    2106
    1947
    1974
    1999
    1944
    2056
    2003
    1996
    1996
    1966
    1977
    1908
    2006
    1958
    1943
    1948
    1975
    1913
    1893
    1999
    1811
    2006
    1907
    1886
    1848
    1889
    1922
    1852
    1897
    1874
    1908
    1893
    1826
    1878
    1872
    1880
    1888
    1810
    1932
    1836
    1737
    1819
    1812
    1791
    1908
    1788
    1838
    1752
    1868
    1824
    1806
    1742
    1757
    1776
    1774
    1766
    1862
    1726
    1726
    1744
    1756
    1723
    1758
    1822
    1701
    1657
    1647
    1719
    1732
    1683
    1720
    1758
    1649
    1638
    1631
    1742
    1604
    1723
    1629
    1613
    1651
    1679
    1714
    1684
    1633
    1579
    1606
    1643
    1570
    1598
    1629
    1567
    1635
    1599
    1572
    1580
    1552
    1587
    1581
    1580
    1545
    1556
    1584
    1540
    1573
    1512
    1507
    1466
    1506
    1446
    1513
    1512
    1456
    1457
    1395
    1445
    1492
    1430
    1482
    1368
    1412
    1417
    1496
    1373
    1470
    1420
    1382
    1459
    1420
    1358
    1409
    1388
    1392
    1400
    1424
    1371
    1342
    1305
    1384
    1408
    1393
    1427
    1371
    1290
    1376
    1397
    1360
    1342
    1330
    1401
    1260
    1301
    1334
    1301
    1304
    1268
    1281
    1370
    1315
    1353
    1231
    1250
    1237
    1294
    1266
    1256
    1198
    1328
    1211
    1254
    1201
    1307
    1262
    1257
    1191
    1244
    1310
    1249
    1234
    1245
    1265
    1191
    1180
    1207
    1201
    1214
    1261
    1174
    1221
    1265
    1218
    1212
    1184
    1252
    1190
    1182
    1130
    1213
    1184
    1187
    1162
    1214
    1199
    1254
    1168
    1120
    1213
    1156
    1217
    1157
    1183
    1152
    1126
    1178
    1154
    1143
    1127
    1216
    1254
    1289
    1298
    1261
    1384
    1495
    1456
    1373
    1316
    1242
    1167
    1160
    1133
    1117
    1109
    1150
    1134
    1143
    1125
    1088
    1149
    1160
    1149
    1117
    1147
    1129
    1077
    1127
    1173
    1153
    1101
    1071
    1082
    1043
    1178
    1081
    1131
    1118
    1089
    1148
    1142
    1143
    1117
    1099
    1039
    1138
    1120
    1097
    1123
    1063
    1106
    1038
    1099
    1123
    1094
    1118
    1114
    1109
    1062
    1113
    1106
    1112
    1078
    1127
    1086
    1081
    1099
    1088
    1067
    1149
    1047
    1105
    1162
    1133
    1092
    1063
    1145
    1207
    1068
    1044
    1108
    1085
    1157
    1080
    1082
    1122
    1132
    1119
    1056
    1092
    1082
    1039
    1084
    1075
    1093
    1054
    1126
    1070
    1057
    1165
    1075
    1063
    1102
    1138
    1170
    1241
    1414
    1473
    1591
    1608
    1658
    1634
    1476
    1426
    1262
    1213
    1197
    1131
    1087
    1069
    1143
    1105
    1050
    1095
    1084
    1092
    1123
    1063
    1145
    1127
    1041
    1137
    1040
    1073
    1108
    1082
    1091
    1007
    1064
    1099
    1089
    1097
    1076
    1042
    1069
    1085
    1055
    1041
    1076
    1100
    1059
    1107
    1019
    1063
    1114
    1072
    1021
    1063
    1071
    1080
    1067
    1053
    1063
    1047
    1085
    1121
    1001
    1061
    1081
    1085
    1056
    1010
    1059
    1091
    1045
    1072
    1146
    1082
    1101
    1130
    1136
    1075
    1115
    1124
    1102
    1093
    1159
    1134
    1055
    1102
    1129
    1137
    1144
    1112
    1122
    1214
    1268
    1483
    1896
    2897
    5114
    8852
   15658
   27599
   45422
   70067
   96310
  115232
  118755
  104173
   77313
   50369
   28944
   16533
    9756
    6178
    4527
    3603
    2895
    2397
    1931
    1669
    1510
    1352
    1307
    1237
    1148
    1185
    1173
    1228
    1137
    1232
    1136
    1135
    1173
    1110
    1184
    1203
    1150
    1134
    1097
    1082
    1175
    1224
    1187
    1203
    1197
    1293
    1286
    1279
    1225
    1220
    1160
    1142
    1024
    1065
    1097
    1051
    1005
    1040
    1045
    1006
    1038
     988
    1033
    1008
     950
    1024
     977
    1009
    1016
     919
     996
    1037
    1009
     933
     931
     939
     987
     975
     934
     953
     925
     940
     975
     919
    1010
     984
     895
     956
    1017
    1009
     985
    1156
    1162
    1248
    1302
    1399
    1484
    1406
    1394
    1315
    1131
    1070
    1075
     995
    1019
     927
     872
     957
     930
     957
     897
     905
     905
     888
     931
     884
     955
     895
     932
     887
     971
     910
     932
     904
     897
     888
     886
     884
     914
     884
     930
     919
     883
     929
     931
     920
     918
     943
     900
     903
     906
     896
     868
     950
     857
     918
     848
     879
     898
     860
     885
     903
     878
     922
     918
     896
     898
     906
     937
     874
     946
     935
     882
     912
     889
     886
     911
     886
     862
     857
     970
     860
     897
     852
     925
     891
     920
     865
     909
     907
     883
     896
     888
     938
     922
     880
     946
     966
    1022
    1093
    1138
    1146
    1058
    1069
     950
     986
     911
     941
     906
     921
     889
     899
     932
     910
     891
     873
     861
     838
     879
     852
     855
     855
     898
     842
     847
     839
     889
     846
     837
     821
     863
     846
     829
     840
     832
     881
     844
     877
     863
     828
     874
     842
     886
     900
     872
     857
     836
     841
     820
     854
     867
     803
     812
     796
     800
     846
     891
     812
     840
     858
     790
     859
     876
     785
     791
     878
     842
     800
     789
     806
     836
     843
     837
     849
     845
     853
     836
     813
     821
     781
     854
     802
     850
     841
     801
     809
     800
     819
     821
     796
     805
     806
     858
     807
     812
     805
     795
     797
     839
     851
     816
     852
     756
     817
     839
     800
     779
     854
     844
     806
     791
     831
     798
     815
     830
     813
     868
     857
     795
     820
     789
     781
     799
     872
     829
     792
     760
     847
     787
     762
     805
     784
     788
     828
     774
     798
     801
     797
     765
     757
     779
     781
     803
     798
     810
     784
     798
     726
     770
     838
     782
     754
     782
     793
     748
     770
     761
     836
     778
     756
     777
     776
     762
     775
     788
     757
     778
     772
     801
     747
     784
     734
     745
     762
     805
     752
     828
     949
    1035
    1257
    1447
    1786
    2132
    2299
    2370
    2152
    1871
    1424
    1199
     981
     913
     839
     811
     840
     720
     777
     769
     765
     734
     756
     753
     747
     721
     740
     697
     735
     739
     739
     766
     723
     742
     725
     742
     731
     744
     763
     752
     691
     642
     744
     701
     741
     718
     769
     729
     755
     752
     690
     691
     668
     744
     702
     743
     779
     727
     738
     736
     716
     731
     688
     785
     807
     822
     918
    1062
    1255
    1474
    1673
    2080
    2411
    2880
    3041
    3186
    3089
    2790
    2323
    1898
    1516
    1222
    1048
     985
     932
     824
     855
     838
     740
     789
     818
     756
     788
     761
     759
     789
     772
     762
     797
     785
     766
     788
     816
     764
     779
     755
     703
     783
     764
     798
     743
     789
     788
     777
     738
     774
     764
     783
     810
     754
     742
     761
     736
     774
     757
     731
     750
     782
     787
     760
     744
     819
     748
     772
     775
     758
     712
     759
     737
     763
     741
     726
     732
     807
     805
     727
     782
     806
     770
     765
     736
     744
     751
     725
     781
     741
     763
     740
     793
     751
     773
     740
     803
     785
     727
     753
     760
     809
     809
     789
     802
     768
     791
     764
     773
     735
     756
     754
     753
     725
     722
     712
     769
     743
     839
     742
     753
     809
     768
     763
     750
     777
     762
     740
     657
     722
     743
     751
     782
     737
     758
     730
     763
     738
     733
     717
     774
     741
     739
     715
     720
     798
     711
     770
     715
     794
     747
     751
     707
     782
     786
     712
     745
     731
     759
     701
     719
     743
     766
     720
     799
     800
     758
     726
     796
     781
     757
     762
     767
     761
     763
     713
     712
     736
     764
     765
     811
     687
     741
     718
     776
     781
     811
     832
     961
    1112
    1446
    1774
    2500
    3258
    4216
    5096
    5822
    5798
    5210
    4258
    3030
    2199
    1465
    1209
    1039
     886
     851
     814
     800
     775
     799
     771
     722
     798
     720
     771
     722
     741
     727
     774
     715
     742
     738
     742
     781
     723
     741
     767
     775
     735
     776
     665
     732
     757
     724
     726
     716
     764
     729
     746
     712
     743
     740
     731
     748
     757
     751
     707
     677
     679
     707
     774
     733
     719
     689
     750
     706
     746
     715
     694
     731
     721
     714
     685
     756
     709
     827
     710
     722
     693
     690
     713
     721
     717
     666
     753
     707
     731
     725
     697
     747
     785
     786
     764
     744
     783
     768
     719
     702
     737
     724
     734
     728
     716
     719
     729
     698
     717
     707
     724
     686
     723
     746
     667
     691
     734
     724
     725
     669
     692
     728
     736
     644
     735
     746
     672
     697
     676
     691
     698
     728
     697
     701
     746
     721
     641
     695
     732
     698
     675
     688
     700
     728
     727
     724
     687
     700
     638
     717
     713
     707
     694
     684
     666
     738
     710
     702
     705
     700
     682
     685
     708
     717
     728
     716
     690
     766
     695
     658
     694
     686
     675
     740
     734
     656
     672
     699
     693
     732
     700
     715
     693
     701
     689
     718
     688
     752
     700
     705
     671
     704
     697
     700
     709
     722
     719
     728
     661
     695
     668
     722
     660
     711
     689
     664
     687
     681
     651
     691
     676
     702
     704
     670
     686
     686
     740
     725
     696
     700
     692
     710
     718
     712
     653
     668
     693
     711
     641
     667
     666
     642
     666
     707
     708
     670
     679
     678
     676
     693
     736
     717
     705
     666
     681
     733
     759
     767
     794
     795
     721
     776
     709
     683
     670
     642
     668
     692
     682
     700
     654
     675
     654
     721
     681
     694
     740
     751
     836
     872
     928
    1041
    1045
    1076
    1066
     979
     921
     867
     796
     773
     712
     745
     734
     666
     681
     682
     719
     693
     651
     721
     699
     693
     665
     720
     718
     711
     722
     666
     695
     655
     710
     695
     703
     670
     645
     671
     679
     667
     724
     667
     668
     679
     657
     719
     671
     656
     633
     677
     665
     692
     613
     662
     643
     641
     682
     681
     619
     664
     698
     666
     639
     642
     697
     688
     671
     698
     704
     686
     676
     636
     680
     695
     628
     718
     691
     730
     680
     708
     741
     614
     679
     667
     655
     665
     710
     657
     661
     676
     651
     647
     653
     640
     671
     648
     641
     665
     660
     656
     687
     650
     661
     634
     684
     674
     696
     685
     632
     667
     678
     701
     709
     673
     703
     669
     667
     655
     659
     695
     652
     664
     616
     681
     670
     689
     630
     641
     648
     671
     639
     635
     644
     661
     687
     632
     639
     650
     639
     644
     694
     672
     625
     647
     638
     652
     641
     628
     674
     655
     668
     658
     596
     630
     672
     654
     634
     649
     649
     608
     704
     652
     633
     647
     656
     653
     700
     664
     656
     635
     725
     655
     658
     683
     643
     619
     677
     706
     704
     674
     648
     634
     642
     659
     626
     697
     628
     638
     621
     627
     664
     635
     663
     653
     650
     681
     698
     647
     622
     659
     693
     629
     655
     655
     675
     630
     647
     652
     676
     691
     669
     660
     702
     632
     707
     693
     640
     641
     743
     640
     648
     654
     606
     691
     692
     655
     671
     630
     611
     649
     698
     657
     674
     649
     680
     695
     649
     618
     625
     694
     682
     640
     656
     602
     680
     665
     640
     663
     628
     675
     692
     666
     677
     620
     648
     614
     665
     656
     676
     653
     648
     684
     676
     652
     610
     621
     631
     680
     627
     682
     725
     748
     780
     815
     905
     958
    1021
    1058
    1055
    1028
     890
     846
     762
     677
     703
     660
     672
     728
     664
     647
     649
     662
     710
     660
     706
     667
     658
     680
     673
     667
     664
     659
     650
     649
     688
     677
     695
     633
     665
     638
     644
     629
     692
     669
     741
     713
     644
     660
     654
     647
     681
     664
     609
     670
     655
     701
     667
     653
     662
     652
     691
     660
     679
     691
     680
     660
     661
     620
     727
     644
     679
     669
     686
     663
     679
     696
     729
     684
     707
     676
     674
     679
     660
     706
     712
     686
     686
     661
     694
     671
     676
     660
     694
     732
     816
     818
     966
    1079
    1298
    1622
    1889
    2160
    2459
    2432
    2314
    2073
    1703
    1400
    1149
     930
     825
     789
     753
     714
     672
     697
     727
     720
     666
     665
     703
     653
     689
     659
     693
     748
     717
     754
     654
     703
     690
     681
     753
     666
     701
     641
     702
     692
     679
     685
     744
     688
     739
     709
     746
     725
     685
     724
     711
     649
     738
     684
     737
     689
     643
     661
     692
     727
     668
     654
     720
     683
     717
     648
     695
     702
     731
     762
     775
     757
     692
     745
     788
     783
     759
     810
     806
     779
     770
     779
     772
     693
     712
     688
     707
     683
     665
     651
     722
     629
     652
     660
     656
     666
     654
     624
     669
     648
     653
     634
     693
     675
     675
     672
     646
     682
     627
     664
     682
     681
     625
     684
     688
     637
     692
     716
     723
     708
     767
     775
     790
     844
     901
     895
     886
     893
     856
     816
     687
     655
     660
     675
     679
     653
     682
     660
     700
     674
     667
     681
     608
     607
     684
     658
     633
     648
     660
     693
     682
     683
     700
     629
     642
     662
     664
     719
     655
     723
     724
     784
     839
     892
     901
    1010
    1096
    1188
    1209
    1232
    1252
    1251
    1169
    1143
     945
     943
     849
     821
     777
     730
     708
     707
     664
     662
     653
     650
     673
     680
     643
     662
     653
     638
     629
     666
     650
     646
     691
     610
     646
     660
     636
     688
     651
     662
     676
     720
     629
     646
     648
     639
     653
     682
     613
     666
     670
     692
     668
     657
     642
     676
     661
     672
     613
     658
     723
     668
     670
     614
     639
     641
     672
     675
     667
     634
     647
     686
     636
     702
     678
     645
     625
     645
     643
     596
     657
     695
     665
     705
     638
     665
     671
     645
     646
     616
     668
     617
     685
     670
     633
     703
     664
     654
     748
     719
     679
     753
     749
     782
     836
     827
     873
     931
     860
     906
    1000
    1067
    1047
    1032
    1000
     967
     878
     835
     791
     749
     667
     698
     677
     629
     641
     668
     647
     703
     660
     698
     679
     653
     670
     663
     669
     652
     631
     648
     714
     661
     723
     702
     666
     731
     696
     774
     707
     807
     784
     766
     850
     845
     846
     858
     891
     843
     831
     780
     759
     685
     680
     690
     694
     673
     708
     714
     726
     703
     668
     729
     677
     669
     711
     652
     636
     638
     690
     724
     660
     701
     681
     714
     671
     651
     685
     684
     646
     718
     731
     653
     695
     687
     653
     682
     650
     704
     677
     709
     694
     634
     675
     683
     651
     679
     665
     709
     636
     676
     683
     712
     639
     699
     697
     741
     714
     656
     645
     727
     692
     714
     701
     700
     655
     686
     690
     655
     639
     700
     685
     717
     666
     675
     683
     732
     679
     687
     652
     681
     748
     745
     689
     688
     699
     685
     667
     708
     671
     728
     756
     715
     628
     747
     680
     695
     678
     720
     681
     680
     650
     698
     683
     721
     716
     704
     760
     725
     677
     687
     655
     702
     705
     669
     705
     704
     735
     684
     675
     695
     708
     688
     699
     723
     691
     720
     724
     724
     694
     704
     706
     736
     703
     726
     731
     674
     722
     732
     762
     713
     693
     675
     731
     703
     694
     675
     674
     691
     701
     697
     693
     678
     685
     711
     691
     735
     725
     684
     731
     676
     737
     730
     732
     737
     725
     758
     710
     755
     700
     753
     775
     647
     766
     745
     736
     732
     784
     756
     734
     816
     858
     955
     950
    1160
    1252
    1400
    1714
    1901
    2267
    2633
    3082
    3390
    3621
    3702
    3675
    3641
    3206
    2884
    2514
    1985
    1730
    1379
    1235
    1030
    1053
     887
     830
     859
     818
     787
     830
     790
     735
     770
     789
     738
     778
     747
     792
     813
     815
     717
     757
     830
     717
     760
     718
     750
     739
     750
     751
     787
     794
     799
     850
     735
     791
     757
     735
     784
     768
     776
     782
     774
     748
     826
     811
     801
     741
     783
     810
     788
     803
     751
     722
     774
     804
     762
     791
     844
     879
     758
     770
     785
     808
     826
     846
     817
     858
     836
     764
     803
     812
     839
     824
     820
     811
     865
     784
     844
     903
     956
    1085
    1095
    1192
    1276
    1221
    1268
    1184
    1088
    1087
    1004
     870
     826
     830
     846
     819
     837
     808
     821
     804
     739
     814
     807
     786
     796
     822
     830
     838
     800
     837
     821
     824
     820
     840
     815
     784
     797
     782
     842
     823
     876
     791
     821
     819
     842
     794
     801
     860
     826
     869
     764
     805
     812
     789
     821
     789
     831
     848
     817
     788
     827
     846
     856
     849
     839
     865
     837
     820
     866
     826
     800
     824
     830
     805
     849
     865
     869
     890
     899
     891
     809
     807
     852
     853
     857
     879
     815
     885
     849
     884
     902
     858
     812
     868
     834
     881
     865
     838
     851
     855
     871
     868
     889
     868
     869
     871
     879
     797
     858
     822
     882
     855
     845
     819
     909
     857
     907
     943
     847
     845
     815
     880
     853
     857
     843
     898
     890
     859
     888
     901
     926
     879
     896
     850
     865
     868
     858
     933
     909
     871
     869
     903
     859
     829
     908
     862
     847
     887
     825
     877
     877
     890
     833
     889
     871
     832
     896
     896
     850
     932
     884
     879
     931
     921
     892
     929
     893
     911
     961
     918
     899
     875
     886
     919
     946
     927
    1007
     991
     933
    1026
    1094
    1145
    1241
    1319
    1456
    1495
    1700
    1672
    1662
    1567
    1396
    1327
    1189
    1046
    1064
     946
     899
     927
     928
     917
     960
     916
     885
     978
     945
     868
     912
     954
    1019
     964
     943
     948
     996
     988
     966
     963
     931
     922
    1015
     975
     950
     911
     900
     989
     941
     982
     997
     956
     941
    1002
     987
     982
     915
    1027
     956
     950
     931
     977
     910
    1024
     928
     930
     958
     972
    1004
     978
     927
    1015
     982
     973
     973
    1006
    1001
     997
    1020
    1038
     927
    1013
     957
    1042
     995
    1017
     985
    1022
     999
    1007
    1022
    1052
    1054
     964
    1042
     988
     998
     976
    1010
     965
    1021
    1042
     939
     999
    1015
    1030
    1000
    1060
    1012
     982
     981
    1041
     959
     999
    1020
     947
    1013
     957
    1030
     990
     993
     995
     975
     966
    1002
     916
    1027
     966
     909
     988
     953
     991
     945
    1008
     962
     932
     968
     964
    1001
     959
     900
     976
     926
     957
     964
     978
     950
     970
     952
     957
     984
     946
    1000
    1034
     973
     980
     948
     901
     945
    1012
     931
     912
     894
     952
     969
     965
     967
     915
     979
     979
     947
    1005
    1000
     973
     989
     968
    1011
     984
     976
    1011
     942
     976
     929
     981
     992
     972
     984
     998
    1026
    1028
    1053
    1095
    1108
    1198
    1207
    1285
    1318
    1272
    1336
    1293
    1271
    1120
    1139
    1068
    1023
    1041
    1006
     981
     998
    1008
     961
     989
    1008
    1035
    1012
    1002
    1004
     946
    1004
     956
     998
    1018
    1055
    1000
    1009
     962
     973
     952
    1005
    1024
    1044
    1065
    1031
     941
    1077
    1053
    1132
    1022
    1037
    1037
    1070
     993
     972
    1060
    1019
    1018
    1051
    1013
    1035
    1050
    1028
    1050
    1005
    1024
    1086
    1011
    1061
     958
    1047
    1021
    1055
    1031
    1007
     990
    1046
    1072
    1068
    1031
    1067
    1026
    1035
    1026
    1099
    1062
     994
    1047
    1062
     958
    1047
    1002
    1017
    1120
    1048
    1079
    1009
    1007
    1115
    1050
    1051
    1072
    1062
    1130
    1078
    1086
    1050
    1065
    1079
    1056
    1062
    1156
    1100
    1100
    1023
     998
    1066
    1035
    1094
    1124
    1054
    1054
    1077
    1054
    1046
    1109
    1029
    1111
    1055
    1131
    1089
    1041
    1086
    1081
    1043
    1075
    1099
    1104
    1046
    1117
    1096
    1116
    1071
    1064
    1109
    1072
    1100
    1194
    1074
    1143
    1092
    1115
    1074
    1218
    1064
    1089
    1132
    1104
    1135
    1092
    1108
    1119
    1090
    1118
    1148
    1128
    1177
    1160
    1061
    1088
    1156
    1112
    1156
    1166
    1155
    1150
    1094
    1110
    1099
    1092
    1111
    1150
    1085
    1087
    1149
    1188
    1081
    1136
    1141
    1222
    1158
    1119
    1211
    1181
    1171
    1181
    1212
    1176
    1255
    1149
    1148
    1137
    1152
    1162
    1164
    1175
    1129
    1208
    1180
    1142
    1128
    1133
    1202
    1198
    1150
    1168
    1123
    1136
    1176
    1215
    1126
    1224
    1164
    1167
    1176
    1152
    1210
    1146
    1127
    1182
    1112
    1170
    1197
    1173
    1139
    1209
    1196
    1200
    1115
    1153
    1151
    1195
    1153
    1224
    1198
    1139
    1196
    1161
    1215
    1157
    1137
    1184
    1134
    1139
    1150
    1180
    1072
    1105
    1128
    1171
    1107
    1137
    1124
    1127
    1178
    1142
    1054
    1117
    1022
    1117
    1147
    1097
    1005
    1026
     994
    1009
    1029
     966
    1001
     982
     951
     979
     919
     907
     879
     891
     866
     848
     905
     821
     825
     888
     874
     850
     851
     808
     852
     835
     786
     797
     789
     740
     803
     823
     775
     796
     846
     798
     807
     823
     786
     791
     712
     746
     733
     759
     738
     753
     745
     734
     755
     710
     708
     765
     797
     719
     742
     696
     802
     769
     710
     718
     720
     738
     678
     699
     702
     764
     711
     718
     708
     672
     710
     737
     750
     695
     694
     679
     710
     685
     672
     665
     669
     685
     713
     691
     707
     676
     709
     712
     686
     698
     746
     721
     699
     704
     695
     677
     621
     710
     666
     710
     699
     681
     657
     651
     675
     647
     652
     637
     621
     658
     650
     654
     649
     637
     668
     684
     665
     663
     694
     653
     671
     648
     685
     672
     627
     610
     587
     615
     625
     561
     654
     639
     621
     678
     627
     614
     625
     628
     614
     665
     632
     594
     625
     588
     600
     602
     624
     617
     630
     593
     609
     594
     614
     590
     588
     560
     600
     619
     563
     579
     569
     590
     574
     554
     579
     550
     555
     591
     542
     619
     609
     573
     584
     569
     567
     562
     566
     564
     565
     586
     561
     552
     528
     527
     603
     537
     503
     550
     553
     519
     552
     553
     532
     526
     517
     583
     526
     530
     499
     494
     532
     456
     480
     484
     491
     494
     484
     517
     558
     462
     504
     486
     447
     495
     522
     519
     513
     498
     462
     476
     459
     490
     463
     427
     504
     457
     477
     444
     449
     493
     480
     495
     455
     490
     434
     460
     512
     441
     460
     428
     452
     434
     434
     457
     467
     444
     443
     510
     561
     645
     746
     884
    1093
    1369
    1720
    2293
    3008
    4027
    5041
    6206
    7490
    8437
    9122
    9145
    8549
    7462
    6079
    4386
    3019
    2150
    1525
    1128
     852
     667
     547
     518
     411
     444
     379
     386
     404
     342
     351
     332
     342
     352
     339
     357
     310
     312
     345
     341
     315
     308
     300
     304
     310
     332
     319
     314
     277
     295
     283
     318
     318
     283
     310
     289
     271
     269
     279
     271
     280
     257
     253
     262
     243
     280
     234
     242
     240
     249
     278
     233
     238
     226
     242
     246
     254
     230
     257
     209
     230
     244
     223
     202
     238
     214
     208
     211
     225
     200
     212
     198
     232
     223
     269
     264
     266
     248
     279
     327
     384
     385
     427
     410
     504
     489
     462
     473
     368
     357
     308
     245
     270
     186
     218
     221
     178
     170
     187
     191
     194
     160
     158
     167
     180
     176
     176
     160
     167
     199
     173
     176
     147
     167
     135
     170
     147
     134
     148
     157
     182
     167
     143
     146
     173
     180
     188
     216
     209
     236
     219
     294
     287
     337
     372
     377
     429
     434
     393
     414
     378
     333
     319
     285
     281
     241
     210
     202
     176
     155
     171
     145
     145
     152
     132
     156
     138
     163
     144
     132
     147
     148
     143
     161
     127
     171
     161
     149
     159
     158
     159
     135
     120
     135
     147
     132
     141
     158
     161
     135
     124
     147
     148
     137
     144
     151
     158
     157
     146
     152
     133
     135
     130
     136
     161
     139
     153
     130
     130
     129
     149
     146
     126
     145
     143
     125
     134
     148
     137
     110
     131
     148
     138
     133
     127
     140
     146
     130
     130
     132
     133
     124
     146
     150
     126
     113
     126
     125
     139
     124
     129
     133
     138
     153
     146
     121
     131
     145
     139
     131
     132
     131
     155
     126
     132
     136
     130
     116
     125
     117
     133
     133
     133
     136
     134
     142
     136
     140
     131
     135
     131
     128
     124
     132
     148
     107
     109
     148
     127
     123
     137
     145
     119
     102
     135
     127
     149
     121
     145
     156
     150
     147
     153
     140
     137
     127
     133
     121
     154
     145
     128
     113
     145
     164
     139
     155
     135
     139
     153
     153
     142
     148
     168
     139
     164
     172
     157
     148
     160
     164
     158
     160
     167
     165
     186
     212
     211
     230
     329
     426
     538
     768
    1090
    1476
    2131
    2868
    3941
    5309
    7208
    9754
   12996
   17211
   21938
   26663
   30992
   34692
   36280
   35510
   32703
   28016
   21940
   16132
   11253
    7466
    4984
    3250
    2149
    1445
    1001
     764
     576
     406
     315
     271
     247
     235
     195
     209
     207
     190
     170
     180
     194
     177
     187
     171
     204
     166
     147
     174
     192
     177
     185
     182
     169
     179
     163
     160
     149
     160
     144
     136
     128
     142
     144
     113
     108
     113
     120
     140
      98
     126
     113
     135
      96
     108
     124
     121
     115
     128
     115
     108
     113
     115
      99
     114
     101
     120
     133
     125
     113
     113
     128
     121
     103
     110
     119
     116
     101
     133
     105
     121
     113
     106
     113
     101
     107
     118
     120
      89
      97
     108
     109
     105
     106
     109
     101
     105
     125
      96
     109
      93
     105
     123
     104
     101
      93
     102
     105
      89
      92
      88
     111
      97
     106
     107
     102
     111
      96
      86
     113
     107
      97
     101
     102
     101
      98
      98
      96
     105
      93
      99
      98
     127
      99
     113
      99
     110
      90
     100
      79
     118
      99
     105
      90
     116
     110
      93
      87
     109
      87
     104
     101
     100
     106
      79
      95
     110
      92
     114
      90
      82
      88
      97
      94
     100
      83
      92
     106
     107
      69
     101
      91
      83
     104
     110
      93
      92
     119
      94
     108
      96
      82
      89
     104
     106
      90
     114
     100
      86
     109
      98
      91
      97
      79
     103
      83
      87
      76
     104
     109
      99
      93
      84
      91
     103
      98
      81
      99
      93
      87
     106
     100
      84
      79
      94
      97
      88
      99
      92
      85
      91
      90
      90
      95
      84
      94
      80
      85
      80
      80
      92
      88
      90
     101
      94
      81
      78
      77
      92
      97
      90
      90
      92
      81
      91
      87
      81
      89
      89
      75
      97
      89
      81
      95
      91
      87
      77
      84
      91
      94
      94
      82
      88
     102
      80
      94
      95
      78
      72
      91
      77
     101
      76
      95
      96
      78
      83
     100
      83
      92
     105
      96
      88
      95
      69
      87
      97
      87
      94
     100
      88
      78
      80
      89
      86
      78
      84
      94
     103
      92
      99
      87
     106
      87
      71
     100
     102
      80
      88
      80
      81
     110
      83
      78
      88
      85
      81
      93
      93
     102
      89
     115
     100
      88
      95
      86
      76
      78
      95
      85
      90
     102
      96
     100
      91
      82
      88
      84
     100
      87
      94
      89
      90
      89
      90
     100
      80
      98
      99
      91
     102
      69
      85
      73
      82
      84
      86
      90
      94
     111
      96
     117
      84
      97
      89
      84
      94
      80
      89
      82
     100
      75
      78
      84
      83
      77
      63
     100
      69
      91
      73
      73
      74
      82
      93
      91
      84
      96
      93
      84
      69
      86
      74
      80
      71
      86
      89
      92
      86
      90
      79
      77
      82
      80
      74
      79
      93
      89
      75
      77
      82
      80
      85
      84
      94
      84
      72
      91
      65
      81
      78
      91
      83
      79
      75
      85
      98
      87
      62
      86
      78
      76
      75
      79
      78
      90
      78
      91
      84
      75
      92
      78
      81
      84
      80
      78
      95
      73
      87
      97
      87
      75
      94
      78
      76
      90
      73
      96
      70
      94
      76
      84
      81
      78
      71
      73
      80
      74
      82
      81
      89
      81
      96
      91
      80
      91
      79
     105
      92
      58
      92
      88
      78
      80
      84
      77
      87
      80
      82
      77
      79
      86
      76
      97
      90
      79
      77
      83
      77
      93
      91
      91
      92
      87
      91
      86
      90
      91
      90
      74
      91
      67
      72
      72
      80
      71
      71
      69
      63
      65
      76
      66
      67
      58
      72
      64
      89
      72
      68
      73
      66
      69
      68
      66
      66
      64
      74
      65
      53
      66
      59
      62
      58
      63
      60
      68
      69
      61
      57
      74
      62
      70
      51
      47
      77
      53
      62
      55
      63
      60
      61
      52
      63
      60
      58
      83
      70
      53
      58
      45
      58
      57
      45
      55
      54
      65
      53
      64
      65
      64
      62
      60
      67
      60
      66
      72
      63
      63
      56
      50
      63
      49
      53
      53
      56
      50
      62
      48
      56
      65
      59
      62
      50
      55
      58
      61
      51
      67
      63
      69
      54
      54
      63
      59
      46
      53
      64
      58
      58
      58
      60
      44
      63
      61
      64
      49
      56
      55
      53
      47
      47
      57
      49
      66
      54
      61
      61
      46
      59
      59
      56
      65
      47
      51
      51
      59
      60
      44
      55
      58
      61
      64
      61
      51
      68
      50
      62
      71
      55
      67
      60
      56
      45
      45
      67
      50
      37
      36
      35
      41
      47
      66
      65
      47
      53
      51
      43
      47
      46
      55
      43
      51
      56
      48
      58
      53
      57
      64
      49
      46
      52
      54
      45
      57
      46
      38
      51
      52
      39
      45
      59
      57
      54
      45
      57
      54
      46
      47
      31
      53
      53
      38
      49
      42
      37
      49
      41
      50
      44
      43
      46
      49
      53
      42
      55
      38
      43
      42
      36
      35
      46
      42
      39
      53
      33
      54
      40
      47
      43
      44
      44
      44
      46
      32
      51
      48
      37
      44
      57
      35
      32
      49
      39
      38
      36
      34
      34
      44
      38
      48
      63
      33
      39
      53
      44
      53
      47
      55
      60
      49
      48
      48
      35
      44
      39
      39
      47
      31
      47
      40
      37
      33
      40
      37
      35
      37
      31
      35
      32
      37
      31
      35
      37
      32
      34
      36
      35
      41
      38
      27
      38
      34
      30
      24
      35
      26
      36
      21
      25
      30
      44
      38
      32
      29
      41
      31
      29
      37
      34
      33
      40
      27
      38
      28
      17
      30
      36
      24
      24
      27
      25
      23
      25
      32
      22
      24
      30
      24
      26
      30
      31
      26
      22
      26
      32
      17
      20
      29
      25
      27
      31
      27
      27
      46
      20
      31
      26
      20
      22
      22
      19
      21
      25
      27
      38
      13
      26
      22
      22
      28
      25
      22
      28
      24
      26
      20
      30
      20
      19
      19
      30
      17
      26
      16
      25
      18
      14
      27
      21
      22
      16
      22
      23
      17
      18
      28
      28
      26
      22
      24
      29
      21
      20
      22
      24
      21
      26
      24
      20
      13
      19
      15
      18
      18
      27
      18
      14
      21
      18
      18
      21
      19
      17
      19
      15
      21
      19
      21
      25
      22
      20
      17
      19
      18
      13
      18
      16
      15
      14
      27
      22
      25
      17
      19
      13
      25
      14
      11
      24
      29
      18
      23
      22
      17
      18
      21
      29
      15
      15
      17
      24
      18
      15
      25
      18
      20
      23
      24
      23
      18
      18
      23
      10
      28
      14
      18
      26
      23
      21
      20
      17
      16
      22
      16
      25
      22
      26
      20
      23
      12
      21
      16
      14
      14
      19
      19
      17
      18
      15
      22
      16
      16
      13
      15
      22
      17
      20
      16
       8
      18
      23
      18
      16
      20
      20
      17
      16
      21
      18
      17
      16
      16
      20
      12
      26
      25
      18
      17
      12
      12
      20
      29
      20
      25
      14
      18
      15
      22
       5
      17
      20
      12
      16
      23
      21
      19
      12
      21
      14
      12
      15
      13
      21
      15
      17
      17
      19
      18
      18
      14
      18
      19
      17
      12
      18
      13
      18
      22
      21
       8
      15
      12
      17
      13
      28
      11
      20
      18
      14
      20
      18
      20
      17
      15
      17
      13
      12
      14
      16
      27
      21
      25
      22
      27
      27
      20
      22
      25
      21
      11
      20
      24
      24
      19
      20
      19
      22
      28
      29
      31
      47
      62
      70
      77
     102
     158
     160
     229
     306
     380
     459
     602
     790
     973
    1155
    1376
    1530
    1666
    1766
    1779
    1641
    1506
    1294
     962
     757
     498
     368
     251
     189
     119
      92
      58
      64
      44
      34
      23
      29
      26
      32
      16
      17
      22
      16
      21
      11
      21
      17
      15
      19
      34
      19
      21
      13
       6
      14
      15
      25
      22
      16
      19
      18
      16
      13
      19
      18
      11
      17
       9
      12
      22
      24
      16
      14
      13
      17
      15
      17
      11
      12
      16
      22
      11
      11
      13
      18
      18
      12
      10
      13
      11
      11
      16
      23
      17
      15
      12
      19
      11
      15
      20
      15
      11
      14
      14
      18
      10
      25
      16
      18
      13
      15
      15
      10
      15
      14
      15
      14
       9
      11
      12
      16
      14
      13
      15
       8
       9
      17
      10
      15
      22
       8
      16
      13
      20
      18
      13
      11
      12
      16
      13
      14
      13
       8
      17
      15
      14
      12
      16
      13
      16
      15
      14
       9
      11
       9
      11
      19
       7
      14
      17
      18
       6
       7
      12
      15
      15
      18
      11
      10
      12
      13
      18
      19
      16
      16
      22
      14
       8
      16
       9
      20
      22
      12
      15
      13
      10
      15
      12
      14
       7
       9
      18
       9
      18
      10
      12
      13
       8
       7
      13
      17
      11
      10
      15
      20
      14
      18
      12
      24
      15
      15
      20
      13
      18
      18
      15
      17
      25
       9
      23
       9
       6
      13
      11
      12
       7
      11
       8
      14
      11
      13
      12
      10
      12
      22
      13
       7
      14
      12
      10
      12
       7
       9
      12
       7
      11
      11
       8
      14
       7
      15
       7
      17
      16
      13
       8
      10
       6
      11
      10
      10
      11
      13
       9
       7
      15
      13
       5
      11
      18
       7
      12
      10
       9
      10
       9
       7
       8
      12
      14
       7
       8
      13
      10
       7
      10
       7
       6
      10
       9
       4
      15
       7
       8
       5
      12
       9
      11
       9
      13
       9
      15
       9
      13
      10
      10
      13
      12
       8
       9
       8
      14
       6
      17
      12
      14
       9
      10
       5
      11
      10
      10
      11
      12
      11
       8
      12
      12
       8
       5
       8
      11
      11
       8
       9
      14
       5
       4
       6
      10
       8
       9
       7
      11
       9
      14
      10
       8
       6
      12
       8
      10
       9
      13
       8
       9
       6
      13
      11
       6
      10
       6
       6
       8
      11
      17
       5
       6
       8
       9
      14
      11
      10
      11
      11
      12
       9
      13
       7
       5
       8
      11
      11
       9
      11
       4
      12
      10
      13
       7
      14
      13
       7
      11
       7
      12
       5
      14
      12
       4
       8
      11
       9
      13
      11
       8
      10
       3
       8
       7
       5
      11
       7
       9
      15
       4
       6
       9
       9
      11
       6
      11
       6
      11
       6
      10
       5
      10
       5
       7
      13
       7
      11
       5
       9
       6
       6
       8
       8
       8
      10
       9
       7
       4
       9
      13
      14
      10
       6
       9
       8
      11
      11
       7
       7
       8
      13
       6
       8
      16
      13
      11
      13
      10
       4
       4
       5
       8
      13
       9
       9
       3
       1
      10
       4
       7
       6
      10
      10
       6
       8
       5
      11
       6
       6
       9
      11
      10
      13
       9
       4
       5
       4
       6
      13
       5
      14
       7
       8
      14
       6
       7
       6
       4
       9
       3
      13
       6
      10
      14
       9
      10
       9
       7
       6
       9
       9
       8
       3
       8
      10
       7
       8
       7
       9
       4
       9
       7
       5
       5
       7
       9
      13
       8
      12
       5
       7
       4
       5
       8
       5
      13
      13
      14
       7
       8
       2
       5
      12
      12
       8
      10
      10
      13
      12
      11
      11
       5
      19
      16
      11
       7
      11
      11
       6
       9
      10
      14
       8
       9
       6
       6
       9
      10
       8
       7
       6
       7
       4
      11
       6
      10
       7
       4
       5
       4
       9
       7
      12
       5
       8
      10
       8
       4
       3
       4
       3
       6
      12
       9
       9
      10
       6
       4
       6
       6
       2
       8
      12
       8
       5
      12
       5
       7
       9
       7
       8
       5
       8
       6
       7
       7
       3
       3
       6
      10
       7
      13
       7
       7
      11
       5
       7
       7
       5
       7
       5
       7
       5
       7
       7
       2
       3
       9
       4
       6
      10
       8
       4
       6
       8
       6
       3
      13
      10
       6
       5
       9
       6
       5
       6
       7
       7
       8
       6
       5
       6
       3
       3
       9
       4
       6
       4
       8
       6
       8
       8
       8
       7
       1
       5
       7
       5
       4
       4
       6
       5
       7
       8
       8
       7
       4
      11
       2
       7
       7
       7
       8
       6
      10
       4
       7
       7
       6
       8
       8
       7
       7
       8
       1
       8
       8
       6
       4
       3
       6
       6
       7
       4
      13
      10
       3
       3
       8
       2
       3
       4
       8
       7
       4
       8
       6
       6
       6
       8
       8
       8
       5
       4
       6
       2
       6
       5
       6
       5
       5
       4
       0
      11
       3
       6
       5
       5
       8
       5
       5
       2
       7
       5
       7
       4
       8
       6
      11
       5
       4
       9
       6
       3
       8
       5
       4
       6
       8
      10
       6
       7
       3
       7
       7
       7
      11
       5
       2
       2
       6
       3
       5
       9
       3
       3
       9
       3
       7
       6
       6
       6
       8
       4
       9
       7
       3
       6
       9
       6
       4
       3
       8
       8
       3
       7
       7
       9
       8
       8
       4
       8
       4
       5
       7
       7
      11
       1
       8
       9
       4
       4
       4
       7
       4
       5
       8
       8
       3
       3
       2
       4
       8
       6
       6
       4
       4
       4
       6
       5
       8
       2
       5
       5
       3
       6
       6
       7
       4
       1
       8
       8
       7
       7
       4
       2
       7
       4
       3
       4
       7
       4
       5
       4
       5
       6
       4
       5
       5
       4
       9
       6
       4
       1
       5
       5
       5
       9
       3
       5
      11
       2
      10
       4
       8
       6
       9
       6
       8
      11
       7
      18
      15
      19
      19
      14
      17
      11
      17
      11
      15
      13
       7
       0
       0
       0
       0
       0
       0
       0
       0
       0
       0
       0
       0
       0
       0
       0
       0
       0
       0
       0
       0
       0
       0
       0
       0
       0
       0
       0
       0
       0
       0
       0
       0
       0
       0
       0
       0
       0
       0
       0
       0
       0
       0
       0
       0
       0
       0
       0
       0
       0
       0
       0
       0
       0
       0
       0
       0
       0
       0
       0
       0
       0
       0
       0
       0
       0
       0
       0
       0
       0
       0
       0
       0
       0
       0
       0
       0
       0
       0
       0
       0
       0
       0
       0
       0
       0
       0
       0
       0
       0
       0
       0
       0
       0
       0
       0
       0
       0
       0
       0
       0
       0
       0
       0
       0
       0
       0
       0
       0
       0
       0
       0
       0
       0
       0
       0
       0
       0
       0
       0
       0
       0
       0
       0
       0
       0
       0
       0
       0
$ROI:
0
$PRESETS:
None
0
0
$ENER_FIT:
0.000000 0.383922
$MCA_CAL:
3
0.000000E+000 3.839219E-001 0.000000E+000 keV
$SHAPE_CAL:
3
0.000000E+000 0.000000E+000 0.000000E+000
