$SPEC_ID:
Cs137
$SPEC_REM:
DET# 2
DETDESC# DETECTOR 2
AP# Maestro Version 7.01
$DATE_MEA:
02/13/2017 12:44:06
$MEAS_TIM:
853 936
$DATA:
0 8191
       0
       0
       0
       0
       0
       0
       0
       0
       0
       0
       0
       0
       0
       0
       0
       0
       0
       0
       0
       0
       0
       0
       0
       0
       0
       0
       0
       0
       0
       0
       0
       0
       0
       0
       0
       0
       0
       0
       0
       0
       0
       0
       0
       0
       0
       0
       0
       0
       0
       0
       0
       0
       0
       0
       0
       0
       0
       0
       0
       0
       0
       0
       0
       0
       0
       0
       0
       0
       0
       0
       0
       0
       0
       0
       0
       0
       0
       0
       0
       0
       0
       0
       0
       0
       0
       0
       0
       0
       0
       0
       0
       0
       0
       0
       0
       0
      99
    1532
    2382
    2478
    2485
    2511
    2487
    2430
    2469
    2549
    2391
    2466
    2519
    2501
    2510
    2622
    2578
    2587
    2561
    2614
    2568
    2538
    2522
    2640
    2583
    2788
    2658
    2739
    2672
    2649
    2760
    2674
    2713
    2672
    2568
    2714
    2677
    2694
    2624
    2562
    2624
    2682
    2638
    2679
    2553
    2722
    2656
    2644
    2706
    2647
    2595
    2744
    2862
    2824
    2950
    3021
    3080
    3137
    3171
    3175
    3145
    3087
    3186
    3250
    3275
    3211
    3288
    3193
    3327
    3327
    3379
    3423
    3389
    3501
    3420
    3426
    3532
    3455
    3503
    3441
    3554
    3486
    3609
    3648
    3642
    3700
    3777
    3837
    3866
    3885
    4665
    7029
   11775
   14588
   11827
    8041
    7687
   12802
   20575
   21765
   14631
    8257
    5381
    4448
    3949
    3646
    3471
    3440
    3461
    3304
    3290
    3352
    3253
    3360
    3395
    3301
    3281
    3411
    3383
    3417
    3488
    4079
    5566
    8137
   10325
    9616
    7045
    4920
    4228
    4364
    5332
    5706
    5111
    4431
    3896
    3606
    3528
    3652
    3573
    3777
    3852
    3862
    3974
    4051
    4096
    4174
    4045
    4114
    4285
    4230
    4314
    4288
    4312
    4262
    4354
    4444
    4394
    4537
    4546
    4417
    4438
    4586
    4525
    4425
    4390
    4219
    4316
    4209
    4119
    4128
    4104
    3951
    3945
    3934
    3957
    3906
    3941
    3894
    3975
    3982
    3992
    3932
    4024
    4075
    4049
    4100
    4055
    4169
    4158
    4163
    4004
    4028
    4097
    4221
    4274
    4121
    4219
    4170
    4234
    4119
    4184
    4111
    4137
    4130
    4080
    4327
    4070
    3995
    4138
    4002
    4144
    4047
    4036
    4066
    4055
    4004
    3943
    3791
    3921
    3903
    3775
    3745
    3775
    3736
    3858
    3746
    3602
    3627
    3597
    3582
    3453
    3506
    3446
    3397
    3494
    3297
    3394
    3226
    3279
    3155
    3274
    3213
    3199
    3162
    3162
    3301
    3388
    4202
    6065
    7807
    7278
    5461
    3990
    3464
    3237
    3294
    3050
    3078
    3007
    3085
    3067
    3107
    3079
    3014
    2999
    2920
    2992
    3178
    5608
   16024
   42678
   73410
   74176
   46192
   21922
   11246
    7093
    5687
    4742
    4112
    4010
    3670
    3342
    3226
    3052
    3091
    3065
    3010
    2964
    3003
    2976
    2978
    2911
    2940
    2835
    2919
    2896
    2880
    2901
    2967
    2983
    2998
    2877
    3015
    2909
    2967
    2965
    2992
    2986
    3033
    3085
    2999
    3101
    3023
    3064
    2892
    2994
    2928
    2980
    3048
    2913
    2976
    2998
    2880
    2995
    2910
    2920
    2903
    2913
    2945
    3026
    2983
    2975
    3010
    3023
    2959
    3060
    3019
    2977
    3022
    2987
    3115
    3119
    3071
    3043
    3103
    3187
    3283
    3212
    3343
    3352
    3339
    3424
    3520
    3494
    3424
    3539
    3580
    3522
    3589
    3549
    3576
    3552
    3595
    3582
    3531
    3543
    3546
    3478
    3484
    3516
    3545
    3486
    3577
    3589
    3460
    3510
    3534
    3543
    3492
    3469
    3476
    3528
    3549
    3435
    3421
    3373
    3433
    3453
    3456
    3405
    3442
    3410
    3621
    3519
    3498
    3523
    3471
    3516
    3292
    3451
    3479
    3451
    3421
    3314
    3269
    3294
    3297
    3339
    3306
    3348
    3298
    3238
    3273
    3286
    3250
    3302
    3404
    3234
    3334
    3265
    3253
    3226
    3274
    3321
    3338
    3142
    3314
    3302
    3367
    3608
    3648
    3752
    3394
    3362
    3284
    3374
    3181
    3263
    3256
    3167
    3324
    3353
    3277
    3231
    3275
    3169
    3313
    3213
    3267
    3204
    3207
    3150
    3134
    3219
    3203
    3167
    3179
    3239
    3249
    3170
    3165
    3061
    3219
    3133
    3111
    3139
    3144
    3225
    3122
    3135
    3131
    3119
    3022
    3046
    3141
    3076
    3179
    2956
    3035
    3150
    3012
    3069
    3166
    2975
    3109
    2978
    3055
    2985
    3037
    3087
    3057
    3016
    3077
    2998
    3052
    3114
    2954
    3057
    3026
    2985
    2888
    2999
    3036
    3055
    2921
    3007
    2972
    2934
    2961
    2973
    2973
    3066
    3026
    3077
    3103
    3062
    3128
    3130
    2976
    3078
    3090
    3038
    3063
    3057
    2985
    3062
    3015
    3002
    2867
    2985
    3129
    2975
    2993
    3055
    2996
    2933
    3020
    2916
    2932
    2986
    2911
    2811
    2941
    2886
    2959
    2956
    2935
    2949
    2801
    2824
    2822
    2891
    2846
    2829
    2860
    2812
    2801
    2889
    2806
    2750
    2808
    2849
    2860
    2731
    2835
    2762
    2831
    2720
    2694
    2679
    2700
    2666
    2764
    2667
    2600
    2703
    2572
    2512
    2509
    2615
    2738
    2741
    2666
    2636
    2539
    2655
    2558
    2526
    2585
    2577
    2601
    2619
    2587
    2542
    2639
    2537
    2504
    2580
    2538
    2478
    2548
    2373
    2567
    2453
    2514
    2406
    2463
    2466
    2438
    2396
    2448
    2457
    2531
    2457
    2486
    2459
    2418
    2445
    2435
    2435
    2447
    2430
    2375
    2367
    2525
    2406
    2478
    2405
    2370
    2319
    2443
    2413
    2373
    2396
    2344
    2417
    2402
    2514
    2354
    2377
    2324
    2373
    2401
    2352
    2266
    2275
    2354
    2382
    2328
    2330
    2344
    2264
    2304
    2319
    2339
    2361
    2365
    2293
    2260
    2315
    2345
    2261
    2273
    2251
    2272
    2254
    2285
    2331
    2243
    2328
    2324
    2353
    2289
    2259
    2351
    2319
    2437
    2240
    2280
    2320
    2241
    2318
    2226
    2293
    2181
    2254
    2265
    2321
    2322
    2313
    2317
    2257
    2258
    2355
    2385
    2362
    2291
    2262
    2358
    2285
    2328
    2443
    2553
    2595
    2507
    2334
    2255
    2368
    2312
    2364
    2260
    2300
    2347
    2225
    2264
    2300
    2301
    2283
    2238
    2359
    2294
    2264
    2277
    2333
    2343
    2281
    2286
    2192
    2317
    2379
    2249
    2253
    2287
    2255
    2262
    2348
    2218
    2281
    2339
    2248
    2271
    2350
    2338
    2342
    2275
    2365
    2311
    2237
    2343
    2285
    2309
    2270
    2296
    2302
    2291
    2271
    2342
    2329
    2316
    2390
    2319
    2345
    2273
    2355
    2371
    2436
    2330
    2301
    2383
    2268
    2251
    2316
    2167
    2330
    2178
    2240
    2275
    2308
    2203
    2242
    2206
    2238
    2171
    2279
    2190
    2108
    2091
    2068
    2036
    2009
    1915
    1936
    1918
    1892
    1825
    1799
    1795
    1799
    1761
    1709
    1729
    1665
    1698
    1613
    1657
    1637
    1627
    1614
    1646
    1607
    1590
    1560
    1498
    1508
    1560
    1571
    1508
    1494
    1465
    1476
    1506
    1464
    1460
    1442
    1426
    1458
    1485
    1449
    1545
    1408
    1437
    1418
    1379
    1421
    1377
    1413
    1374
    1406
    1327
    1341
    1365
    1422
    1387
    1361
    1345
    1305
    1361
    1368
    1381
    1405
    1330
    1305
    1363
    1283
    1336
    1272
    1312
    1296
    1276
    1292
    1275
    1274
    1302
    1309
    1285
    1327
    1307
    1474
    1642
    2055
    2280
    2098
    1742
    1458
    1279
    1234
    1275
    1156
    1201
    1216
    1158
    1223
    1167
    1227
    1193
    1157
    1137
    1198
    1184
    1204
    1132
    1349
    1764
    2707
    4082
    4393
    3897
    2756
    2011
    1634
    1516
    1444
    1347
    1242
    1193
    1102
    1112
    1056
    1046
    1093
    1040
    1153
    1268
    1528
    1838
    2086
    1809
    1520
    1287
    1183
    1082
    1092
    1123
    1093
    1116
    1147
    1252
    1203
    1124
    1046
     996
    1051
    1045
     999
     960
    1005
    1012
     965
     977
     924
     966
    1019
     980
    1005
     971
     963
     939
     977
     911
     929
     920
     888
     902
     855
     916
     940
     861
     906
     864
     941
     866
     871
     916
     837
     860
     884
     892
     815
     927
     867
     862
     874
     880
     884
     812
     853
     865
     800
     927
     822
     858
     869
     812
     833
     858
     845
     893
     810
     880
     779
     834
     798
     831
     891
     840
     836
     839
     842
     780
     832
     765
     806
     811
     790
     799
     829
     776
     745
     840
     864
     764
     787
     790
     812
     818
     775
     788
     827
     771
     784
     831
     729
     770
     783
     826
     759
     774
     820
     823
     814
     773
     771
     835
     861
     818
     756
     801
     771
     738
     767
     747
     793
     822
     777
     725
     789
     761
     851
     829
     840
     846
     842
     778
     790
     953
    1195
    1579
    1836
    1745
    1423
    1156
     979
     850
     812
     755
     839
     746
     792
     793
     751
     767
     792
     725
     776
     762
     722
     749
     745
     756
     731
     717
     708
     705
     728
     695
     735
     691
     727
     709
     780
     728
     721
     747
     749
     731
     696
     733
     729
     717
     800
     778
     807
     799
     727
     729
     702
     701
     705
     761
     765
     693
     656
     707
     697
     686
     679
     706
     707
     686
     712
     698
     720
     727
     695
     665
     759
     696
     734
     704
     685
     653
     694
     733
     655
     677
     673
     687
     683
     719
     735
     699
     661
     653
     710
     658
     670
     701
     705
     734
     738
     760
     857
     827
     851
     808
     763
     673
     724
     684
     676
     698
     674
     767
     930
    1306
    1528
    1562
    1527
    1124
     951
     783
     739
     655
     712
     700
     739
     634
     659
     649
     718
     665
     622
     631
     680
     620
     647
     659
     673
     666
     659
     642
     673
     672
     668
     645
     668
     696
     716
     636
     671
     655
     696
     643
     728
     695
     641
     720
     690
     701
     703
     694
     728
     708
     721
     666
     683
     704
     746
     769
     781
     822
     900
     976
    1205
    1655
    2415
    3711
    6272
   10148
   16614
   24937
   35501
   46325
   54739
   58558
   56282
   49381
   39645
   29356
   20547
   13676
    9293
    6413
    4351
    3222
    2555
    1983
    1664
    1248
    1149
     980
     948
     989
    1040
    1000
     918
     850
     810
     827
     777
     718
     730
     738
     779
     732
     740
     767
     726
     765
     700
     725
     725
     714
     717
     759
     750
     679
     715
     697
     638
     700
     626
     618
     610
     631
     679
     618
     666
     614
     653
     641
     639
     609
     630
     632
     607
     640
     616
     634
     595
     583
     617
     610
     605
     626
     621
     599
     620
     606
     623
     624
     597
     613
     615
     581
     656
     595
     570
     615
     562
     647
     571
     578
     581
     647
     591
     589
     598
     609
     638
     589
     618
     609
     612
     591
     616
     561
     617
     567
     558
     645
     555
     575
     614
     567
     600
     587
     596
     649
     592
     590
     613
     620
     575
     586
     583
     601
     612
     591
     592
     618
     594
     569
     634
     607
     659
     653
     607
     572
     583
     589
     545
     551
     646
     582
     611
     627
     592
     589
     620
     553
     612
     630
     651
     709
     729
     736
     672
     662
     603
     603
     613
     595
     609
     573
     562
     557
     580
     575
     619
     617
     561
     581
     612
     580
     621
     625
     576
     588
     576
     593
     559
     684
     689
     700
     757
     824
     703
     680
     626
     583
     610
     610
     589
     550
     633
     618
     632
     602
     546
     597
     635
     597
     615
     569
     600
     558
     626
     610
     594
     543
     558
     623
     583
     651
     606
     582
     575
     563
     567
     581
     543
     603
     587
     595
     572
     603
     554
     527
     545
     587
     605
     593
     563
     537
     579
     572
     600
     617
     545
     593
     538
     603
     558
     551
     612
     618
     625
     547
     582
     562
     578
     591
     607
     557
     632
     659
     625
     614
     602
     612
     555
     551
     583
     596
     578
     545
     596
     597
     590
     622
     584
     600
     596
     557
     572
     595
     575
     577
     602
     604
     584
     555
     562
     607
     623
     623
     652
     592
     572
     608
     599
     585
     542
     596
     583
     587
     561
     562
     626
     606
     623
     628
     658
     709
     921
    1250
    1695
    2002
    1857
    1557
    1118
     878
     770
     644
     597
     608
     604
     628
     628
     630
     631
     595
     584
     571
     576
     620
     583
     638
     630
     544
     586
     623
     602
     565
     579
     600
     601
     591
     585
     555
     637
     638
     595
     571
     568
     602
     621
     663
     640
     627
     685
     787
     870
     963
     997
    1010
     933
     727
     720
     704
     594
     614
     650
     662
     704
     685
     648
     696
     747
     751
     799
     766
     717
     713
     688
     687
     626
     606
     620
     574
     660
     656
     607
     623
     638
     698
     720
     717
     742
     652
     640
     627
     566
     577
     618
     623
     604
     618
     641
     633
     598
     632
     645
     620
     607
     544
     577
     602
     597
     601
     611
     620
     591
     608
     617
     673
     615
     626
     588
     612
     668
     587
     632
     632
     590
     629
     632
     640
     658
     626
     604
     600
     634
     609
     667
     653
     585
     661
     658
     620
     656
     655
     655
     642
     678
     659
     665
     677
     675
     710
     683
     674
     662
     691
     646
     680
     640
     654
     675
     663
     697
     635
     655
     658
     702
     697
     627
     659
     681
     656
     639
     661
     666
     675
     581
     645
     653
     710
     618
     600
     634
     621
     652
     646
     660
     694
     637
     661
     665
     627
     644
     673
     663
     667
     670
     616
     614
     629
     655
     656
     734
     834
     949
    1114
    1118
    1141
    1005
     943
     803
     695
     606
     682
     590
     633
     625
     660
     626
     638
     611
     662
     701
     650
     667
     629
     642
     608
     528
     592
     579
     540
     536
     494
     548
     528
     523
     506
     505
     531
     540
     543
     533
     514
     502
     537
     556
     567
     578
     477
     540
     539
     553
     499
     532
     524
     518
     515
     497
     573
     502
     519
     512
     497
     537
     508
     474
     529
     465
     496
     525
     511
     550
     513
     500
     489
     475
     480
     512
     515
     501
     469
     492
     491
     483
     485
     469
     494
     468
     466
     465
     462
     475
     495
     518
     468
     510
     475
     507
     455
     484
     475
     479
     515
     524
     517
     476
     522
     510
     527
     562
     585
     568
     497
     479
     475
     474
     481
     445
     460
     471
     465
     475
     450
     466
     478
     446
     481
     435
     496
     442
     460
     524
     493
     468
     439
     478
     459
     452
     473
     435
     455
     451
     444
     466
     470
     461
     471
     442
     485
     460
     431
     443
     446
     476
     446
     434
     453
     402
     437
     441
     452
     451
     469
     439
     450
     470
     442
     480
     502
     516
     532
     471
     441
     520
     480
     451
     480
     457
     449
     466
     455
     456
     441
     430
     436
     451
     415
     435
     432
     433
     422
     391
     425
     458
     536
     638
     836
    1051
    1275
    1286
    1074
     894
     709
     592
     559
     458
     422
     438
     414
     420
     423
     432
     424
     423
     451
     458
     426
     421
     434
     430
     445
     414
     419
     422
     406
     418
     431
     384
     372
     401
     431
     411
     430
     433
     409
     406
     368
     414
     420
     415
     426
     393
     377
     405
     355
     392
     369
     420
     427
     391
     394
     399
     407
     404
     380
     362
     386
     402
     386
     380
     388
     376
     393
     427
     368
     363
     385
     391
     439
     418
     374
     387
     322
     393
     391
     367
     366
     347
     380
     366
     380
     376
     391
     381
     421
     419
     406
     391
     403
     367
     393
     402
     411
     347
     414
     384
     417
     365
     397
     363
     399
     409
     366
     394
     425
     355
     372
     369
     332
     403
     354
     395
     378
     385
     419
     371
     425
     411
     377
     399
     383
     410
     453
     478
     520
     492
     582
     580
     624
     633
     595
     529
     489
     481
     401
     440
     370
     441
     418
     339
     420
     386
     437
     425
     435
     441
     447
     439
     476
     490
     532
     576
     524
     474
     458
     426
     385
     397
     420
     408
     419
     428
     396
     377
     417
     431
     443
     391
     428
     390
     382
     380
     412
     381
     386
     406
     392
     393
     404
     400
     384
     418
     409
     398
     396
     395
     386
     435
     449
     393
     421
     431
     388
     382
     372
     368
     420
     394
     396
     395
     388
     413
     405
     445
     382
     406
     377
     367
     434
     381
     428
     413
     414
     418
     403
     409
     417
     402
     438
     409
     414
     398
     394
     402
     432
     403
     419
     405
     426
     388
     413
     348
     422
     421
     410
     404
     398
     398
     411
     417
     401
     437
     409
     394
     411
     429
     414
     442
     400
     396
     414
     391
     400
     394
     390
     393
     438
     433
     449
     354
     451
     420
     425
     422
     387
     431
     432
     435
     425
     453
     410
     442
     422
     410
     407
     428
     425
     436
     427
     418
     358
     420
     401
     417
     457
     416
     445
     429
     478
     538
     566
     621
     683
     705
     656
     663
     560
     490
     434
     430
     435
     427
     447
     480
     436
     448
     388
     460
     429
     440
     452
     417
     456
     480
     470
     496
     461
     428
     423
     451
     410
     428
     381
     432
     447
     384
     428
     443
     412
     456
     418
     447
     470
     565
     745
    1193
    2005
    3714
    6380
   10201
   14142
   16641
   15709
   12636
    8448
    5171
    2906
    1828
    1224
     933
     825
     707
     631
     541
     519
     512
     477
     447
     432
     450
     476
     478
     397
     420
     432
     398
     460
     385
     417
     444
     424
     418
     432
     422
     404
     341
     403
     378
     372
     378
     362
     363
     335
     364
     367
     328
     354
     387
     342
     325
     378
     381
     317
     351
     336
     328
     291
     326
     339
     349
     325
     339
     351
     382
     442
     510
     611
     653
     623
     642
     478
     452
     384
     348
     330
     329
     298
     329
     318
     309
     309
     314
     322
     350
     336
     291
     337
     295
     312
     315
     304
     328
     283
     294
     314
     312
     297
     282
     317
     295
     251
     326
     283
     331
     269
     299
     316
     266
     285
     284
     280
     277
     295
     279
     293
     300
     295
     286
     261
     338
     315
     334
     306
     333
     278
     307
     281
     278
     292
     296
     280
     279
     298
     248
     274
     300
     280
     285
     270
     278
     256
     255
     273
     266
     271
     275
     287
     282
     272
     276
     236
     292
     245
     255
     255
     273
     258
     292
     247
     228
     272
     259
     259
     274
     257
     254
     260
     234
     245
     284
     268
     245
     283
     243
     264
     252
     232
     272
     253
     226
     254
     269
     256
     262
     247
     242
     242
     237
     232
     251
     246
     257
     232
     273
     240
     256
     241
     237
     243
     253
     220
     209
     242
     234
     263
     228
     248
     217
     235
     236
     228
     233
     219
     213
     271
     230
     249
     216
     225
     244
     264
     222
     217
     228
     256
     212
     202
     201
     223
     222
     194
     235
     217
     213
     245
     201
     223
     207
     190
     221
     213
     238
     219
     243
     193
     242
     204
     223
     212
     210
     203
     190
     203
     209
     210
     202
     216
     214
     208
     195
     225
     244
     188
     223
     197
     200
     190
     191
     214
     206
     192
     205
     194
     197
     189
     172
     211
     177
     190
     202
     219
     172
     194
     190
     203
     200
     195
     227
     216
     206
     205
     199
     203
     189
     232
     206
     217
     210
     237
     224
     285
     279
     297
     269
     205
     212
     216
     213
     195
     168
     171
     187
     175
     183
     179
     172
     183
     178
     170
     190
     174
     197
     195
     180
     170
     157
     166
     162
     161
     173
     179
     153
     169
     188
     150
     154
     189
     169
     180
     188
     163
     161
     180
     162
     157
     162
     147
     170
     162
     173
     156
     172
     185
     164
     160
     182
     165
     161
     151
     171
     154
     162
     183
     161
     146
     159
     179
     184
     180
     195
     184
     195
     210
     192
     171
     150
     166
     162
     169
     164
     177
     163
     165
     173
     143
     166
     160
     161
     146
     159
     164
     175
     144
     177
     158
     158
     141
     174
     138
     170
     158
     161
     158
     143
     160
     133
     153
     159
     147
     171
     149
     163
     142
     156
     132
     159
     155
     148
     156
     145
     153
     183
     152
     146
     149
     139
     161
     179
     155
     169
     145
     258
     317
     458
     644
     973
    1378
    1690
    1912
    1796
    1522
    1008
     714
     442
     321
     265
     223
     202
     202
     165
     161
     207
     165
     135
     185
     162
     155
     152
     136
     154
     159
     166
     142
     152
     153
     160
     146
     143
     147
     158
     164
     147
     201
     197
     201
     216
     220
     239
     218
     203
     218
     193
     205
     188
     157
     167
     168
     161
     144
     178
     138
     161
     141
     145
     139
     157
     164
     163
     159
     171
     167
     170
     137
     196
     160
     145
     165
     166
     127
     158
     167
     149
     119
     155
     151
     138
     144
     161
     128
     156
     151
     146
     150
     185
     165
     160
     162
     151
     149
     139
     148
     136
     158
     140
     144
     147
     145
     138
     122
     125
     139
     159
     135
     161
     159
     144
     151
     134
     149
     173
     146
     164
     167
     153
     154
     164
     155
     136
     147
     137
     142
     163
     191
     170
     202
     231
     418
     592
     980
    1664
    2949
    4589
    7091
    9373
   11425
   11643
    9966
    7489
    4863
    2923
    1697
     951
     664
     477
     391
     346
     260
     285
     240
     196
     171
     179
     198
     178
     162
     168
     184
     161
     154
     178
     195
     177
     160
     196
     166
     151
     164
     175
     142
     174
     177
     147
     178
     142
     160
     176
     171
     187
     174
     193
     165
     153
     153
     182
     156
     147
     156
     146
     162
     194
     172
     203
     256
     379
     458
     570
     687
     755
     700
     572
     438
     330
     282
     224
     154
     164
     167
     158
     151
     152
     164
     151
     161
     126
     129
     125
     133
     122
     154
     148
     166
     186
     195
     189
     192
     201
     170
     179
     169
     153
     157
     152
     131
     130
     137
     129
     132
     133
     137
     125
     145
     141
     127
     103
     146
     118
     160
     146
     135
     136
     107
     127
     128
     127
     109
     138
     127
     109
     129
     122
     138
     144
     124
     114
     118
     119
     132
     129
     111
     123
     131
     122
     134
     121
     127
     117
     131
     105
      91
     136
     132
     110
     112
     131
     152
     125
     144
      98
     120
     126
     144
     106
     117
     113
     117
     136
     113
     122
     129
     114
     117
     123
     126
     109
     133
     121
     116
     117
      98
     129
     126
     116
     130
     118
     112
     121
     138
     133
     153
     136
     161
     128
     148
     143
     115
     108
     126
     145
     143
     122
     120
     121
     137
     135
     136
     136
     126
     122
     115
     122
     125
     120
     130
     113
     117
     105
     111
     120
     118
     105
     121
     117
     120
     102
     130
     153
      99
     108
     114
     117
     100
     114
     142
      95
     103
     129
     119
     116
      96
     109
     108
     114
     120
     122
     122
     104
     100
     108
     115
     114
     118
     125
     112
     118
     128
     127
     115
      98
     126
     103
     113
     116
     123
     106
     110
     119
     103
     116
     118
     112
      95
     107
     105
     127
     118
     104
     112
     116
     106
     102
      99
     100
      95
     112
     100
     119
     107
     109
      90
     104
      93
      94
     124
     113
     126
      90
     100
     107
     106
     114
      97
     106
      96
     101
     116
      98
     112
      98
      96
     102
     109
     111
     119
     109
     116
     100
      99
      98
     122
     106
     106
     120
      99
     114
     108
     121
     121
     137
     123
     142
     113
     118
     121
     110
     113
     110
      92
      94
     106
     109
     114
      95
     111
     120
      97
     120
     120
     103
     111
     101
     105
     118
      89
      96
     118
     111
      93
      95
      95
     115
      96
      93
     107
     127
     100
     100
     121
     120
     160
     187
     227
     236
     276
     270
     249
     230
     194
     137
     129
      97
     116
     101
     110
      84
      92
     100
     108
     102
     102
      90
     101
     111
      94
     106
     106
      97
      94
      83
      91
      87
      86
     101
     103
      98
      86
     101
     102
     143
      99
     108
     115
     104
      87
     103
      93
     112
     105
      99
     100
      85
      80
      95
     103
      94
     109
      93
     100
      98
      99
     110
     119
     107
     123
     138
     135
     181
     207
     249
     279
     304
     350
     323
     371
     340
     242
     187
     174
     164
     123
     135
      89
      89
     103
     115
      89
     111
     105
      97
      93
      95
     112
     102
      91
      99
      82
     129
     106
     118
      97
      91
      88
      97
      93
      97
      96
     126
      92
     101
      98
      95
     104
     110
      93
      95
      87
     103
      99
      94
      93
     108
     130
     102
      94
     113
     107
      92
     107
     117
     113
      99
      94
     110
      75
     115
      98
     113
     113
      86
      98
     101
      98
      91
      99
     109
     106
      96
      99
     100
     111
     101
     109
      74
      85
     104
     102
      94
     111
      80
      83
     105
      94
     103
     125
     101
      92
     102
     105
      90
     100
     102
     107
     103
     124
      94
     103
      87
      90
     107
     114
      87
      94
     106
      95
      96
     108
      96
      99
     103
     108
      95
     101
      97
     101
     100
      98
      99
     105
      90
      94
      84
     104
     119
     112
     101
     110
     142
     146
     153
     138
     148
     140
     130
     117
     106
      96
     114
      81
     105
      90
      75
     107
      88
      99
      81
     107
     111
      99
      99
     109
     103
      99
     104
      94
     105
     101
     109
      92
      97
      99
      87
      77
      92
     113
     103
      99
      95
      81
      93
     115
     116
     141
     164
     218
     318
     438
     586
     815
     961
    1090
    1036
     916
     700
     520
     362
     257
     196
     195
     139
     126
      99
      95
      95
     102
     110
     101
     100
      83
      98
     107
     105
     107
     105
      84
     102
      83
      99
      98
     104
      86
      97
     100
      99
      96
      93
     100
      96
      90
      97
      99
     112
      85
      99
     104
     108
     104
     102
      86
      97
      91
      74
      97
      92
      97
      88
      85
      96
     103
     104
      90
     100
      95
      85
     107
      81
      85
      82
      89
     100
      85
      86
     111
     106
      89
     107
      82
     110
      85
      93
      99
     101
     108
      98
      81
      92
      82
     109
      88
      96
     107
      85
     104
      87
     100
     117
      99
     102
     111
      97
      75
      99
      92
     101
     116
      92
     113
     113
      98
      84
     112
      98
      93
     110
     103
     100
      90
     102
      99
      94
      82
     105
      97
      91
      90
      81
      90
      96
      98
      92
     111
      79
      90
     103
      85
      85
      92
      98
      90
      84
      79
     102
      81
      87
      97
     100
      92
      98
      94
     101
      82
      80
      77
      77
     104
     106
      82
      85
      74
      78
      85
     113
      89
      98
      94
      86
      80
      98
      96
     121
      85
      78
      83
      89
      93
     109
     105
      93
      89
      97
      87
      90
      82
      94
      94
      90
      77
      86
      82
      99
      91
      89
     104
      84
      93
      97
      95
      78
      95
      90
      89
     101
      92
      86
      98
      89
      82
      87
      89
      85
      83
      94
      84
      96
     109
     100
      77
      96
      93
      93
      75
      77
      93
      93
      91
      91
      85
      84
      92
     102
      98
      97
      80
     110
      89
      94
      86
      85
      64
      90
      95
      76
      96
      86
      90
      88
      98
      91
     104
      88
      90
      96
      77
      89
     114
      74
      98
      97
      78
      87
      94
     106
     104
     106
     126
     118
     134
     130
     115
     115
     100
      91
      88
      91
      94
      85
     101
     100
     102
      90
      92
      93
      78
      91
     108
      84
      81
      92
      91
      90
     100
      74
      97
      90
      78
      83
      82
      89
      97
      91
      92
      85
      82
      92
      85
      78
      92
      78
      90
      74
      85
      83
      81
      94
      91
      88
      88
      74
      76
      80
      89
      96
      87
      75
      72
      89
      83
      92
     111
      79
      82
      86
      91
      76
      74
      90
      87
      89
      95
      87
      91
      87
      88
      90
      88
      73
      85
      80
     113
      80
      88
      95
      88
      98
      92
      92
      88
      89
      98
      73
      93
      91
      91
      82
      91
      77
      86
      86
      81
      87
      89
      99
      77
      83
      96
      91
      89
      84
      90
      89
      90
      89
      91
      81
      83
      71
      90
      84
      72
      84
      72
      88
     103
      81
      85
      99
      78
      81
      99
     109
      62
      87
      81
      82
      91
      85
      92
      76
      79
      84
      75
      85
      83
      84
      71
      82
      95
      79
      84
     101
      93
      87
      90
      79
      81
      89
      74
      82
      76
      80
      82
      90
      79
      84
      83
      84
      70
      74
      87
      77
      69
      89
      71
      89
      73
      84
      94
      60
      68
      79
      80
     102
     103
      87
      68
      81
      96
      80
      66
      71
      82
      80
      91
      89
      74
      92
      75
      77
      82
      84
      92
      80
      88
      79
      93
      83
      92
      93
      96
      64
      77
      92
      89
      88
     108
      73
      82
      70
      86
      89
      89
      83
      80
      70
      87
      93
      61
      87
      92
      70
      89
      88
      70
      67
      83
      93
      92
      85
      83
      71
      88
      70
      92
      99
      80
      82
      70
      99
      78
      77
      71
      78
      79
      63
      85
      84
      88
      79
      84
     101
      91
      85
      86
     115
     119
      93
     114
     120
     101
     138
     138
     113
      82
      91
      95
      99
     102
      81
      77
      73
      75
      91
     100
      86
      96
      95
      81
      77
      84
      89
      87
     111
      79
      77
      89
      68
      81
      90
      77
      80
      79
      89
     100
      89
     102
      87
      76
      99
      88
      85
      94
      91
      88
      87
      82
      85
      74
      69
      93
      75
      77
      70
      76
      87
      78
      75
      82
      73
      90
      76
      93
      85
      99
      81
      86
      86
      92
      94
      94
      81
      87
      78
      95
      73
      76
      90
      88
     111
      78
      73
      93
      88
      67
      93
      86
      82
      98
     103
     129
     143
     174
     201
     218
     303
     278
     261
     228
     196
     147
     144
     119
     115
      88
      81
      93
      69
      89
      83
      97
      85
      98
      70
      90
      85
      99
      80
     103
      91
      95
      90
      98
     104
      93
      96
      87
      99
      92
      93
      84
      96
      77
      90
     118
     109
     103
      94
     105
      88
     102
      98
     100
      90
      72
      79
      94
     108
      93
      71
      87
      90
      92
      75
      94
      98
      90
      66
     105
     102
     107
     103
     102
      87
      82
      91
     106
     115
      99
      94
      91
     113
      87
      93
     100
      96
      93
      85
      92
      80
      87
      72
      68
      78
      80
      73
      84
      91
      85
      87
      77
     104
      90
      72
      81
      69
      76
      76
      77
      78
      79
      72
      79
      97
      96
     102
      79
      87
      83
      97
      79
      98
      93
     102
     111
     112
     103
     102
     102
      91
      96
      77
      89
      82
     101
      69
      75
      83
      79
      92
      93
     105
      91
      75
      85
      68
      79
      82
      88
      88
      84
      69
      83
      85
      86
      86
      75
      89
     100
      81
      86
      64
      86
      87
      91
     119
     116
     126
     113
     153
     152
     136
     116
     142
     144
     114
     110
      90
      89
      76
      92
      87
      95
      78
      74
      84
      84
      83
      94
      75
      83
      84
      78
      68
      75
      90
      79
      80
      77
      69
      80
      65
      93
      69
      82
      75
      85
      94
      93
      93
      74
      81
      83
      96
      78
      77
      97
      80
      77
      78
      77
      79
      68
      81
      66
     107
      85
      89
      68
      90
      96
      81
      84
      88
      79
      78
      72
      67
      77
      75
      83
      69
      74
      86
      91
      89
      79
      79
      82
      76
      74
      68
      71
      81
      71
      80
      68
      77
      62
      88
      83
      83
      86
      86
      72
     114
     109
     107
     154
     122
     141
     121
     130
     109
     135
     124
     115
     123
     111
     110
     110
     106
     102
      69
     105
      73
      76
      74
      91
      97
      89
      76
      83
      77
      92
      77
      86
      82
      72
      86
      79
      68
      91
      80
      78
      73
      80
      73
      79
      68
      94
      87
     109
     104
      94
      92
     111
     115
     123
     110
     109
      92
      98
      87
      86
      92
      84
      54
      81
      93
      84
      82
      85
      70
      75
      75
      81
      78
      84
      88
      79
      87
      64
      81
      79
      58
      76
      84
      72
      90
      83
      83
      84
      90
      93
      82
      86
      80
      91
      78
      85
      82
      67
      87
      69
      69
      84
      68
      96
      77
      86
      94
      84
      86
      85
      66
      83
      70
      64
      65
      86
      73
      86
      85
      74
      76
      68
      62
      83
      79
      58
      83
      68
      77
      68
      71
      76
      72
      74
      89
      75
      77
      81
      91
      84
      82
      78
      91
      78
      78
      79
      62
      71
      70
      89
      70
      73
      72
      77
      78
      85
      94
      61
      71
      69
      71
      97
      73
      70
      85
      74
      67
      93
      74
      84
      89
      76
      76
      75
      73
      69
      75
      89
      77
      90
      76
      86
      77
      59
      78
      65
      91
      80
      75
      88
      80
      77
      79
      76
      89
      84
      83
      76
     101
      97
      85
      97
      97
      90
      84
      90
      85
      97
      83
      66
      73
      77
      85
     101
      75
      75
      78
      85
      89
      87
     100
      78
      95
      80
      71
      96
      87
      89
      92
      86
     102
      86
      88
     106
      95
     118
     106
     106
     128
     102
     106
     118
     121
     166
     176
     234
     229
     261
     299
     357
     399
     382
     359
     364
     306
     274
     230
     199
     174
     146
     117
     123
      99
     101
     104
     110
      80
      89
      67
      90
      66
      74
     105
     102
      86
      96
      81
      89
      79
      90
      85
      91
      91
      78
      80
     100
      71
      74
      88
     105
      88
      74
      92
      83
      84
      89
      78
      96
      88
      67
      89
      93
      84
      67
      93
      80
      77
      94
      84
      84
      83
      99
      82
      86
      79
      83
      92
      84
     110
      98
     100
      81
     100
      81
      92
      93
      87
      95
      98
      85
      59
      78
      96
      89
      85
      90
      76
      98
      83
      88
     123
     103
     132
     114
     121
     119
     121
     136
     124
     120
      89
      78
     104
     107
      72
     103
     100
      76
      88
      89
      99
      90
      92
     123
     106
     122
     125
     127
     170
     179
     227
     230
     238
     270
     219
     179
     202
     143
     122
     130
     110
     107
      94
      81
     100
     108
      93
     100
      89
     101
      70
      94
      93
      85
      90
      98
      71
      93
      83
      81
      80
      96
     107
      83
      96
      85
      91
      86
      90
      91
      93
     100
      98
     101
     104
      83
      75
     103
      88
     103
      87
      84
     108
      84
      73
      93
      87
      91
      80
      81
      81
      97
      86
      92
      82
      94
      86
      90
     102
      84
      83
      91
      82
     106
      95
      84
      76
      72
     100
      93
      79
     104
      98
      94
      90
      97
      79
      90
      78
      88
      90
      94
     106
      97
      94
     107
      89
     100
      86
      87
     104
      87
      89
      89
      84
     106
      93
      90
      89
     101
      98
      98
      90
      92
     103
     124
      94
      96
      82
     117
     103
     100
      90
      98
      94
      97
     104
     108
      97
     101
      84
      91
      83
     102
     112
      95
     107
      94
      94
      90
     104
     112
      99
     106
      98
     105
      80
     111
     101
     113
     107
     137
     130
     138
     164
     159
     177
     155
     168
     160
     134
     113
     124
     110
     119
     115
     117
     131
     151
     174
     173
     219
     237
     261
     281
     314
     294
     317
     254
     231
     188
     162
     137
     132
     113
     127
     107
     110
      95
      99
     105
      85
     103
      96
      98
     104
     104
     115
      97
      92
     110
      94
     113
     105
     126
     113
     110
     131
     116
     107
     110
     100
      98
      90
      92
     110
     128
     104
     102
     101
     102
      96
     111
     115
      95
     128
     102
     119
      92
     122
     117
     117
     111
     110
      94
     128
     108
     114
     102
      86
     105
      98
     106
      99
     102
      98
     110
     100
     126
      99
     115
      88
     128
     107
     108
      90
      94
     120
     106
     115
      98
     127
     113
      99
      89
     104
     106
     123
     111
      97
     107
     113
     117
     104
      94
     114
      96
      89
     117
      95
     117
     104
      90
      97
     104
      95
     104
     124
      95
     113
      82
      84
     104
      90
     104
      96
      97
      89
      90
      77
      95
     107
     101
     106
      96
     113
     100
      82
     101
     104
     114
     108
     112
      78
     105
     101
     107
      89
     117
     111
     103
      93
     105
      92
      90
     100
      94
      93
     124
     109
     109
     102
     109
      88
     119
     108
     120
     107
     118
     127
     152
     137
     166
     146
     152
     134
     134
     112
     110
     115
      91
     105
     117
     125
      93
     105
     106
     111
     105
     117
     125
     107
     118
     112
     107
     100
     106
     110
     111
     112
     105
      93
     109
     107
      94
     112
     126
     124
     111
      88
     116
     124
     123
     119
      97
     106
     121
     106
      87
     119
      93
     125
     102
     101
     107
     118
     108
     110
     110
     105
     128
     107
     111
     110
     101
     101
     114
     105
     118
      86
     117
     113
     102
     105
      92
     101
     106
     107
     100
     119
     126
     120
     119
     104
     106
      95
     101
     114
     113
     108
     118
     108
     109
     104
      98
     120
     101
     133
     111
     109
     112
     131
     108
     121
     105
     133
     112
     107
     117
     111
     104
      81
     118
     105
      99
     122
     118
     113
     108
     101
     132
     114
     121
     113
     123
     106
      96
     129
      88
     128
     106
     116
     103
     123
     130
     131
     113
     116
     100
     110
     110
     110
     142
     124
     115
     130
     101
     117
     121
     120
      98
     106
     104
     125
      96
     136
     114
     119
     124
     114
     130
     134
     114
     106
     124
     110
     130
     128
     122
     110
     106
     123
     138
     113
     125
     150
     123
     123
     119
     149
     118
     119
     145
     138
     135
     123
     128
     134
     118
     147
     121
     146
     104
     122
     131
     114
     134
     124
     126
     117
     120
     141
     104
     108
     121
     112
     125
     129
     132
     112
     128
     102
     126
      93
     129
     128
     109
     104
      93
     107
     113
     136
     127
     123
     100
     163
     103
     114
     126
     132
     117
     134
     133
     129
     118
     124
     124
     126
     105
     119
     120
     122
     108
     104
      98
     143
     121
     142
     128
     139
     121
     128
     114
     106
     127
     122
     135
     127
     110
     100
      95
     118
     120
     110
     111
     120
      96
     122
     106
     111
     112
      92
      96
     111
      89
     114
     102
      86
      98
      95
     110
     104
      94
      92
     100
      81
      95
      99
      74
      88
      86
      82
      85
      88
      85
      95
      82
      93
      96
      87
      91
      92
      80
      91
      90
      78
      68
      84
      85
      86
      78
      88
      88
      75
      77
      82
      81
     104
      76
      67
      86
      72
      70
      94
      75
      84
      87
      96
      82
      69
      69
      83
      81
      78
      74
      77
      69
      81
      76
      77
      72
      69
      81
      70
      61
      86
      67
      88
      73
      75
      86
      82
      78
      85
      82
      80
      53
      75
      80
      67
      74
      95
     102
      70
      74
      75
      57
      70
      79
      75
      63
      85
      56
      65
      80
      73
      76
      74
      65
      70
      55
      75
      64
      85
      68
      61
      67
      71
      83
      58
      65
      63
      68
      67
      66
      81
      63
      73
      73
      77
      82
      69
      69
      57
      59
      64
      62
      69
      75
      72
      74
      70
      71
      66
      73
      66
      68
      63
      72
      77
      74
      57
      53
      69
      58
      66
      58
      62
      64
      70
      71
      64
      63
      67
      60
      76
      57
      58
      66
      66
      73
      62
      72
      53
      54
      61
      56
      67
      69
      75
      66
      61
      53
      53
      64
      47
      59
      59
      47
      55
      49
      64
      69
      43
      55
      66
      59
      59
      56
      71
      54
      49
      74
      58
      58
      34
      52
      62
      47
      52
      49
      65
      53
      57
      70
      43
      56
      54
      34
      54
      61
      38
      48
      60
      49
      39
      58
      61
      51
      54
      50
      58
      57
      50
      54
      62
      52
      48
      58
      47
      53
      44
      57
      70
      72
      76
     103
     132
     131
     169
     235
     323
     408
     533
     587
     731
     864
     873
     898
     794
     685
     555
     452
     340
     217
     162
     121
      92
      71
      67
      55
      54
      46
      44
      38
      54
      41
      34
      39
      43
      31
      45
      47
      40
      41
      36
      40
      45
      36
      42
      38
      32
      39
      32
      37
      48
      24
      31
      36
      36
      42
      43
      34
      34
      44
      27
      26
      38
      28
      33
      40
      44
      29
      26
      29
      28
      41
      29
      36
      27
      19
      30
      27
      35
      24
      30
      28
      29
      34
      32
      30
      24
      28
      24
      27
      31
      32
      27
      27
      25
      23
      28
      31
      37
      36
      39
      44
      40
      53
      54
      48
      60
      43
      57
      60
      48
      45
      36
      31
      25
      26
      15
      24
      19
      16
      24
      21
      16
      19
      15
      22
      29
      26
      23
      18
      20
      24
      19
      18
      32
      20
      22
      19
      18
      27
      26
      25
      27
      24
      24
      24
      27
      20
      27
      28
      33
      35
      34
      51
      50
      56
      54
      58
      79
      76
      79
      70
      65
      42
      56
      41
      43
      43
      34
      25
      29
      22
      28
      27
      23
      24
      17
      22
      23
      21
      28
      22
      22
      19
      16
      18
      23
      20
      22
      26
      25
      31
      20
      22
      15
      19
      23
      20
      25
      15
      31
      16
      15
      15
      21
      21
      12
      17
      26
      26
      16
      19
      26
      17
      25
      24
      20
      14
      19
      25
      20
      30
      16
      15
      17
      17
      22
      18
      24
      18
      18
      20
      23
      19
      21
      18
      18
      16
      19
      19
      23
      26
      26
      22
      23
      24
      31
      26
      17
      22
      19
      34
      19
      16
      22
      17
      24
      31
      27
      25
      24
      20
      16
      11
      34
      16
      17
      26
      20
      21
      13
      18
      18
      23
      13
      15
      16
      24
      22
      16
      16
      20
      24
      11
      24
      26
      22
      20
      18
      14
      18
      16
      20
      17
      18
      17
      15
      18
      17
      20
      25
      26
      21
      19
      20
      15
      12
      21
      23
      25
      13
      18
      22
      15
      16
      29
      15
      22
      30
      18
      20
      21
      27
      17
      27
      24
      12
      12
      16
      22
      25
      32
      26
      22
      21
      27
      24
      27
      15
      33
      31
      52
      57
      85
     106
     171
     235
     297
     421
     509
     723
     988
    1279
    1728
    2158
    2570
    2989
    3422
    3469
    3597
    3287
    2721
    2183
    1654
    1143
     750
     519
     337
     242
     142
     115
      75
      55
      61
      32
      41
      42
      33
      35
      34
      33
      27
      33
      32
      33
      24
      26
      29
      35
      27
      26
      23
      32
      21
      24
      16
      33
      22
      21
      18
      20
      26
      18
      24
      27
      18
      24
      18
      11
      26
      14
      17
      19
      17
      28
      18
      22
      25
      20
      17
      17
      20
      30
      17
      24
      21
      14
      19
      19
      20
      19
      16
      15
      17
      12
      18
      15
      20
      13
      17
      17
      16
      15
      26
      14
       9
      26
      13
      17
      13
      19
      18
      17
      23
      16
      14
      23
       9
      19
      17
      11
      14
      21
      20
      24
       8
      23
      17
      18
      23
      14
      22
      26
      15
      14
      18
      19
      26
      16
      16
      15
      17
      11
      12
      16
      13
      16
      22
      18
      10
      15
      10
      21
      22
      14
      20
      27
      20
      20
      14
       8
      19
      16
      18
      14
      11
      20
      16
      17
      21
      12
      16
      22
      21
      21
      14
      14
      18
       8
      16
      10
      18
      19
      13
      21
      12
      19
      17
      12
      28
      12
      11
      20
      22
      13
      15
      14
      23
      22
      16
      15
       7
      23
      11
       9
      11
      18
      16
      16
      12
      16
      23
      22
      21
      22
      15
      16
      21
      22
      20
      17
      21
      15
      11
      11
      15
       9
      17
      18
      14
      14
      18
      17
      15
      14
      14
      12
      21
      29
       9
      21
       7
      20
      13
      14
      16
      10
      20
      18
      11
      16
      16
      22
      15
      18
      19
      14
      10
      21
      19
       9
      19
      23
      26
      13
      16
      20
      18
      19
      16
      19
      15
      16
      12
      18
      10
      21
      15
      15
      10
      21
      11
      16
      14
      16
      23
      12
      15
      10
      14
      13
      18
      10
      13
      11
      19
      15
      25
       9
      14
      16
      18
      21
      15
      20
      15
      11
      14
      15
      18
      26
      17
      18
      10
      18
      14
      12
      18
      23
      19
      18
      16
      18
      21
      13
      23
      12
      14
      20
      13
      14
       8
      15
      22
      10
      22
      21
      20
      22
      15
      11
      14
      17
      15
      19
      11
       9
      13
      17
      16
      17
      16
      25
      25
      14
      18
      17
      17
      15
      14
      13
      22
      16
      24
      19
      18
      18
      18
      18
      17
      17
       9
      16
      15
      22
      14
      18
      20
      10
      11
      14
      16
      18
      11
      18
      17
       9
      12
      17
       9
      20
      21
      16
      22
      13
      11
      16
      18
      19
      22
      16
      15
      12
      21
      12
      16
      14
      16
      15
      15
      17
      11
      11
      15
      14
      14
      17
      12
      17
      15
      15
      23
      19
      16
      23
      12
      22
      17
      14
      12
      10
      19
      17
      13
      15
      23
      16
      17
      13
      12
      21
      17
      20
      19
      17
      22
      15
      14
       9
      22
      18
       9
      15
      20
      13
      12
      11
      20
      17
      22
      20
      13
      10
      15
      11
      11
      24
      20
      13
      15
      13
      14
      15
      16
      17
      15
      21
      22
      13
      21
      24
      22
      14
      14
      23
      15
      20
      18
       7
      16
      19
      19
      17
      16
      12
      11
      13
      15
      13
       7
      18
      17
      13
      12
      16
      19
      13
      13
      16
      21
      14
      14
      16
      23
      16
      23
      14
      15
       5
      13
      18
      10
      17
      18
      23
      12
      18
      20
      16
      20
      11
       7
      16
      19
      12
      17
      17
       9
      16
      11
      19
      16
      11
       9
      17
      13
      15
      13
      15
      12
      21
      13
      16
       7
      13
      14
      11
       8
      19
      11
      13
      16
      12
      16
      12
       9
       8
      19
      11
       8
      20
      12
       7
      11
       8
       9
      12
      13
      11
      12
      17
      17
      12
      14
       9
       8
       8
       3
      11
      15
      11
      14
       8
      14
      16
      18
      12
       8
      15
       9
       8
      16
      10
      11
      14
      10
       9
      16
      14
      14
       8
       8
       8
       8
      10
      12
      12
      10
       4
      10
      13
       9
       9
      12
      14
       9
      12
       8
       7
      14
       8
       8
       5
      14
       6
       7
      10
       9
       8
      13
       8
      15
      15
       8
       8
      11
       8
       8
      11
       9
      13
       6
      11
      11
      15
      11
       9
      13
      15
      17
      14
      12
      21
      17
      19
      18
      18
      21
      30
      29
      21
      17
      15
      23
      16
      10
      20
       8
      13
      10
       9
      16
      13
      12
      20
      11
      11
       9
      12
       9
      12
       7
      10
      10
       4
      16
      16
      10
      13
       9
      13
      12
      11
      10
      10
       9
       9
      15
      10
       4
       8
       6
      15
       5
      14
      10
       8
      10
       3
       8
       7
      11
       9
      17
      13
       5
      10
      10
       6
       5
      10
      11
       8
      12
      11
       5
      11
       3
       9
       8
      11
       4
       6
      15
      16
       5
      11
       9
      10
       8
       6
       9
       6
       8
      12
       9
       7
      10
      14
       6
       9
       9
      10
      11
       3
       7
       9
      11
      12
      13
       9
      10
       6
       8
      18
      17
      21
      16
      18
      18
      18
      13
       8
      13
      14
       9
      11
      13
      10
       7
       9
       8
       6
       9
       3
       5
       4
       5
       4
       8
       6
       4
       7
       8
      12
       4
       6
       8
       7
       3
       6
       2
       5
       7
       4
       7
       5
       1
       6
       5
       8
       6
       3
       4
       7
       1
       4
       5
       6
       5
       5
       6
      11
       3
       4
       3
       5
       7
       9
       4
       7
       3
       8
       7
       4
       8
       8
       6
       4
      10
       7
       5
       9
       2
       9
       7
       7
       5
       8
       7
       5
       4
       3
       7
       4
       6
       3
       6
       5
       6
       2
       3
       4
       4
       6
       7
       4
       4
       9
       5
       5
       2
       3
       5
       6
       4
       4
       6
       5
       7
       9
       6
       8
       6
       0
       1
       6
       2
       5
       7
       2
       4
       3
       5
       2
       8
       6
       8
       6
       3
       1
       3
       0
       3
       8
       7
       5
       4
       1
       9
       6
       2
       2
       7
       4
       2
       6
       4
       2
       4
       5
       5
       3
       4
       4
       7
       7
       4
       6
       3
       5
       5
       4
       1
       4
       5
       4
       1
       6
       3
       3
       6
       5
       4
       3
       1
       2
       4
       2
       2
       4
       6
       0
       4
       3
       2
       0
       3
       5
       2
       4
       5
       3
       6
       4
       7
       2
       2
       3
       1
       3
       1
       1
       5
       0
       6
       3
       1
       4
       4
       2
       3
       3
       3
       5
       2
      10
       3
       4
       3
       3
       2
       2
       4
       2
       6
       6
       2
       2
       3
       2
       2
       1
       3
       4
       3
       3
       1
       3
       6
       1
       4
       0
       1
       6
       0
      10
       5
       2
       4
       5
       8
       4
       3
       3
       4
       3
       2
       2
       4
       5
       5
       3
       4
       6
       4
       3
       3
       3
       4
       3
       8
       5
       6
       4
       5
       5
       1
       2
       2
       3
       4
       5
       3
       1
       2
       1
       1
       2
       4
       6
       2
       2
       1
       2
       3
       4
       4
       7
       3
       2
       1
       1
       4
       5
       2
       2
       4
       4
       0
       3
       5
       4
       3
       3
       1
       4
       3
       3
       2
       2
       3
       2
       0
       2
       3
       2
       6
       2
       4
       3
       1
       5
       7
       1
       3
       4
       4
       3
       2
       6
       2
       6
       5
       5
       2
       3
       2
       2
       2
       5
       4
       5
       7
      10
      12
      18
      21
      30
      27
      34
      60
      68
     102
     120
     154
     177
     237
     247
     291
     297
     348
     332
     286
     272
     219
     176
     140
      92
      63
      51
      28
      28
      16
      14
       8
       4
       6
       2
       8
       5
       3
       2
       4
       3
       3
       2
       0
       5
       2
       6
       5
       6
       2
       4
       6
       6
       2
       3
       3
       2
       2
       4
       4
       7
       2
       2
       3
       5
       2
       3
       5
       4
       5
       1
       6
       1
       4
       3
       6
       5
       9
       3
       1
       3
       3
       2
       1
       2
       2
       1
       5
       3
       2
       3
       1
       1
       2
       3
       3
       2
       2
       2
       7
       2
       3
       1
       6
       4
       1
       3
       5
       2
       3
       4
       5
       2
       4
       3
       1
       4
       3
       3
       4
       3
       3
       1
       5
       4
       1
       2
       1
       5
       2
       3
       0
       0
       0
       5
       1
       4
       0
       3
       7
       2
       2
       4
       3
       3
       2
       5
       1
       1
       6
       2
       3
       4
       3
       2
       2
       4
       2
       1
       2
       1
       1
       4
       1
       3
       1
       4
       2
       4
       7
       3
       3
       2
       4
       1
       2
       4
       3
       0
       4
       1
       0
       5
       4
       5
       2
       3
       6
       4
       1
       1
       2
       2
       3
       3
       3
       4
       4
       3
       1
       2
       4
       3
       3
       3
       3
       0
       5
       2
       1
       1
       3
       5
       1
       3
       2
       2
       6
       1
       1
       2
       4
       2
       2
       4
       5
       0
       2
       2
       5
       2
       0
       3
       3
       1
       3
       0
       2
       1
       1
       2
       0
       2
       4
       0
       2
       0
       2
       1
       3
       3
       1
       0
       1
       0
       1
       1
       1
       1
       0
       1
       2
       3
       2
       0
       1
       3
       5
       3
       1
       1
       1
       3
       0
       1
       1
       2
       4
       0
       2
       0
       2
       1
       1
       3
       2
       2
       2
       3
       1
       2
       2
       1
       2
       3
       4
       2
       1
       3
       3
       3
       6
       3
       4
       1
       3
       2
       2
       7
       4
       5
       3
       2
       2
       3
       3
       1
       2
       2
       2
       3
       3
       0
       2
       2
       2
       1
       0
       5
       3
       3
       1
       3
       1
       1
       1
       1
       2
       7
       1
       0
       2
       3
       2
       2
       1
       1
       1
       2
       1
       2
       1
       1
       2
       3
       1
       3
       2
       3
       1
       1
       0
       3
       3
       1
       2
       2
       3
       3
       1
       0
       3
       0
       3
       0
       3
       4
       1
       3
       3
       2
       1
       1
       1
       2
       0
       0
       1
       1
       3
       4
       1
       2
       2
       2
       1
       1
       1
       0
       2
       0
       2
       0
       2
       2
       1
       0
       1
       1
       0
       2
       3
       0
       2
       0
       1
       2
       2
       3
       1
       2
       3
       1
       4
       2
       0
       1
       0
       1
       2
       1
       1
       0
       2
       1
       1
       1
       1
       2
       1
       1
       1
       1
       1
       1
       0
       2
       0
       1
       1
       1
       0
       3
       1
       2
       0
       2
       1
       1
       4
       1
       1
       1
       2
       4
       0
       1
       2
       3
       0
       1
       1
       0
       2
       1
       1
       1
       1
       4
       1
       2
       1
       0
       3
       0
       2
       2
       1
       2
       0
       0
       0
       1
       1
       3
       0
       2
       2
       0
       1
       1
       2
       2
       3
       1
       2
       1
       1
       2
       1
       2
       1
       2
       2
       2
       0
       1
       0
       2
       1
       1
       1
       2
       3
       1
       1
       1
       1
       1
       1
       0
       4
       0
       1
       1
       1
       0
       1
       4
       0
       1
       4
       4
       3
       3
       4
       5
       4
       3
       1
       3
       0
       4
       3
       4
       6
       2
       1
       4
       1
       4
       4
       1
       0
       0
       1
       1
       1
       1
       2
       3
       2
       1
       1
       1
       2
       0
       2
       1
       4
       1
       0
       1
       4
       3
       0
       2
       0
       1
       0
       1
       1
       0
       0
       1
       1
       1
       3
       0
       1
       3
       0
       3
       0
       3
       2
       0
       1
       1
       0
       1
       2
       1
       2
       1
       2
       4
       0
       3
       1
       2
       1
       3
       0
       0
       0
       1
       1
       1
       0
       1
       0
       0
       1
       1
       1
       1
       2
       3
       3
       2
       4
       1
       1
       0
       3
       2
       2
       0
       1
       2
       0
       1
       4
       1
       1
       1
       0
       0
       4
       1
       2
       1
       2
       1
       0
       0
       2
       0
       3
       0
       0
       2
       1
       0
       0
       0
       1
       2
       0
       2
       1
       0
       1
       1
       3
       1
       1
       0
       0
       0
       0
       0
       1
       1
       3
       0
       2
       2
       0
       3
       3
       2
       2
       0
       1
       2
       1
       3
       0
       1
       1
       1
       0
       0
       0
       0
       0
       2
       0
       1
       2
       0
       1
       1
       2
       1
       1
       0
       3
       0
       2
       0
       1
       0
       0
       1
       0
       1
       2
       1
       2
       3
       1
       1
       1
       1
       1
       0
       1
       0
       0
       0
       1
       0
       1
       2
       0
       0
       0
       0
       2
       4
       1
       0
       1
       1
       0
       0
       2
       0
       3
       1
       0
       2
       2
       4
       2
       0
       2
       0
       0
       2
       1
       1
       0
       0
       1
       2
       2
       0
       1
       2
       1
       2
       1
       2
       0
       1
       0
       0
       0
       0
       1
       0
       1
       1
       0
       1
       1
       2
       1
       2
       1
       2
       1
       1
       0
       0
       1
       4
       0
       1
       0
       1
       0
       0
       1
       1
       2
       2
       0
       4
       1
       3
       4
       2
       1
       1
       7
       0
       2
       0
       1
       0
       1
       4
       0
       1
       4
       1
       0
       2
       1
       1
       2
       0
       0
       2
       0
       1
       1
       2
       2
       1
       2
       0
       1
       1
       0
       3
       3
       0
       1
       3
       2
       1
       1
       1
       0
       1
       0
       3
       2
       1
       3
       2
       1
       1
       2
       1
       2
       0
       1
       5
       2
       2
      11
       8
       5
       4
       6
       5
       3
       4
       4
       0
       0
       0
       0
       0
       0
       0
       0
       0
       0
       0
       0
       0
       0
       0
       0
       0
       0
       0
       0
       0
       0
       0
       0
       0
       0
       0
       0
       0
       0
       0
       0
       0
       0
       0
       0
       0
       0
       0
       0
       0
       0
       0
       0
       0
       0
       0
       0
       0
       0
       0
       0
       0
       0
       0
       0
       0
       0
       0
       0
       0
       0
       0
       0
       0
       0
       0
       0
       0
       0
       0
       0
       0
       0
       0
       0
       0
       0
       0
       0
       0
       0
       0
       0
       0
       0
       0
       0
       0
       0
       0
       0
       0
       0
       0
       0
       0
       0
       0
       0
       0
       0
       0
       0
       0
       0
       0
       0
       0
       0
       0
       0
       0
       0
       0
       0
       0
       0
       0
       0
       0
       0
       0
       0
       0
       0
       0
       0
       0
$ROI:
0
$PRESETS:
None
0
0
$ENER_FIT:
0.000000 0.383922
$MCA_CAL:
3
0.000000E+000 3.839219E-001 0.000000E+000 keV
$SHAPE_CAL:
3
0.000000E+000 0.000000E+000 0.000000E+000
