$SPEC_ID:
Cs137
$SPEC_REM:
DET# 2
DETDESC# DETECTOR 2
AP# Maestro Version 7.01
$DATE_MEA:
02/14/2017 20:59:34
$MEAS_TIM:
1285 1357
$DATA:
0 8191
       0
       0
       0
       0
       0
       0
       0
       0
       0
       0
       0
       0
       0
       0
       0
       0
       0
       0
       0
       0
       0
       0
       0
       0
       0
       0
       0
       0
       0
       0
       0
       0
       0
       0
       0
       0
       0
       0
       0
       0
       0
       0
       0
       0
       0
       0
       0
       0
       0
       0
       0
       0
       0
       0
       0
       0
       0
       0
       0
       0
       0
       0
       0
       0
       0
       0
       0
       0
       0
       0
       0
       0
       0
       0
       0
       0
       0
       0
       0
       0
       0
       0
       0
       0
       0
       0
       0
       0
       0
       0
       0
       0
       0
       0
       0
       1
     110
    1267
    2034
    2095
    2003
    2076
    2069
    2091
    2116
    2046
    2134
    2084
    2076
    2047
    2144
    2197
    2141
    2181
    2202
    2212
    2142
    2197
    2239
    2202
    2237
    2260
    2310
    2303
    2208
    2268
    2178
    2146
    2255
    2170
    2164
    2158
    2077
    2116
    2033
    1994
    2011
    2029
    2014
    2033
    2060
    1991
    2041
    2061
    2020
    2108
    2071
    2012
    2071
    2190
    2212
    2268
    2220
    2259
    2336
    2343
    2322
    2378
    2328
    2411
    2346
    2336
    2408
    2412
    2352
    2403
    2407
    2373
    2438
    2411
    2434
    2431
    2473
    2462
    2444
    2533
    2466
    2587
    2542
    2684
    2617
    2706
    2751
    2746
    2819
    2922
    3155
    4392
    7191
    9800
    8038
    5308
    4484
    7324
   12895
   14598
   10013
    5377
    3406
    2832
    2683
    2551
    2539
    2445
    2416
    2402
    2381
    2399
    2391
    2314
    2373
    2312
    2402
    2389
    2410
    2366
    2475
    2653
    3542
    5267
    6659
    6499
    4748
    3418
    2770
    2954
    3444
    3781
    3596
    2971
    2675
    2587
    2560
    2642
    2618
    2819
    2912
    3008
    3139
    3203
    3341
    3313
    3438
    3351
    3407
    3358
    3298
    3318
    3235
    3243
    3162
    3204
    3224
    3203
    3151
    3120
    3277
    3124
    3184
    3154
    3260
    3310
    3116
    3252
    3289
    3352
    3380
    3331
    3205
    3365
    3405
    3317
    3363
    3406
    3415
    3311
    3444
    3341
    3316
    3440
    3271
    3322
    3259
    3236
    3205
    3078
    3102
    3166
    3101
    2995
    2974
    3012
    3015
    2885
    2945
    2872
    2867
    2857
    2856
    2604
    2651
    2619
    2630
    2642
    2642
    2542
    2544
    2461
    2506
    2444
    2433
    2371
    2346
    2290
    2348
    2280
    2359
    2279
    2296
    2215
    2327
    2420
    2250
    2261
    2214
    2225
    2248
    2238
    2255
    2289
    2260
    2150
    2283
    2212
    2234
    2271
    2120
    2248
    2228
    2273
    2253
    2314
    2572
    3435
    6131
    8998
    8503
    5549
    3278
    2571
    2283
    2353
    2188
    2209
    2225
    2173
    2180
    2190
    2074
    2065
    2113
    2064
    2109
    2288
    4397
   15665
   51381
  100571
  110078
   68370
   27319
   10851
    6327
    4343
    3604
    3154
    3005
    2749
    2430
    2206
    2072
    2062
    2018
    1939
    1925
    1949
    1979
    2007
    1915
    1993
    1954
    1935
    1984
    1888
    2006
    2020
    2059
    1988
    1877
    2064
    1971
    2015
    1966
    1982
    2057
    1993
    2071
    2131
    2302
    2283
    2153
    2092
    2035
    2077
    2065
    2060
    1916
    1934
    2013
    1924
    1975
    1893
    1959
    1951
    1950
    2028
    1982
    1955
    1969
    1993
    2000
    2009
    2040
    2044
    2036
    2012
    2118
    2036
    2081
    2102
    2078
    2075
    2151
    2276
    2240
    2212
    2334
    2456
    2406
    2371
    2409
    2458
    2426
    2424
    2519
    2456
    2466
    2524
    2577
    2374
    2565
    2525
    2400
    2536
    2484
    2445
    2515
    2456
    2442
    2476
    2471
    2479
    2384
    2474
    2439
    2404
    2405
    2340
    2470
    2356
    2447
    2419
    2477
    2452
    2278
    2461
    2344
    2495
    2355
    2414
    2301
    2249
    2347
    2359
    2311
    2280
    2383
    2320
    2326
    2269
    2309
    2396
    2230
    2239
    2361
    2306
    2230
    2291
    2305
    2318
    2262
    2208
    2399
    2312
    2345
    2295
    2226
    2359
    2369
    2213
    2270
    2403
    2341
    2334
    2400
    2403
    2336
    2359
    2396
    2365
    2397
    2409
    2446
    2351
    2400
    2458
    2394
    2359
    2316
    2297
    2406
    2351
    2387
    2380
    2468
    2407
    2456
    2389
    2385
    2297
    2354
    2333
    2433
    2350
    2352
    2335
    2283
    2266
    2342
    2296
    2313
    2316
    2325
    2341
    2238
    2261
    2309
    2334
    2367
    2296
    2302
    2328
    2258
    2243
    2279
    2254
    2220
    2252
    2135
    2196
    2123
    2191
    2083
    2304
    2210
    2118
    2147
    2233
    2092
    2087
    2172
    2128
    2170
    2098
    2165
    2051
    2158
    2096
    2122
    2046
    2221
    2147
    2072
    2121
    2101
    2190
    2050
    2102
    2146
    2109
    2204
    2122
    2273
    2565
    2579
    2387
    2141
    2083
    2140
    2057
    2074
    2015
    2041
    2105
    2030
    2004
    2060
    2026
    2146
    2018
    2076
    1926
    2006
    2027
    1959
    1952
    1922
    1968
    1964
    1961
    1952
    1934
    1840
    1905
    1950
    1872
    1952
    1995
    1894
    1867
    1933
    1921
    1897
    1922
    1894
    1980
    1793
    1962
    1880
    1844
    1905
    1871
    1954
    1877
    1923
    1889
    1921
    1837
    1898
    1908
    1854
    1900
    1879
    1871
    1996
    1862
    1845
    1763
    1865
    1871
    1811
    1870
    1917
    1912
    1833
    1806
    1803
    1828
    1925
    1784
    1843
    1866
    1843
    1841
    1765
    1874
    1808
    1828
    1823
    1796
    1888
    1795
    1877
    1789
    1786
    1801
    1818
    1903
    1943
    1835
    1844
    1779
    1928
    1845
    1812
    1896
    1802
    1887
    1799
    1899
    1785
    1882
    1867
    1872
    1863
    1826
    1932
    1788
    1824
    1788
    1860
    1817
    1831
    1926
    1876
    1828
    1847
    1851
    1921
    1842
    1775
    1804
    1898
    1855
    1823
    1814
    1855
    1880
    1855
    1850
    1918
    1801
    1891
    1852
    1818
    1829
    1808
    1860
    1846
    1850
    1794
    1875
    1846
    1891
    1967
    1883
    1783
    1867
    1869
    1858
    1864
    1881
    1928
    1916
    1917
    1863
    1912
    1854
    1935
    1896
    1861
    1969
    1798
    1895
    1942
    1901
    1907
    1865
    1860
    1875
    1834
    1864
    1905
    1862
    1924
    1905
    1846
    1951
    1910
    1922
    1867
    1866
    1839
    1887
    1953
    1996
    1952
    1950
    1901
    1989
    1966
    1939
    1896
    2004
    1897
    2039
    1909
    1983
    1912
    1929
    1929
    1973
    1912
    2003
    2058
    2005
    1938
    1980
    1954
    2016
    1960
    1941
    1982
    2024
    1969
    1916
    2020
    1947
    1954
    1908
    1888
    1992
    1979
    1980
    1982
    1876
    1933
    1905
    1898
    1996
    2086
    1950
    1957
    1972
    2012
    2027
    2081
    2149
    2114
    1989
    2099
    1963
    2003
    1926
    1963
    1979
    1941
    2001
    1923
    2015
    1991
    2042
    1876
    1926
    2048
    1988
    1937
    1839
    1889
    1945
    1865
    1781
    1823
    1758
    1774
    1733
    1775
    1715
    1634
    1645
    1699
    1539
    1611
    1571
    1530
    1481
    1478
    1444
    1385
    1431
    1438
    1411
    1385
    1352
    1357
    1349
    1317
    1304
    1331
    1275
    1335
    1220
    1311
    1262
    1233
    1342
    1247
    1191
    1275
    1267
    1241
    1268
    1173
    1170
    1253
    1186
    1176
    1182
    1167
    1155
    1224
    1248
    1130
    1193
    1190
    1173
    1114
    1118
    1193
    1102
    1127
    1147
    1162
    1136
    1072
    1085
    1122
    1132
    1112
    1106
    1148
    1024
    1094
    1177
    1105
    1152
    1057
    1066
    1080
    1048
    1076
    1118
    1046
    1128
    1270
    1590
    2009
    2321
    2195
    1758
    1331
    1138
    1047
    1044
    1022
    1042
    1046
    1067
    1032
     965
    1066
     987
     996
     929
     954
     991
     969
     983
    1089
    1481
    2188
    3186
    3528
    3203
    2245
    1506
    1110
    1005
    1033
     993
     947
     915
     927
     925
     956
     869
     879
    1031
    1168
    1751
    3286
    5110
    6432
    5565
    3625
    2129
    1321
    1111
     985
     983
     907
     922
     853
     842
     979
     850
     893
     847
     823
     826
     812
     785
     811
     783
     865
     793
     782
     827
     795
     805
     786
     771
     737
     768
     767
     786
     741
     796
     767
     754
     704
     736
     764
     711
     750
     723
     719
     731
     763
     730
     692
     704
     723
     658
     696
     729
     747
     694
     709
     755
     742
     694
     684
     660
     731
     682
     695
     672
     701
     703
     650
     710
     647
     656
     696
     674
     695
     695
     704
     667
     645
     620
     700
     673
     679
     676
     647
     639
     656
     621
     658
     685
     645
     680
     705
     623
     676
     605
     613
     641
     613
     649
     655
     666
     622
     638
     602
     618
     645
     623
     639
     653
     653
     688
     651
     673
     637
     695
     622
     684
     635
     643
     633
     651
     692
     638
     631
     599
     636
     661
     628
     625
     633
     649
     620
     639
     661
     615
     644
     614
     670
     625
     593
     653
     598
     674
     608
     632
     649
     634
     649
     623
     614
     625
     616
     584
     604
     601
     587
     644
     616
     634
     618
     599
     606
     620
     605
     572
     621
     596
     597
     581
     631
     589
     650
     607
     651
     588
     650
     633
     623
     584
     630
     618
     598
     640
     705
     767
     866
     880
     804
     689
     631
     629
     660
     575
     599
     608
     563
     622
     641
     574
     598
     566
     519
     621
     575
     553
     573
     643
     616
     589
     596
     590
     580
     575
     605
     535
     617
     595
     548
     597
     593
     591
     585
     646
     606
     568
     582
     612
     599
     600
     602
     629
     567
     616
     585
     568
     599
     541
     617
     622
     681
     670
     646
     656
     583
     644
     710
     977
    1809
    3181
    4609
    5363
    4457
    2886
    1679
    1089
     810
     667
     671
     628
     581
     578
     580
     580
     585
     575
     568
     595
     592
     595
     572
     581
     560
     582
     564
     551
     558
     574
     607
     565
     574
     575
     570
     561
     613
     601
     664
     570
     626
     625
     668
     609
     667
     657
     586
     566
     585
     582
     577
     598
     626
     625
     637
     684
     663
     713
     735
     833
     946
    1304
    1936
    3228
    5431
    9093
   15100
   23288
   33613
   44264
   53557
   57270
   55184
   47438
   37043
   26937
   17696
   11786
    7503
    4772
    3094
    2195
    1689
    1291
    1045
     954
     825
     789
     801
     854
     919
     955
     864
     730
     650
     634
     589
     615
     560
     607
     602
     602
     591
     551
     606
     591
     597
     640
     616
     609
     623
     650
     622
     650
     646
     623
     586
     592
     592
     545
     509
     548
     550
     535
     502
     539
     514
     534
     511
     534
     533
     516
     537
     511
     522
     518
     507
     549
     517
     512
     501
     533
     537
     576
     507
     494
     496
     521
     538
     494
     521
     513
     483
     549
     521
     504
     497
     510
     539
     478
     546
     522
     529
     504
     536
     496
     497
     528
     564
     491
     566
     526
     488
     507
     467
     515
     479
     542
     522
     497
     489
     519
     548
     467
     479
     536
     507
     478
     524
     490
     497
     496
     545
     520
     520
     546
     480
     454
     525
     532
     501
     543
     558
     572
     579
     539
     554
     488
     478
     532
     522
     495
     474
     515
     509
     508
     483
     536
     561
     614
     735
     880
     882
     819
     698
     616
     534
     574
     564
     510
     534
     512
     517
     527
     493
     499
     493
     530
     489
     513
     526
     489
     505
     515
     477
     474
     529
     484
     489
     516
     493
     486
     503
     526
     495
     574
     515
     528
     486
     565
     519
     479
     557
     557
     536
     540
     551
     496
     545
     547
     535
     544
     561
     522
     502
     535
     517
     540
     570
     513
     511
     525
     505
     506
     550
     515
     545
     494
     552
     517
     482
     569
     517
     496
     472
     542
     584
     509
     498
     530
     571
     508
     529
     506
     489
     536
     569
     533
     534
     532
     542
     573
     553
     576
     568
     497
     496
     543
     530
     527
     518
     492
     537
     518
     517
     524
     546
     543
     557
     542
     548
     513
     512
     539
     513
     522
     542
     539
     521
     577
     513
     516
     521
     572
     590
     513
     525
     551
     545
     558
     562
     564
     558
     545
     593
     526
     540
     513
     534
     501
     518
     538
     564
     583
     576
     562
     551
     535
     539
     533
     568
     514
     558
     539
     557
     541
     545
     536
     528
     530
     524
     543
     516
     500
     566
     542
     547
     559
     566
     532
     531
     546
     529
     553
     549
     544
     569
     555
     561
     544
     543
     536
     549
     577
     549
     580
     588
     588
     538
     535
     556
     586
     532
     585
     578
     547
     534
     588
     592
     550
     535
     575
     563
     549
     577
     613
     613
     601
     571
     610
     627
     609
     666
     754
     693
     840
     914
     928
     924
     899
     910
     772
     852
     690
     678
     645
     599
     587
     582
     561
     618
     626
     662
     751
     866
     820
     756
     656
     637
     659
     567
     607
     599
     593
     572
     574
     570
     630
     583
     644
     587
     591
     588
     546
     604
     594
     588
     622
     655
     539
     587
     582
     620
     590
     615
     651
     595
     589
     621
     640
     596
     635
     609
     636
     623
     623
     615
     649
     611
     591
     633
     616
     607
     646
     622
     661
     648
     612
     640
     618
     634
     611
     648
     691
     671
     681
     700
     655
     634
     672
     717
     701
     717
     680
     685
     666
     649
     665
     634
     615
     655
     664
     626
     660
     673
     617
     644
     630
     668
     636
     630
     649
     640
     617
     655
     623
     669
     675
     660
     664
     674
     649
     643
     634
     667
     644
     677
     685
     699
     673
     659
     650
     625
     630
     634
     673
     612
     652
     658
     675
     636
     615
     670
     619
     664
     606
     636
     620
     631
     660
     613
     624
     616
     573
     611
     588
     587
     622
     568
     548
     569
     588
     532
     585
     565
     543
     526
     559
     597
     544
     552
     509
     496
     492
     527
     504
     512
     517
     504
     484
     503
     494
     469
     542
     505
     562
     511
     562
     515
     513
     490
     469
     480
     510
     531
     517
     579
     537
     535
     484
     466
     469
     429
     474
     480
     506
     459
     473
     454
     461
     475
     480
     471
     472
     471
     481
     472
     473
     451
     474
     452
     447
     460
     441
     454
     453
     495
     428
     481
     443
     460
     426
     428
     446
     459
     437
     487
     438
     405
     428
     448
     409
     482
     438
     543
     523
     579
     567
     571
     514
     477
     455
     428
     424
     405
     421
     445
     410
     415
     419
     438
     401
     401
     445
     395
     447
     423
     413
     439
     424
     449
     423
     375
     394
     410
     418
     395
     436
     457
     433
     491
     495
     506
     459
     462
     494
     452
     410
     395
     394
     410
     424
     387
     412
     415
     391
     389
     390
     380
     412
     439
     484
     590
     623
     740
     864
     763
     633
     536
     482
     424
     411
     438
     387
     386
     387
     381
     381
     379
     362
     408
     350
     414
     363
     372
     368
     351
     403
     402
     397
     381
     407
     410
     449
     509
     611
     759
     848
     827
     700
     557
     518
     410
     398
     377
     346
     391
     362
     356
     345
     364
     385
     376
     374
     364
     361
     364
     358
     376
     340
     374
     348
     364
     395
     381
     359
     416
     344
     384
     368
     351
     350
     317
     357
     320
     357
     336
     327
     335
     310
     352
     342
     318
     362
     331
     334
     331
     325
     363
     371
     364
     316
     336
     346
     341
     352
     339
     322
     360
     329
     328
     293
     368
     358
     369
     362
     318
     310
     329
     348
     347
     349
     381
     329
     313
     366
     348
     370
     342
     375
     367
     401
     380
     388
     351
     352
     328
     364
     353
     379
     316
     335
     322
     360
     318
     362
     320
     335
     331
     325
     302
     352
     362
     332
     363
     368
     351
     309
     351
     363
     353
     355
     335
     319
     338
     316
     352
     364
     333
     351
     357
     352
     391
     431
     519
     543
     629
     612
     552
     495
     380
     355
     329
     361
     350
     370
     336
     361
     347
     322
     340
     326
     353
     322
     330
     346
     345
     317
     373
     365
     336
     348
     366
     329
     337
     372
     333
     337
     302
     333
     340
     353
     364
     357
     321
     343
     339
     374
     337
     316
     345
     335
     365
     352
     359
     363
     389
     341
     339
     374
     332
     404
     379
     419
     439
     453
     414
     381
     373
     363
     335
     361
     346
     334
     360
     378
     339
     340
     344
     365
     352
     362
     374
     346
     370
     337
     375
     389
     342
     358
     317
     320
     335
     359
     378
     336
     381
     360
     360
     368
     355
     342
     353
     345
     361
     339
     404
     356
     369
     418
     371
     380
     348
     360
     394
     400
     393
     361
     385
     387
     398
     375
     385
     394
     381
     378
     380
     399
     359
     383
     351
     370
     412
     385
     374
     380
     388
     384
     383
     387
     378
     367
     435
     395
     362
     409
     369
     374
     383
     401
     383
     422
     409
     390
     361
     399
     374
     384
     419
     387
     384
     387
     388
     432
     392
     418
     513
     615
     652
     773
     844
     740
     700
     574
     447
     417
     400
     389
     412
     397
     442
     378
     406
     410
     374
     408
     414
     451
     483
     457
     446
     456
     416
     453
     434
     437
     428
     392
     408
     410
     421
     377
     432
     427
     401
     491
     411
     402
     468
     505
     600
     857
    1533
    2701
    5062
    8664
   13890
   19285
   22190
   21400
   16790
   11207
    6089
    3265
    1800
    1181
     934
     760
     674
     671
     556
     516
     492
     469
     463
     414
     429
     441
     443
     421
     407
     423
     391
     417
     439
     390
     378
     359
     346
     361
     353
     359
     351
     339
     353
     364
     340
     348
     336
     360
     329
     306
     284
     314
     303
     297
     303
     296
     336
     304
     332
     257
     305
     272
     291
     283
     264
     275
     316
     404
     510
     600
     853
    1104
    1205
    1214
    1003
     778
     564
     454
     311
     315
     277
     310
     290
     281
     280
     273
     253
     263
     285
     262
     267
     249
     259
     251
     266
     217
     232
     258
     248
     276
     270
     249
     257
     243
     236
     266
     275
     252
     283
     235
     257
     248
     246
     242
     245
     287
     211
     262
     255
     241
     252
     221
     242
     270
     261
     262
     232
     246
     247
     235
     257
     237
     206
     238
     241
     211
     227
     236
     250
     231
     233
     245
     259
     237
     275
     248
     225
     227
     234
     214
     205
     222
     279
     231
     220
     224
     217
     191
     235
     226
     257
     208
     250
     249
     221
     213
     227
     221
     202
     221
     222
     211
     214
     205
     184
     216
     214
     231
     210
     232
     223
     225
     216
     204
     194
     220
     216
     183
     214
     224
     198
     208
     219
     203
     194
     218
     217
     201
     189
     194
     209
     209
     214
     218
     211
     196
     207
     227
     215
     195
     183
     192
     205
     202
     186
     194
     223
     212
     215
     180
     185
     202
     219
     196
     190
     178
     181
     169
     181
     208
     182
     206
     174
     178
     189
     196
     184
     171
     204
     186
     198
     170
     177
     144
     168
     159
     173
     173
     180
     172
     172
     184
     156
     178
     165
     159
     155
     169
     174
     170
     156
     162
     193
     151
     168
     160
     146
     158
     150
     168
     155
     148
     156
     188
     153
     145
     148
     164
     164
     152
     144
     140
     140
     145
     136
     159
     154
     173
     157
     141
     163
     154
     149
     163
     154
     148
     162
     139
     172
     168
     153
     144
     137
     156
     150
     133
     144
     163
     154
     149
     146
     139
     134
     146
     135
     161
     126
     150
     124
     133
     139
     146
     124
     142
     136
     134
     129
     124
     138
     131
     108
     125
     127
     126
     131
     123
     133
     122
     115
     141
     138
     140
     129
     120
     126
     119
     134
     125
     144
     106
     122
     137
     146
     142
     133
     117
     116
     126
     147
     118
     108
     134
     143
     123
     128
     128
     130
     133
     124
     131
     130
     113
     123
     149
     133
     165
     176
     163
     151
     158
     143
     118
     120
     133
     126
      93
     133
     117
     124
     139
     129
     132
     130
     123
     123
     135
     115
     119
     117
     127
     105
     104
     105
     104
      93
     116
     109
     118
     115
     113
      96
     129
     121
     122
     125
     117
     115
     119
     118
     135
     128
     104
     126
      94
      93
     121
     125
     105
     108
     123
     122
     111
     130
     123
     117
     117
     111
     117
     103
     135
     118
     100
      97
     117
     102
      92
     110
     120
     124
     108
     106
     126
     121
      94
     119
     100
     135
     106
     126
     124
     123
     114
     119
     140
     110
     118
     114
      95
     117
     117
     115
     122
     115
     110
     129
     130
     136
     163
     197
     238
     267
     250
     266
     220
     208
     180
     168
     119
     133
     136
     107
     110
     122
     113
     118
     116
     110
     114
     118
     127
     108
     108
     115
     141
      99
     104
     118
     111
     107
     102
     110
     114
     112
      95
     109
     112
     106
     109
     102
     118
     127
      94
     117
     104
     119
     123
     116
     105
     125
     107
     115
     125
      98
     117
     111
     110
     127
     130
     129
     119
     107
     119
      91
     100
     152
      98
     121
     118
     108
     105
     140
     125
     119
     126
     121
     125
     107
     127
     104
     118
     118
     111
     110
     119
     114
     104
     129
     164
     151
     200
     265
     370
     710
    1350
    2286
    3967
    6324
    9553
   12824
   15253
   15289
   13116
    9714
    6042
    3437
    1794
     947
     606
     444
     335
     254
     208
     177
     174
     141
     159
     119
     123
     135
     138
     114
     139
     130
     126
     130
     123
     125
     128
     131
     113
     118
     115
     122
     120
     152
     140
     139
     136
     153
     180
     181
     200
     163
     161
     155
     135
     123
     120
     144
     101
     118
     116
     100
     101
     104
     117
     116
      90
     118
     101
      92
     108
     107
     111
     101
      87
     115
     105
      97
     101
     101
     106
     115
      88
      93
     105
     104
      97
     110
      85
      97
     102
     111
     109
     100
     110
     133
     138
     153
     169
     173
     149
     154
     118
     134
     124
     111
     112
     114
     118
     102
      90
     105
     105
      76
     113
      99
     100
     109
     101
     101
     102
     100
     108
     116
      87
      87
     110
     106
     103
     101
      99
      87
     100
     100
      98
      79
     102
     105
      84
     103
     105
     105
      88
     110
      88
     104
      85
      82
     100
      98
      94
      96
     102
      83
      94
      93
      98
      94
      98
     104
      99
      91
      76
     103
      96
     110
     109
      87
      99
      72
      93
      99
     108
     106
      94
     102
      97
     105
     108
     106
      86
      97
      83
      88
     100
      86
     110
     103
     113
     110
     112
     137
     141
     175
     128
     154
     136
     139
     103
     102
     101
     124
     104
     102
     104
     117
     108
     121
     105
     118
     121
      89
      85
      92
      97
      88
      80
      93
      82
      84
      98
      91
      85
     109
      96
      98
      73
     101
      93
      92
     113
      90
      97
      87
      89
      85
      73
      86
      90
      83
      84
      90
     107
      84
      94
      99
     102
      97
      95
      98
      85
      85
      94
      84
      92
      86
      80
      79
      98
     111
      98
      99
     109
     105
      94
     100
     104
     103
      94
      98
      85
     106
      93
     114
      96
      78
     102
      86
      91
      89
      87
      97
     101
     102
      85
      77
     101
      89
      91
      86
      89
      97
      95
      86
      89
      96
      88
     102
      78
      99
     102
      81
      89
      85
      80
      84
      99
      75
      83
      85
     100
      90
      96
      90
      82
      85
      85
     101
      78
     106
      93
      85
      71
     103
      92
      90
      89
      99
      85
      99
      88
      98
      84
      86
      83
      88
      91
      68
      96
      88
      87
      85
      74
      78
      77
      88
      72
      89
      67
      86
      84
      85
      75
     106
      66
      92
      75
      77
      92
      68
      87
      92
      92
      72
      77
     111
      85
      96
     119
      99
     116
     150
     160
     239
     303
     358
     357
     370
     332
     272
     181
     140
     112
      87
      97
      82
      81
     115
      96
      90
      79
      89
      60
      88
      85
      75
      88
      92
      89
      87
      90
      64
      77
      92
      81
      79
      75
      94
      87
      83
      85
      68
      78
      81
      74
      69
      82
      87
      79
      63
      89
      89
      95
      79
      78
      86
      85
      68
      67
      92
      67
      68
      80
      73
      73
      97
     119
     134
     159
     204
     226
     273
     304
     378
     398
     416
     376
     382
     257
     241
     165
     149
     116
     123
      97
     109
     100
     104
      98
     105
      86
      95
      85
      67
      80
      83
      86
      78
     105
      92
     101
      98
      86
      80
      97
      82
      93
      96
     103
      98
      80
      88
      98
     100
      86
      86
      75
      86
      76
     103
      88
      83
      93
      93
      84
      83
      86
     100
      77
      95
      90
      82
      81
      81
      85
      76
      85
      85
      85
      88
      77
      90
      86
      87
      87
      79
      84
     100
      88
      90
      83
     102
      98
      95
      83
      83
      85
      91
      81
      87
      80
      90
      79
      86
      88
     101
      94
      92
      94
      92
      97
      73
      91
      84
      99
      95
      98
      63
     102
      78
      85
      95
      85
      79
      83
      90
      96
      88
     108
      86
      83
      79
      84
      60
      83
      91
      72
      71
      80
      75
      85
      71
     101
      79
     103
      92
     103
      84
      96
      78
      78
      86
      93
      93
      84
      67
      87
      90
      96
      83
      97
      83
      72
      82
      99
      73
      88
      86
      61
     107
     108
      83
      98
      88
      79
      72
      96
      79
      84
      97
      96
      77
      85
      83
      95
      75
      90
      88
      99
      91
      89
      91
      83
     116
     134
     148
     201
     259
     361
     477
     643
     770
     821
     822
     698
     552
     416
     260
     200
     151
     123
     101
     102
     111
      90
      99
      95
      95
      79
     100
     100
      97
      86
      97
     100
      99
      84
      87
      78
      89
      86
      89
      92
      89
      93
      86
      90
      88
      85
      83
      82
      88
      93
      95
      81
      78
      85
      80
      95
     101
      87
      92
      81
      74
      84
      96
      97
      63
      97
      75
      66
      98
      68
      81
      82
      79
      86
      69
      92
      76
      96
      80
      63
      94
      77
      91
      86
      74
      94
      84
      89
      87
     107
      64
      87
      96
     102
      86
      94
      95
      92
      98
      75
      79
      98
      76
      78
      79
      77
      90
      79
      96
      84
      97
      75
      76
     101
      76
      78
      83
      85
      88
      81
      91
      77
     100
      91
      95
      82
      95
      79
      98
     104
      96
      96
      82
      95
      88
      80
      77
      93
     112
     105
      77
      87
      91
      92
      88
      87
      82
      87
      86
      88
      96
      82
      99
      92
      89
     102
     101
      85
      77
      76
      83
      84
      79
      71
      99
      87
      88
      95
      81
      83
      90
      80
      81
      90
      90
      65
      77
      99
      77
      88
      85
      72
      87
      87
      98
      82
      78
      98
      84
      81
      99
      72
      87
      89
      74
      83
      94
      84
      90
      97
      72
      81
      87
      88
      78
      94
      91
      84
      84
      71
      85
      92
      87
      76
      94
     106
      97
      80
      97
      77
      92
      69
     100
      75
      68
     107
     103
      72
      89
      86
      74
      77
      80
      92
      78
      88
      87
      78
      72
      93
      92
      86
      89
      78
      86
      66
      85
      63
      79
      66
      85
      82
      73
      95
      80
      86
      89
      83
      81
      94
      77
      87
      92
      83
      84
      91
      89
      83
      88
      97
     106
     121
     124
     118
     151
     156
     126
     138
     120
     110
      89
      99
      79
      88
     101
      95
      93
      88
      60
      70
      86
      88
      86
      82
      86
      95
      69
      69
      80
      67
      89
      98
      89
      82
      83
      68
      91
      72
      68
      84
      89
      83
      80
      76
     104
      91
      74
      81
      74
      95
      88
      81
      72
      65
      87
      84
      75
      92
      91
      97
      60
      74
      77
      89
      85
      89
      81
      80
      87
      75
      85
      83
      71
      93
      82
      57
      80
      76
      67
      96
      77
      85
      82
      67
      64
      80
      68
      94
      94
      73
      79
      71
      66
      76
      57
      69
      76
      85
      79
      65
      80
      76
      66
      73
      72
      82
      63
      93
      76
      91
      86
      89
      75
      85
      87
      81
      85
      68
      80
      89
      87
      81
      75
     103
      82
      89
      75
      88
      81
      83
      70
      79
      73
      90
      72
      82
      89
      73
      86
      77
      87
      90
      83
      76
      87
      79
      90
      83
      78
      95
      80
      72
      91
      71
      79
      74
      95
      83
      88
      83
      87
      80
      81
      70
      77
      86
      82
      92
      67
      77
      88
      87
     108
      69
      79
      79
      82
      79
      88
      56
      86
      90
      75
      90
      80
      80
      87
      93
      75
      96
      89
      70
      72
      76
      72
      94
      81
      81
      76
      80
      83
      81
      91
      80
      68
      81
      69
      87
      75
      76
      88
      92
      67
      87
      82
      81
      80
      82
      98
      97
      64
      79
      80
      67
      94
      72
      63
      70
      82
      97
      89
      82
      86
      70
      88
      70
      77
     102
      82
      80
      85
      78
      63
      70
      72
      75
      76
      92
      80
      95
      93
      92
      81
      79
      72
      70
      87
      83
      85
      83
      79
      85
      90
      70
      79
      85
      85
      87
      89
      80
      91
      97
     104
     113
     113
     121
     125
     122
     129
     114
     110
     102
      93
      88
      92
      94
      81
      78
     104
      73
      76
      80
      97
      81
      90
      88
      88
      77
      69
      87
      76
      80
      93
      74
      88
      79
      83
      92
      72
      99
      85
      85
      87
      73
      76
      93
      83
      84
      87
      84
      70
      58
      96
      88
      71
      81
      90
      95
     102
      94
      76
      84
      79
      90
      82
      86
      92
      95
      83
      86
      94
     101
      88
     101
      99
      79
      80
      88
      94
     114
      68
      82
      89
      95
      92
      84
      79
      99
      86
      98
      94
      92
      92
      92
      95
     109
     127
     146
     180
     231
     238
     303
     320
     327
     335
     247
     189
     179
     116
     120
      97
     103
     104
      93
      83
      74
      99
     107
     102
      87
      75
      91
     101
      83
      90
     105
      92
      86
      84
     120
     106
     105
      72
      82
      78
      80
      89
      89
      84
      90
      88
      86
      94
      79
      97
      76
      80
      98
      91
     100
      94
      92
     108
      79
     104
      77
      86
     114
      98
      88
     107
     104
      83
      87
     111
     112
     101
     102
      95
     122
     137
     140
     157
     142
     142
     139
     156
     139
     167
     129
      97
      97
     108
      90
      90
      88
      97
      81
      96
      86
      85
      90
      80
      85
      89
      78
      98
      89
      82
      92
      79
      86
      90
      73
      81
      74
      91
      90
      77
      89
      77
      85
      70
      94
      97
      94
      87
      94
     110
     102
     111
     109
     137
     114
     117
     145
     122
      99
     110
      88
      92
      82
      88
      81
      95
      79
      88
      95
      87
     101
      89
      91
      85
      88
      85
      81
      71
      89
      86
      85
      69
      80
      86
      81
      76
      80
      87
     102
     113
      96
     108
      94
     145
     122
     133
     159
     172
     152
     178
     175
     153
     146
     126
     103
     103
      98
      83
      93
     116
      80
      91
      90
      82
      73
      81
      75
      86
      83
      93
      72
      82
      67
      89
      95
      75
      95
      95
      80
      70
      85
      95
      70
      86
     103
      76
      93
      69
      93
      94
      96
      82
      91
      71
      74
      81
      78
      74
      99
      92
      80
      82
      80
     103
      74
      87
      92
      82
      94
      82
      67
      88
      97
      87
      86
      71
      77
      91
      77
      80
      87
      79
      84
      84
      91
      91
      86
      79
      81
      85
      90
      85
      86
      76
      63
      76
      96
      83
     102
      83
     100
     110
     105
     109
     113
     117
     159
     183
     169
     173
     161
     136
     124
     128
     134
     171
     131
     137
     116
     131
     105
      91
      98
      80
      89
     105
      86
      80
      90
     101
      68
      90
      85
      76
      86
      86
     102
      68
      87
      84
      82
      88
      74
      84
      89
      89
      87
      96
      77
     100
      93
     101
     104
      79
     108
     115
      96
     119
     110
     140
      92
     100
      91
      86
      92
     101
      89
     110
      67
      86
      81
      86
      97
      88
      92
      82
      85
     113
      96
      78
      94
      95
      96
      95
      87
      89
      76
     100
      83
      96
      74
     109
     123
      94
      95
     103
      72
      86
      80
      75
      90
      90
      93
      85
      95
     109
      96
      91
      98
     105
      81
      83
      81
     108
      77
      79
      90
      83
      87
     107
      84
      90
      75
      94
     101
      95
      90
      81
      90
      93
      78
      87
      86
     100
      76
      97
      96
      95
      96
      76
      90
      94
      87
      88
      81
      81
      92
     100
      91
      96
      83
      90
      84
      96
      75
      85
     103
      87
      90
      89
      95
      88
     101
      91
      86
     106
      79
      80
      70
      78
     101
      93
      95
      84
      85
      88
      94
      97
      91
      99
      96
      96
      91
      90
      83
      90
     107
      79
      77
      93
     105
      82
      91
      88
      79
      76
     101
      95
      97
      89
      86
      94
     102
      81
      83
      80
      96
     113
      88
      97
      80
      94
      97
      89
     105
      93
      99
      89
      99
     104
      97
      86
      90
      86
      92
     100
      88
     105
      84
      90
     107
      99
      75
      82
     100
      82
      92
      86
     106
      90
     118
     118
     134
     123
     148
     185
     183
     223
     261
     342
     401
     405
     451
     497
     492
     490
     461
     413
     361
     323
     288
     203
     182
     179
     141
     130
     116
     107
     107
      98
      98
     108
      99
     117
     106
     109
      85
     119
      92
     101
     122
     115
      95
      92
     107
     129
      93
     123
      90
      92
      96
     104
     107
     104
     117
     105
     107
     117
      93
      90
      86
     120
      93
      96
      94
     108
     105
     102
      93
     108
      97
      95
      99
     112
      93
     104
     105
     102
     115
      93
     112
     118
     121
     103
     113
     103
     132
     118
     118
     132
     120
      90
     101
     100
     108
     114
      99
     111
     116
     112
     125
     117
     134
     138
     140
     168
     161
     166
     183
     155
     145
     123
     137
     105
     123
     103
      88
     108
     110
     113
     113
     112
     120
      92
      99
     125
     109
     113
     103
     115
     121
     111
     122
     111
      98
     107
     114
     125
     105
     120
      96
     104
      97
      90
     101
     101
     119
     111
     108
     120
      96
     111
     127
     110
     126
      98
     109
     120
     103
     116
      89
     119
     121
     111
     110
     103
     112
     112
     107
     106
      97
     108
     106
     112
     115
     106
      96
     107
     102
      99
      89
     107
      99
     122
     107
      94
     104
     117
     119
     106
     102
     132
     115
     116
     106
     108
     105
      90
     108
      98
     118
     114
     113
      92
     124
     103
     120
     121
     103
     109
     115
     124
     114
     102
     126
     111
     117
     104
     126
     112
     117
     110
     120
      99
     119
     106
     127
     101
      95
     116
     123
     114
     124
     121
     112
     121
     107
     113
     129
     109
     110
     121
     116
     125
     119
      99
     125
     119
     119
     104
     121
     130
     113
     122
     115
     101
     108
     111
     121
     122
     124
     123
     131
     117
     139
     115
     143
     117
      96
     111
     115
     110
     130
     124
     106
     135
     116
     128
     127
     129
     124
     124
     146
     148
     163
     189
     197
     196
     225
     225
     200
     211
     194
     180
     150
     128
     135
     131
     124
     130
     142
     114
     125
     127
     125
     116
     121
     125
     105
     109
     118
     128
     160
     110
     135
     113
     126
     115
     116
     157
     115
     141
     136
     137
     111
     120
     153
     112
     140
     128
     127
     128
     125
     131
     137
     130
     138
     120
     110
     134
     142
     138
     119
     143
     113
     126
     115
     139
     131
     132
     131
     103
     128
     124
     161
     140
     132
     126
     125
     115
     126
     135
     117
     108
     124
     133
     128
     116
     129
     122
     127
     119
     142
     143
     116
     137
     133
     131
     137
     124
     133
     145
     130
     138
     116
     141
     126
     126
     141
     145
     141
     144
     119
     133
     128
     111
     113
     132
     125
     124
     146
     149
     131
     135
     129
     117
     141
     127
     115
     115
     129
     120
     101
     131
     125
     129
     107
     116
     122
     138
     121
     147
     116
     109
     129
     114
     138
     139
     129
     114
     121
     134
     118
     145
     124
     137
     125
     118
     111
     114
     141
     141
     126
     135
     112
     108
     130
     130
     132
     117
     137
     131
     116
     144
     132
     120
     120
     114
     114
     132
     125
     118
     117
     122
     135
     150
     145
     149
     170
     138
     135
     169
     157
     172
     196
     184
     173
     167
     173
     153
     146
     134
     129
     129
     136
     128
     137
     142
     139
     138
     147
     165
     146
     129
     118
     129
     138
     115
     148
     115
     137
     145
     129
     131
     147
     117
     136
     140
     131
     143
     133
     140
     145
     156
     159
     152
     135
     126
     122
     155
     140
     125
     144
     159
     139
     140
     142
     137
     137
     129
     120
     138
     135
     131
     122
     130
     148
     128
     126
     136
     141
     146
     142
     149
     131
     135
     150
     139
     135
     109
     134
     121
     142
     147
     157
     146
     163
     137
     145
     135
     143
     131
     118
     119
     123
     150
     151
     144
     149
     148
     133
     152
     146
     153
     157
     146
     130
     135
     128
     131
     149
     141
     146
     133
     132
     148
     134
     155
     133
     143
     144
     152
     148
     130
     135
     126
     165
     131
     152
     138
     150
     154
     161
     150
     139
     145
     132
     153
     161
     141
     140
     125
     153
     129
     160
     146
     158
     147
     123
     166
     145
     157
     154
     128
     148
     160
     142
     157
     139
     146
     136
     129
     138
     169
     133
     168
     148
     144
     134
     145
     139
     147
     120
     143
     143
     148
     180
     142
     143
     168
     158
     165
     149
     176
     163
     159
     157
     182
     153
     165
     141
     176
     166
     129
     187
     134
     150
     155
     164
     148
     147
     146
     129
     141
     150
     168
     143
     132
     162
     117
     159
     128
     164
     187
     160
     145
     152
     180
     159
     155
     152
     169
     136
     142
     147
     147
     155
     171
     161
     134
     155
     159
     170
     157
     141
     153
     144
     146
     142
     148
     145
     143
     160
     183
     151
     150
     118
     138
     134
     140
     163
     130
     160
     140
     169
     154
     135
     166
     140
     187
     142
     129
     159
     131
     159
     143
     148
     134
     169
     160
     122
     129
     143
     146
     120
     114
     108
     131
     115
     127
     137
     112
     117
     112
     130
     112
     115
     110
     102
     113
      98
     116
     109
      96
      82
     104
     106
     118
     105
     113
     100
     102
      95
     102
      98
     121
     116
     106
     100
      83
     104
      91
      94
     120
     106
     106
     100
     104
      90
      88
      97
     107
     108
      87
     107
      97
      90
     102
      88
     104
      93
      85
      84
      97
      97
      79
      99
      84
      77
     109
      88
      93
     103
      82
     113
      84
      82
      84
     112
      96
      82
      67
      86
      72
     107
      86
      96
      89
      79
      94
      94
      85
      92
      88
      80
      92
      85
      94
      79
      80
      85
      92
      78
      77
      87
      87
      78
      88
     100
      96
      94
      83
      83
     102
      88
      79
      92
      95
      85
      95
      94
      67
      91
      80
      65
      73
      77
      74
      82
      88
      86
      85
     100
      83
      85
      81
     107
      76
      73
      85
      90
      77
      84
      90
      90
      72
      78
      70
      77
      81
      66
      76
      67
      78
      75
      83
      84
      76
      84
      73
      68
      78
      92
      71
      83
      75
      90
      83
      71
      66
      86
      76
      82
      91
      77
      86
      75
      79
      67
      70
      70
      81
      50
      66
      67
      54
      71
      71
      80
      69
      68
      57
      66
      68
      77
      69
      76
      66
      60
      65
      79
      70
      65
      64
      59
      67
      58
      54
      76
      68
      62
      53
      60
      76
      75
      59
      60
      54
      65
      54
      74
      57
      57
      60
      67
      78
      53
      67
      62
      58
      47
      63
      58
      51
      75
      60
      62
      60
      57
      57
      52
      55
      62
      65
      72
      86
      90
     110
     125
     136
     137
     225
     269
     372
     442
     573
     682
     829
     989
    1088
    1210
    1112
    1096
     887
     686
     479
     389
     240
     153
     134
      85
      68
      60
      61
      46
      45
      42
      51
      57
      36
      48
      46
      50
      43
      49
      35
      37
      38
      38
      34
      35
      42
      48
      42
      49
      34
      37
      53
      32
      47
      53
      34
      36
      30
      43
      40
      49
      31
      40
      39
      28
      29
      46
      31
      24
      41
      39
      35
      36
      23
      33
      33
      19
      27
      36
      31
      26
      42
      33
      26
      32
      34
      36
      26
      28
      21
      28
      22
      29
      28
      31
      22
      29
      31
      30
      46
      37
      39
      43
      40
      45
      46
      67
      63
      68
      59
      64
      58
      53
      34
      50
      33
      15
      22
      25
      22
      23
      18
      19
      33
      19
      15
      20
      24
      18
      14
      25
      13
      19
      25
      30
      23
      13
      22
      15
      25
      17
      25
      24
      16
      12
      17
      21
      26
      23
      27
      25
      32
      26
      23
      46
      41
      38
      36
      37
      58
      56
      44
      50
      52
      38
      55
      45
      33
      23
      38
      21
      22
      22
      26
      21
      26
      25
      24
      26
      19
      24
      10
      15
      15
      16
      22
      14
      21
      14
      18
      19
      14
      19
      13
      22
      15
      19
      22
       9
      19
      15
      20
      22
      16
      23
      13
      22
      27
      17
      18
      14
      22
      21
      20
      14
      13
      24
       9
      17
      22
      17
      22
      14
      12
      24
      27
      18
      17
      19
      26
      18
      21
       9
      18
      16
      23
      15
      15
      18
      14
      20
      14
      23
      26
      17
      18
      14
      13
      13
      25
      19
      22
      22
      20
      12
      11
      33
      17
      17
      20
      18
      20
      13
      12
      12
      18
      11
      19
      14
       9
      12
      14
      17
      25
      18
      14
      11
      11
      10
      10
      21
      17
      20
      17
      15
      13
      14
      17
      10
      23
       7
      20
      24
      19
      19
      12
      15
      20
      15
      11
      15
      15
      17
      28
      16
      21
      20
      21
      21
      16
      15
      19
      22
      18
      23
      14
      24
      32
      15
      19
      16
      14
      21
      15
      20
      16
      15
      15
      19
      14
      21
      17
      16
      24
      21
      11
      20
      26
      25
      22
      37
      28
      48
      53
     104
     138
     209
     275
     335
     503
     622
     863
    1119
    1420
    1948
    2481
    3158
    3705
    4159
    4664
    4773
    4572
    4173
    3527
    2648
    1923
    1345
     826
     547
     347
     234
     154
     109
      71
      57
      40
      41
      41
      27
      23
      21
      25
      28
      28
      33
      21
      18
      18
      11
      20
      13
      17
      18
      19
      20
      18
      20
      18
      25
      19
      14
      17
      11
      11
      12
      11
      11
      17
      13
      12
      16
      17
      15
      12
      16
      10
       9
      18
      11
      14
      12
      15
      14
      19
      17
      10
      13
      16
      15
       7
      11
      16
       7
      17
       8
      10
       6
      17
      15
      18
       4
      11
       7
      18
      12
      15
       7
      12
      16
       7
      13
      14
      13
       8
      11
      15
       5
      13
      11
       8
      16
       5
       9
      12
      14
      11
      15
      14
      12
      14
      13
      16
      11
       6
      14
      12
      13
      11
      12
      18
      17
      18
       8
      17
      14
      14
      14
       6
       7
       7
      13
      12
      11
      14
      17
       7
      14
      17
      11
      11
       8
      12
      12
       6
      12
      10
       9
      12
      11
      18
      10
       6
       8
      16
      15
       8
       9
      11
      20
      14
      11
       7
      10
      16
      20
      16
      11
      19
      12
      10
      10
       8
       5
      17
      14
       7
       9
      12
      21
      13
      14
      10
      10
       7
       8
      17
      14
      12
      11
      11
      15
      18
       8
      14
      15
      16
       9
      11
      10
      10
      13
      12
      11
       8
      11
       7
      11
      14
      11
       6
      10
      16
       8
      14
      14
      13
      10
       4
       8
      13
      10
      13
      16
      11
      14
       7
       9
      11
      12
      13
      11
      11
       6
      14
      14
      14
      18
       7
       8
      12
      14
       4
      13
       8
      10
      11
      16
      15
      19
       7
      15
       9
      17
       9
      10
      10
       5
      17
      12
      13
       9
      13
      18
       8
       9
      14
       8
      12
      14
       8
       3
      10
       5
      12
       9
      10
      11
       6
      15
      13
      13
      13
       9
      17
       9
       7
      12
      11
      11
      15
       8
      19
      10
      12
      14
       8
       9
       8
      12
       7
       6
       5
       9
      18
      12
      10
      10
      10
      11
      10
       9
       8
      11
      11
       5
       7
       9
      13
      12
      15
       9
      10
      12
      12
      12
       6
       4
      15
      13
      13
      13
       8
      18
       8
      16
      11
      14
       9
      16
      11
      11
      16
       8
      14
      11
      13
       8
       8
       9
       6
      13
      15
      11
      11
       9
       6
      10
       6
      18
       9
       8
      19
       9
       8
      10
      15
      16
      10
       9
      18
      12
      14
      17
      13
       8
      11
       7
       7
      11
      17
      16
      10
      10
      11
      15
       8
      14
       8
      13
      11
       8
      12
      10
      10
      18
      14
       7
       8
      12
      15
      10
       9
      19
       9
       9
       3
       4
      12
      17
      12
       9
       9
      10
       5
      12
       9
      11
       9
      14
      10
      11
      17
      10
       8
      11
      13
      16
      13
      11
      12
      10
      13
      14
      14
      10
       8
       9
      10
       9
      14
       9
      12
      12
       6
       8
      11
      13
       6
      18
      14
      14
      12
      11
       9
      14
      12
       9
      19
      16
      12
      11
      16
      10
      10
      15
      14
      13
      11
       9
       7
      14
      11
       9
      14
       6
      13
      11
      16
      12
       9
      13
      17
       9
      15
      16
      10
      13
      12
       9
       5
      14
      14
      15
       9
      12
      15
      10
      10
      14
      18
       7
      12
       8
       5
       8
      14
       9
      10
       8
      12
      12
      17
      15
      14
      15
       8
      11
      14
       8
      13
      10
       5
       7
      11
       7
      15
      11
       7
      10
      11
       7
       8
      11
      12
      11
       8
       5
      10
      10
      11
      10
       8
       6
       9
       6
       6
       9
       8
       6
       8
      10
       7
      11
      11
       8
       9
       1
       8
       6
      14
       6
       3
       6
       7
       5
       5
       5
       9
       8
       8
      12
       8
       7
      10
       6
       6
       8
      13
       6
       6
       5
      12
       6
       8
      12
      13
      11
       9
      12
       6
       9
       8
      12
       9
       9
      10
      11
       5
      12
       7
       5
       6
       7
      10
      10
       4
       9
       7
       4
       7
       5
       4
       6
       8
       6
       7
       9
      12
       4
       6
       7
      10
       8
       8
      13
       9
       5
       7
       8
       6
       3
       4
       6
       9
       8
       8
       7
       1
      10
       6
       5
       8
      14
       6
       8
       8
       6
      13
       6
       7
      12
       5
       5
       3
       9
       6
       7
       6
       5
       6
       5
       6
      11
       9
      11
       8
       3
       5
       4
       3
       5
       9
       7
       5
       7
       6
       7
       5
       4
       5
       6
       5
       8
       7
       5
       6
      10
       2
       2
       6
       5
       4
       8
       5
       7
       6
       8
       6
       9
       6
       9
       8
       5
       4
       5
       5
       9
       5
       3
       6
       5
       9
       9
       9
       8
      12
       6
       3
       3
       5
       8
       6
       7
       5
       3
       6
       6
       6
       2
       1
       6
      11
       5
       2
       5
       1
       4
       5
       2
       5
       8
       6
       5
       9
       4
       4
       5
       8
       4
       6
       1
       6
       5
       6
       4
       5
       1
       7
       3
      10
       7
       2
       6
       6
       3
       5
       7
       5
       7
       2
       7
       3
       4
       4
       6
       3
       5
       5
       5
       4
       1
       5
       3
       2
       4
       5
       6
       6
       3
      11
       7
       1
       4
       2
       6
       5
       4
       5
       4
       2
       4
       4
       2
       8
       2
       3
       2
       1
       5
       2
       5
       2
       7
       3
       1
       2
       2
       1
       6
       2
       4
       3
       3
       2
       3
       0
       6
       3
       0
       3
       3
       6
       5
       2
       2
       1
      11
       2
       5
       4
       2
       2
       2
       2
       2
       0
       3
       0
       4
       5
       2
       3
       1
       4
       2
       1
       1
       2
       5
       3
       2
       3
       3
       1
       1
       2
       5
       0
       2
       2
       3
       1
       3
       2
       3
       2
       3
       3
       1
       3
       5
       4
       3
       1
       5
       3
       3
       5
       4
       1
       2
       3
       2
       1
       5
       3
       1
       2
       2
       4
       3
       1
       2
       2
       0
       2
       2
       2
       3
       3
       1
       1
       3
       4
       2
       4
       2
       3
       2
       2
       4
       3
       2
       4
       1
       1
       3
       3
       2
       1
       1
       3
       3
       2
       0
       0
       2
       1
       2
       1
       4
       4
       0
       6
       3
       2
       8
       3
       4
       4
       2
       1
       2
       1
       3
       1
       3
       0
       6
       2
       3
       1
       2
       3
       1
       7
       4
       0
       1
       1
       2
       2
       4
       5
       3
       2
       1
       1
       6
       4
       4
       2
       1
       0
       4
       1
       1
       3
       2
       1
       3
       1
       2
       2
       1
       2
       0
       1
       0
       2
       4
       5
       4
       3
       1
       0
       0
       2
       3
       3
       0
       2
       2
       1
       2
       2
       1
       2
       2
       2
       1
       4
       2
       1
       0
       1
       2
       1
       2
       2
       0
       3
       2
       2
       2
       4
       2
       1
       2
       1
       2
       4
       1
       0
       3
       2
       3
       1
       2
       2
       0
       3
       2
       1
       3
       1
       2
       2
       2
       0
       4
       1
       1
       3
       1
       2
       2
       5
       1
       0
       2
       0
       2
       1
       1
       3
       3
       1
       2
       1
       2
       2
       0
       3
       2
       6
       0
       1
       1
       3
       3
       5
       0
       4
       3
       0
       2
       3
       2
       6
       4
       0
       2
       6
       4
       3
       5
       0
       1
       0
       5
       2
       7
       6
       6
      12
      11
       9
      12
      26
      29
      32
      30
      54
      59
      64
      97
     119
     131
     194
     215
     219
     263
     268
     226
     206
     213
     157
     119
     103
      68
      30
      20
      21
      13
      13
       5
       5
       4
       4
       3
       3
       1
       2
       1
       1
       1
       1
       0
       0
       2
       2
       1
       1
       6
       2
       0
       0
       0
       1
       0
       4
       1
       2
       2
       2
       0
       2
       2
       3
       1
       1
       3
       1
       0
       1
       2
       2
       0
       1
       2
       1
       0
       1
       4
       3
       1
       0
       1
       2
       2
       0
       1
       2
       2
       0
       4
       3
       1
       0
       2
       2
       0
       2
       1
       1
       0
       3
       0
       1
       2
       1
       1
       1
       1
       5
       1
       2
       2
       3
       1
       3
       0
       3
       2
       1
       2
       1
       0
       0
       3
       0
       0
       0
       0
       0
       1
       1
       0
       1
       1
       3
       2
       2
       3
       3
       1
       0
       5
       1
       0
       0
       2
       2
       1
       2
       2
       0
       3
       3
       1
       1
       3
       0
       4
       3
       0
       3
       1
       1
       1
       1
       1
       4
       1
       1
       1
       1
       3
       3
       0
       1
       2
       1
       0
       7
       2
       2
       0
       1
       0
       0
       2
       2
       0
       1
       0
       2
       1
       0
       1
       3
       2
       0
       1
       2
       3
       3
       4
       1
       2
       1
       0
       0
       2
       2
       1
       1
       2
       0
       1
       3
       2
       0
       1
       1
       1
       0
       1
       1
       1
       0
       2
       0
       1
       3
       2
       0
       1
       2
       0
       0
       0
       0
       2
       1
       1
       3
       1
       0
       0
       0
       0
       2
       2
       3
       0
       0
       0
       1
       3
       1
       2
       4
       0
       0
       2
       3
       3
       3
       1
       0
       0
       0
       0
       0
       1
       0
       0
       0
       0
       1
       0
       1
       0
       0
       0
       1
       2
       0
       0
       0
       1
       0
       1
       0
       1
       1
       1
       1
       2
       0
       3
       3
       0
       4
       2
       1
       0
       1
       0
       0
       2
       1
       1
       1
       2
       2
       3
       0
       0
       0
       1
       2
       0
       0
       2
       1
       0
       1
       0
       3
       0
       2
       0
       0
       3
       3
       3
       1
       1
       0
       1
       1
       1
       1
       1
       1
       0
       0
       0
       0
       1
       3
       0
       0
       1
       2
       1
       0
       0
       3
       2
       1
       0
       1
       1
       0
       0
       1
       3
       0
       0
       3
       0
       2
       1
       1
       0
       3
       3
       3
       2
       0
       0
       1
       0
       0
       0
       1
       0
       1
       0
       0
       1
       1
       0
       1
       1
       0
       1
       1
       1
       1
       1
       0
       2
       0
       0
       1
       1
       0
       1
       0
       1
       1
       1
       1
       0
       2
       0
       0
       2
       0
       1
       0
       1
       1
       1
       0
       1
       0
       2
       2
       2
       1
       0
       1
       1
       1
       1
       0
       0
       0
       0
       1
       2
       0
       0
       0
       2
       0
       1
       0
       1
       1
       2
       2
       2
       0
       0
       2
       1
       0
       0
       2
       1
       1
       2
       0
       1
       1
       2
       0
       3
       1
       1
       1
       0
       0
       1
       0
       1
       2
       0
       0
       1
       0
       0
       4
       0
       1
       1
       0
       1
       0
       0
       1
       0
       2
       0
       0
       0
       1
       0
       0
       0
       1
       3
       0
       0
       0
       1
       0
       1
       0
       0
       0
       1
       0
       0
       0
       1
       2
       2
       0
       0
       1
       1
       0
       1
       1
       0
       1
       1
       0
       1
       0
       1
       1
       1
       0
       0
       0
       2
       1
       0
       2
       0
       0
       1
       1
       1
       0
       0
       0
       0
       3
       0
       0
       1
       0
       2
       2
       0
       0
       0
       0
       0
       0
       1
       0
       4
       1
       0
       0
       0
       1
       0
       0
       1
       1
       0
       3
       1
       2
       0
       0
       0
       0
       0
       0
       0
       0
       0
       2
       1
       2
       2
       0
       2
       2
       1
       0
       2
       0
       0
       0
       1
       4
       0
       0
       2
       1
       0
       0
       1
       0
       0
       2
       1
       1
       0
       2
       0
       1
       2
       0
       1
       1
       1
       0
       0
       0
       0
       2
       0
       0
       0
       1
       0
       1
       0
       0
       1
       1
       0
       0
       0
       1
       0
       1
       1
       0
       1
       0
       2
       1
       0
       0
       0
       0
       1
       0
       0
       0
       0
       0
       0
       0
       1
       1
       0
       1
       0
       0
       0
       1
       1
       2
       0
       0
       0
       1
       1
       1
       0
       1
       0
       3
       1
       0
       0
       0
       1
       1
       0
       0
       1
       0
       0
       1
       1
       1
       0
       1
       1
       1
       1
       1
       1
       1
       0
       0
       1
       1
       1
       0
       2
       0
       1
       2
       0
       1
       0
       0
       1
       1
       0
       0
       0
       1
       0
       0
       1
       1
       1
       1
       0
       0
       0
       0
       1
       0
       2
       1
       0
       1
       1
       0
       0
       0
       1
       0
       2
       1
       1
       1
       2
       1
       1
       0
       1
       1
       0
       0
       0
       0
       0
       0
       0
       2
       0
       1
       0
       0
       0
       2
       3
       2
       0
       0
       1
       0
       1
       2
       1
       0
       0
       0
       1
       0
       0
       3
       0
       0
       0
       0
       1
       0
       0
       0
       0
       2
       1
       0
       0
       1
       0
       1
       0
       2
       0
       0
       1
       0
       0
       0
       0
       0
       2
       0
       2
       1
       0
       0
       1
       2
       1
       1
       4
       3
       0
       0
       1
       0
       1
       0
       0
       0
       0
       0
       0
       0
       0
       1
       1
       0
       0
       0
       0
       0
       0
       0
       2
       2
       0
       1
       1
       0
       0
       1
       0
       1
       1
       0
       0
       1
       0
       2
       1
       0
       2
       0
       1
       0
       2
       0
       0
       0
       1
       1
       0
       0
       0
       0
       1
       1
       0
       0
       1
       0
       1
       1
       0
       0
       0
       0
       1
       0
       1
       1
       0
       0
       0
       1
       1
       1
       0
       1
       1
       1
       1
       0
       0
       0
       0
       0
       0
       0
       0
       0
       0
       0
       0
       0
       0
       0
       0
       0
       0
       0
       0
       0
       0
       0
       0
       0
       0
       0
       0
       0
       0
       0
       0
       0
       0
       0
       0
       0
       0
       0
       0
       0
       0
       0
       0
       0
       0
       0
       0
       0
       0
       0
       0
       0
       0
       0
       0
       0
       0
       0
       0
       0
       0
       0
       0
       0
       0
       0
       0
       0
       0
       0
       0
       0
       0
       0
       0
       0
       0
       0
       0
       0
       0
       0
       0
       0
       0
       0
       0
       0
       0
       0
       0
       0
       0
       0
       0
       0
       0
       0
       0
       0
       0
       0
       0
       0
       0
       0
       0
       0
       0
       0
       0
       0
       0
       0
       0
       0
       0
       0
       0
       0
       0
       0
       0
       0
       0
       0
       0
$ROI:
1
2831 2841
$PRESETS:
Live Time
3600
0
$ENER_FIT:
0.000000 0.383922
$MCA_CAL:
3
0.000000E+000 3.839219E-001 0.000000E+000 keV
$SHAPE_CAL:
3
0.000000E+000 0.000000E+000 0.000000E+000
