$SPEC_ID:
Cs137
$SPEC_REM:
DET# 2
DETDESC# DETECTOR 2
AP# Maestro Version 7.01
$DATE_MEA:
02/17/2017 10:44:06
$MEAS_TIM:
11180 11211
$DATA:
0 8191
       0
       0
       0
       0
       0
       0
       0
       0
       0
       0
       0
       0
       0
       0
       0
       0
       0
       0
       0
       0
       0
       0
       0
       0
       0
       0
       0
       0
       0
       0
       0
       0
       0
       0
       0
       0
       0
       0
       0
       0
       0
       0
       0
       0
       0
       0
       0
       0
       0
       0
       0
       0
       0
       0
       0
       0
       0
       0
       0
       0
       0
       0
       0
       0
       0
       0
       0
       0
       0
       0
       0
       0
       0
       0
       0
       0
       0
       0
       0
       0
       0
       0
       0
       0
       0
       0
       0
       0
       0
       0
       0
       0
       0
       0
       0
       6
      61
     579
     897
     871
     907
     868
     893
     934
     876
     883
     838
     861
     833
     914
     894
     917
     902
     877
     883
     894
     898
     899
     897
     920
     932
     900
     896
     914
     940
     925
     917
     928
     918
     864
     975
     978
     949
     972
     953
     967
     952
     979
     984
     954
     988
    1009
     962
     957
     997
    1042
    1000
    1050
    1023
    1084
    1057
    1093
    1181
    1099
    1074
    1094
    1086
    1173
    1069
    1157
    1156
    1170
    1161
    1195
    1232
    1230
    1180
    1242
    1222
    1194
    1256
    1256
    1204
    1237
    1235
    1237
    1227
    1217
    1232
    1243
    1278
    1311
    1330
    1237
    1340
    1298
    1380
    1707
    3103
    4966
    4627
    2611
    1806
    2610
    5789
    8220
    5852
    2494
    1310
    1078
    1159
    1072
    1108
    1095
    1135
    1065
    1086
    1120
    1098
    1093
    1089
    1113
    1103
    1110
    1166
    1141
    1174
    1189
    1537
    2394
    3475
    3710
    2682
    1613
    1283
    1262
    1573
    1892
    1816
    1469
    1212
    1103
    1133
    1049
    1041
    1148
    1136
    1103
    1110
    1198
    1267
    1327
    1182
    1151
    1193
    1188
    1171
    1102
    1083
    1119
    1126
    1136
    1160
    1087
    1134
    1179
    1129
    1119
    1099
    1147
    1133
    1179
    1211
    1129
    1089
    1165
    1151
    1119
    1127
    1230
    1164
    1166
    1236
    1107
    1161
    1131
    1181
    1239
    1157
    1082
    1159
    1254
    1198
    1164
    1169
    1224
    1211
    1227
    1264
    1191
    1257
    1157
    1252
    1210
    1237
    1218
    1232
    1163
    1241
    1178
    1157
    1231
    1274
    1170
    1255
    1172
    1245
    1181
    1223
    1194
    1205
    1239
    1271
    1231
    1280
    1347
    1754
    2458
    2721
    2104
    1490
    1328
    1211
    1320
    1200
    1225
    1310
    1269
    1266
    1254
    1302
    1266
    1228
    1242
    1281
    1245
    1211
    1287
    1270
    1261
    1310
    1252
    1284
    1303
    1288
    1293
    1254
    1262
    1244
    1283
    1313
    1289
    1279
    1315
    1392
    1437
    1431
    1360
    1258
    1303
    1211
    1230
    1259
    1296
    1315
    1283
    1251
    1233
    1278
    1228
    1280
    1332
    1315
    1360
    1350
    1291
    1298
    1276
    1273
    1277
    1303
    1298
    1251
    1285
    1350
    1285
    1323
    1305
    1275
    1306
    1277
    1345
    1305
    1267
    1287
    1361
    1304
    1260
    1321
    1316
    1271
    1235
    1323
    1335
    1332
    1251
    1336
    1317
    1384
    1319
    1307
    1326
    1300
    1316
    1317
    1365
    1357
    1369
    1354
    1269
    1314
    1297
    1305
    1301
    1323
    1309
    1322
    1289
    1305
    1333
    1316
    1295
    1326
    1304
    1306
    1345
    1316
    1403
    1310
    1328
    1358
    1292
    1335
    1298
    1316
    1332
    1381
    1414
    1431
    1383
    1398
    1430
    1381
    1446
    1465
    1396
    1412
    1446
    1430
    1435
    1451
    1385
    1378
    1455
    1347
    1358
    1423
    1386
    1360
    1399
    1413
    1425
    1319
    1383
    1349
    1446
    1310
    1321
    1372
    1287
    1395
    1310
    1319
    1391
    1358
    1429
    1329
    1365
    1358
    1381
    1385
    1405
    1364
    1434
    1366
    1419
    1422
    1369
    1445
    1352
    1377
    1445
    1393
    1466
    1462
    1377
    1437
    1440
    1474
    1447
    1484
    1440
    1451
    1433
    1477
    1432
    1529
    1486
    1397
    1381
    1511
    1428
    1439
    1500
    1432
    1499
    1477
    1483
    1485
    1458
    1407
    1453
    1442
    1471
    1453
    1445
    1489
    1392
    1416
    1479
    1447
    1442
    1429
    1435
    1408
    1374
    1403
    1455
    1390
    1325
    1359
    1385
    1412
    1409
    1365
    1345
    1358
    1333
    1390
    1392
    1387
    1379
    1434
    1384
    1378
    1380
    1398
    1331
    1503
    1395
    1393
    1427
    1401
    1463
    1441
    1446
    1437
    1477
    1448
    1407
    1399
    1379
    1363
    1436
    1430
    1466
    1425
    1448
    1405
    1486
    1376
    1379
    1401
    1388
    1473
    1399
    1411
    1385
    1412
    1387
    1342
    1353
    1431
    1368
    1450
    1384
    1456
    1396
    1415
    1335
    1446
    1363
    1421
    1418
    1344
    1368
    1361
    1392
    1322
    1333
    1381
    1319
    1369
    1368
    1350
    1249
    1235
    1275
    1237
    1290
    1285
    1304
    1253
    1244
    1306
    1256
    1263
    1289
    1262
    1228
    1254
    1264
    1275
    1263
    1269
    1195
    1237
    1181
    1223
    1212
    1208
    1195
    1184
    1140
    1133
    1181
    1169
    1152
    1227
    1198
    1186
    1131
    1115
    1100
    1121
    1129
    1131
    1121
    1056
    1054
    1219
    1156
    1101
    1101
    1086
    1045
    1094
    1123
    1120
    1128
    1136
    1141
    1076
    1060
    1100
    1073
    1074
    1085
    1034
    1023
    1056
    1030
    1034
    1013
    1042
     972
     999
    1003
     928
     995
     981
    1023
    1021
    1007
     948
    1025
     969
    1047
     981
    1015
     948
     943
     952
     919
     954
    1023
     942
     949
     922
     908
     947
     943
     954
     947
     977
     955
     973
     908
     972
     920
     894
     956
     821
     966
     894
     876
     866
     876
     929
     904
     874
     921
     873
     950
     829
     904
     866
     876
     890
     883
     899
     882
     887
     823
     878
     817
     844
     881
     868
     853
     846
     834
     852
     811
     839
     870
     833
     832
     840
     857
     858
     849
     814
     868
     814
     776
     861
     791
     804
     795
     808
     829
     836
     839
     779
     828
     801
     878
     748
     826
     808
     840
     807
     880
     805
     870
     814
     819
     852
     796
     850
     847
     818
     811
     813
     817
     809
     789
     848
     861
     822
     774
     803
     857
     819
     776
     780
     794
     761
     825
     817
     776
     838
     769
     788
     802
     810
     804
     850
     834
     910
    1266
    2136
    3644
    4327
    3464
    1958
    1071
     827
     827
     790
     810
     761
     856
     765
     788
     834
     746
     807
     800
     786
     776
     797
     798
     773
     840
     791
     785
     759
     802
     820
     831
     828
     815
     789
     800
     794
     766
     820
     728
     767
     792
     761
     725
     771
     754
     742
     757
     782
     794
     787
     733
     764
     722
     685
     695
     714
     642
     649
     662
     689
     697
     646
     648
     609
     664
     640
     620
     670
     662
     779
     920
     964
     844
     712
     659
     569
     602
     652
     613
     596
     599
     595
     611
     626
     587
     574
     559
     585
     553
     579
     554
     620
     560
     522
     574
     511
     539
     579
     572
     553
     505
     575
     532
     566
     535
     540
     540
     543
     508
     548
     537
     528
     504
     522
     520
     532
     505
     522
     527
     546
     523
     548
     532
     511
     524
     487
     515
     513
     497
     547
     511
     480
     515
     485
     509
     502
     489
     501
     524
     489
     535
     463
     484
     468
     517
     473
     432
     488
     439
     450
     483
     454
     475
     432
     519
     487
     472
     459
     469
     475
     458
     446
     439
     485
     409
     472
     446
     478
     411
     437
     452
     448
     438
     405
     499
     422
     448
     450
     436
     424
     463
     439
     433
     485
     448
     410
     425
     433
     424
     411
     438
     453
     478
     420
     446
     413
     414
     415
     418
     447
     364
     401
     420
     440
     449
     458
     465
     413
     476
     481
     485
     489
     451
     444
     428
     412
     385
     402
     421
     424
     402
     398
     383
     394
     393
     392
     435
     374
     378
     364
     427
     388
     374
     385
     412
     399
     389
     404
     399
     390
     433
     449
     472
     424
     429
     421
     356
     360
     401
     388
     368
     401
     384
     389
     361
     391
     358
     369
     349
     342
     355
     363
     413
     378
     368
     352
     412
     383
     386
     370
     389
     368
     370
     357
     365
     340
     378
     354
     365
     364
     381
     342
     384
     378
     373
     351
     367
     379
     375
     370
     415
     382
     385
     342
     369
     347
     356
     399
     378
     366
     369
     375
     355
     348
     340
     366
     383
     384
     371
     417
     355
     392
     369
     363
     325
     364
     346
     375
     323
     343
     367
     325
     344
     373
     393
     346
     366
     381
     347
     372
     366
     316
     366
     363
     349
     387
     345
     355
     375
     365
     328
     350
     364
     411
     371
     319
     359
     362
     357
     363
     407
     335
     363
     350
     369
     349
     330
     375
     376
     370
     345
     368
     372
     327
     370
     381
     343
     367
     360
     354
     413
     325
     383
     359
     348
     331
     371
     387
     360
     371
     341
     328
     350
     354
     375
     359
     384
     359
     345
     366
     336
     376
     352
     317
     356
     394
     351
     339
     374
     403
     330
     349
     400
     355
     385
     351
     351
     349
     384
     458
     603
     869
    1136
    1153
     890
     625
     474
     362
     356
     318
     367
     353
     329
     356
     347
     361
     343
     383
     418
     409
     383
     399
     369
     347
     371
     366
     366
     363
     346
     349
     330
     369
     378
     375
     335
     349
     387
     367
     371
     350
     367
     333
     375
     341
     384
     366
     388
     390
     376
     368
     382
     381
     377
     399
     376
     349
     359
     355
     333
     404
     384
     376
     400
     406
     391
     387
     402
     447
     418
     405
     394
     363
     391
     379
     384
     399
     450
     394
     505
     532
     660
     860
    1205
    1884
    2846
    4505
    6803
    9685
   12679
   14999
   16301
   15608
   13466
   10324
    7202
    4841
    3111
    1933
    1298
     847
     603
     560
     420
     417
     355
     412
     382
     360
     334
     368
     354
     357
     409
     385
     401
     392
     363
     338
     383
     348
     358
     336
     343
     355
     370
     386
     326
     372
     370
     361
     370
     335
     361
     319
     362
     412
     376
     363
     379
     361
     353
     370
     377
     377
     346
     392
     353
     393
     393
     355
     386
     379
     385
     348
     368
     363
     381
     367
     336
     390
     374
     376
     384
     339
     365
     365
     333
     417
     385
     345
     375
     365
     377
     395
     360
     381
     396
     414
     362
     342
     366
     376
     360
     339
     392
     365
     363
     374
     375
     399
     380
     398
     390
     359
     351
     359
     348
     333
     333
     337
     364
     318
     349
     311
     336
     355
     322
     345
     310
     300
     319
     314
     295
     307
     307
     311
     283
     309
     282
     314
     305
     330
     297
     275
     336
     323
     324
     312
     277
     273
     291
     297
     332
     305
     287
     284
     283
     282
     263
     284
     307
     295
     319
     305
     265
     281
     297
     273
     262
     290
     299
     307
     266
     273
     287
     299
     286
     313
     326
     280
     286
     282
     270
     279
     267
     313
     268
     266
     280
     292
     272
     289
     295
     272
     305
     323
     293
     319
     286
     318
     313
     287
     290
     279
     296
     308
     293
     331
     323
     297
     285
     266
     259
     292
     287
     307
     284
     268
     289
     262
     293
     288
     272
     268
     266
     284
     250
     276
     281
     288
     269
     290
     296
     242
     257
     300
     282
     275
     259
     289
     299
     333
     334
     324
     332
     304
     279
     286
     282
     278
     277
     253
     257
     257
     260
     260
     291
     305
     285
     289
     274
     276
     280
     278
     281
     273
     286
     291
     301
     272
     271
     284
     278
     273
     268
     283
     281
     271
     283
     279
     262
     285
     255
     275
     255
     265
     324
     274
     255
     267
     275
     258
     303
     247
     260
     251
     264
     265
     275
     276
     283
     267
     274
     294
     293
     257
     282
     252
     237
     238
     285
     268
     239
     248
     262
     286
     284
     277
     254
     265
     284
     268
     247
     271
     274
     249
     252
     271
     253
     267
     261
     246
     275
     272
     267
     298
     243
     268
     241
     268
     309
     259
     245
     299
     255
     274
     269
     262
     261
     249
     253
     257
     257
     258
     234
     266
     236
     240
     266
     240
     286
     253
     243
     278
     305
     322
     336
     294
     288
     282
     253
     243
     282
     245
     245
     237
     254
     229
     240
     238
     225
     236
     251
     245
     218
     249
     251
     249
     229
     213
     265
     217
     231
     246
     209
     225
     226
     239
     223
     235
     229
     243
     220
     245
     249
     263
     241
     249
     214
     234
     249
     229
     224
     252
     250
     222
     258
     278
     273
     247
     218
     245
     265
     232
     244
     227
     265
     248
     256
     236
     211
     232
     259
     234
     193
     224
     237
     255
     253
     221
     230
     254
     232
     243
     222
     244
     235
     261
     257
     255
     243
     268
     267
     255
     246
     255
     246
     254
     248
     256
     259
     250
     246
     229
     238
     262
     245
     262
     245
     243
     260
     266
     238
     239
     264
     269
     248
     267
     231
     258
     230
     263
     254
     260
     247
     270
     248
     251
     254
     254
     257
     260
     243
     235
     242
     247
     242
     235
     267
     257
     234
     234
     235
     272
     252
     233
     241
     284
     260
     256
     280
     252
     249
     296
     269
     265
     263
     247
     253
     229
     270
     256
     258
     278
     274
     277
     257
     251
     258
     254
     251
     257
     275
     241
     257
     266
     246
     248
     234
     261
     270
     250
     275
     284
     274
     275
     258
     241
     254
     249
     280
     242
     271
     248
     257
     244
     274
     269
     247
     264
     254
     255
     269
     225
     267
     284
     256
     258
     257
     261
     289
     293
     283
     236
     262
     251
     231
     229
     247
     246
     250
     263
     262
     244
     270
     246
     256
     235
     249
     227
     243
     261
     224
     254
     251
     216
     202
     225
     212
     226
     195
     221
     212
     210
     208
     208
     195
     211
     214
     214
     257
     344
     677
    1465
    3041
    5853
    9535
   12196
   12852
    9817
    5703
    2628
     924
     422
     226
     159
     194
     167
     208
     166
     165
     181
     159
     166
     152
     178
     162
     179
     167
     170
     174
     154
     159
     177
     163
     151
     155
     162
     168
     154
     167
     153
     158
     145
     154
     164
     153
     145
     157
     159
     168
     172
     170
     128
     146
     152
     162
     167
     156
     168
     159
     169
     157
     166
     179
     143
     154
     161
     140
     167
     162
     169
     163
     174
     134
     152
     168
     165
     150
     149
     142
     147
     130
     169
     151
     125
     141
     134
     143
     145
     152
     128
     143
     162
     149
     156
     159
     141
     158
     150
     140
     130
     153
     150
     148
     150
     135
     129
     151
     142
     133
     141
     129
     126
     123
     145
     140
     136
     113
     132
     139
     152
     157
     140
     150
     150
     127
     132
     138
     151
     118
     117
     116
     126
     153
     143
     135
     136
     109
      99
     135
     135
     142
     123
     129
     144
     133
     127
     137
     143
     108
     119
     126
     125
     122
     128
     135
     106
      96
     115
     135
     146
     173
     144
     117
     122
     135
     108
     123
     134
     123
     106
     126
     117
     102
     119
     111
     123
      93
     137
     156
     157
     135
     131
     131
     127
     108
      95
     123
     110
     102
     105
     113
     121
     107
     103
     110
     119
     106
     117
     110
     123
     110
     107
     110
     108
     107
      97
     101
      93
     110
     110
     109
      85
     110
     105
      98
     114
      87
     100
      93
      98
      98
     109
      94
      97
     112
      89
      92
     106
     119
      99
      94
     102
     101
     126
     121
     139
     187
     357
     588
    1017
    1602
    2015
    2190
    1817
    1172
     593
     300
     146
     110
     102
      82
      95
      67
      96
      86
      92
     103
      89
      86
      93
      80
      88
      95
      81
     104
     101
     128
     184
     252
     499
     873
    1268
    1718
    1906
    1729
    1360
     928
     646
     435
     286
     170
      90
      94
      93
      90
      84
      96
      86
      88
      80
     102
      87
      80
      92
      86
      85
      90
      90
      90
     101
      84
      82
      70
      87
      91
      81
      92
      79
      84
      77
      88
      87
      84
      72
     109
      85
      76
      81
      93
      92
      81
      91
      73
      78
      76
      88
      90
      89
      81
      92
     101
      94
      84
      84
      87
      96
      81
      74
      83
      95
      89
      90
      91
      82
      97
     106
      83
      96
      98
      88
      95
      90
      80
      83
      85
      89
     102
      84
      89
      88
      83
      96
      93
      95
      98
      88
      80
      76
      78
      84
      94
      78
      78
      85
      84
      87
      90
      94
     104
      81
      90
      79
     103
     104
     102
      89
      94
      94
      94
     108
      70
      73
      92
      91
      80
      74
      86
      90
      78
      96
     100
      97
      84
      88
      86
     103
      86
     103
      95
     112
      92
      75
      86
      89
     103
      98
     104
      88
      83
      75
      96
      91
      87
      88
      85
      90
      76
      83
      78
      96
      85
      78
      90
      87
     107
      93
      87
      99
      91
      82
      88
      88
      74
      98
      92
     117
      98
     109
     102
     108
      90
      77
      93
      83
      90
      89
      90
      98
      72
      81
      89
      68
      75
      86
      97
      93
      95
      98
     107
     113
     123
     115
     124
     107
     124
     111
      83
     111
     107
      96
      87
      96
     105
      96
     102
     107
     109
     131
     201
     276
     422
     569
     741
     798
     723
     578
     446
     452
     735
    1314
    2526
    4495
    6865
    9047
   10063
    9025
    6211
    3467
    1585
     638
     210
     115
     101
      84
      96
      84
      73
      85
      84
      71
      84
     104
      89
     104
     116
     114
      97
     115
     122
     101
      97
      85
      91
      96
      99
      82
      97
     102
      76
      95
      94
      82
      93
      84
     102
      76
      81
      86
      79
      94
      71
      79
      84
      87
      90
     103
      84
      91
      80
      91
      84
      92
      86
      73
      80
     106
      68
      87
      67
      90
      79
      81
     110
     101
      84
     100
     108
      79
      89
     102
      87
      88
      98
      77
      90
      84
      91
      90
      95
      87
      95
      90
      86
      85
      79
      97
      91
      91
      96
      95
      81
      97
     106
      87
      93
      88
      95
      77
     100
      98
      81
     112
      99
     110
     103
     105
      99
      91
      75
      94
      95
      99
     102
     110
     128
     204
     262
     340
     422
     471
     429
     326
     248
     133
     118
      96
      96
      97
      85
     112
      71
      93
     100
      95
     100
     102
      92
      93
      96
      83
      85
      98
     104
      95
     104
      74
      82
      76
      89
      71
      91
      90
     112
     115
      86
     103
      92
     106
     114
      92
     116
      98
      91
     104
      94
      89
     114
     107
      95
     104
      83
     103
      98
      98
     108
     115
      98
     113
     109
     102
     112
      98
     109
      92
     112
      84
     102
      91
      79
     106
      90
     103
     114
      82
     117
      86
     107
      90
     108
      93
      88
      99
      99
      89
      92
      97
      91
      77
      89
     108
      92
     103
      92
      97
      84
      89
      88
      94
      99
     103
     102
     102
     105
     107
      94
     104
     104
      95
      85
      91
      85
     112
      95
      87
      73
     106
     111
      90
      97
     101
     113
     105
      97
      93
     100
      91
      91
     105
     108
     107
      85
      86
      97
     100
      86
     115
     127
     160
     214
     246
     264
     264
     243
     171
     148
     117
     111
     105
      99
      78
     101
     110
      91
      78
     107
      93
      82
     107
      85
      92
     102
      91
     103
      90
      87
      99
      94
     103
      93
      99
     101
     112
     100
      98
      95
      92
     100
     125
      92
     100
     116
     100
      89
     102
      95
      91
     117
      91
      85
      93
      86
      93
     103
      94
      91
      88
      90
      86
      91
      96
      95
      91
     113
     104
      81
     106
     114
      87
      93
      98
      97
     110
     101
      89
     108
      74
     131
     107
      88
      92
      95
     106
      85
      95
     100
     103
      94
      88
     103
      95
      84
     110
      96
     107
     114
      99
      99
      74
      99
     104
     114
     109
     101
      99
      95
     101
      83
     108
      92
     113
      94
      96
     102
     109
      91
     115
     108
     108
      96
     105
      96
     105
     100
      93
      99
      89
     115
     109
     100
     114
      75
     116
     105
     110
     117
     103
     112
      91
     115
     110
      96
      97
     105
      94
      98
     122
     100
      88
     103
     112
     115
     115
     102
     108
     109
      97
     113
      92
      95
      95
     113
     119
      87
      93
     114
      87
      98
      84
      91
      84
     109
      87
      97
     106
      94
     112
     117
      95
      98
     101
      86
     101
     108
     104
     105
     107
     115
     108
     110
     117
      91
     107
     124
     105
      95
     118
     110
     115
     105
     121
      90
     111
     110
     110
     139
     103
     100
     108
     122
     127
     112
     116
     107
     126
     117
     108
      95
     111
     106
     117
     124
     109
      99
      98
     136
     108
     111
      88
     103
     118
     112
     100
      90
     123
      99
     107
     107
     102
      94
     116
     100
     110
     103
     115
     111
      98
     101
     119
     105
     102
      98
      88
     105
     108
     102
      95
      98
     113
      97
      91
     102
     104
     102
     107
     117
     128
     116
     104
     110
      99
     120
     123
     115
     104
     111
     118
      95
     107
     113
     108
     112
     108
     115
     102
     107
     100
     123
     114
     104
     143
     107
      94
     114
     125
     115
     112
     120
     144
     110
     107
     127
     117
     110
     126
     119
     117
     100
      91
     118
     102
     109
      99
     118
     104
     122
     105
     128
     119
     108
     105
     111
     102
     106
     121
     118
     104
     115
     122
     130
     133
     143
     100
     113
     110
     120
     120
     107
     114
     110
     120
     102
     112
     114
     104
     103
     113
     117
     127
     113
     105
     108
     130
     138
     121
     118
     158
     140
     144
     138
     179
     158
     118
     152
     114
     126
     135
     136
     142
     134
     128
     114
     127
     115
     130
     131
     104
     115
     107
     141
     138
     131
     117
     136
     154
     142
     139
     108
     123
     131
     127
     109
     123
     116
     137
     123
     135
     122
     131
     135
     126
     117
     139
     128
     137
     138
     136
     125
     112
     111
     124
     150
     133
     140
     129
     118
     121
     139
     133
     119
     120
     120
     118
     142
     139
     135
     111
     131
     124
     128
     125
     136
     107
     122
     137
     125
     130
     138
     125
     128
     125
     125
     135
     126
     130
     115
     117
     126
     132
     123
     120
     118
     121
     111
     106
     114
     125
      98
     109
     105
     114
     102
     121
     117
      92
     107
     108
     104
     104
      97
     105
      90
     114
      75
     110
     105
      92
      90
      97
      88
      80
      85
      89
      91
      93
      80
      92
      91
      87
      84
     102
      71
      84
      79
      87
      86
      64
      91
      74
      72
      69
      81
      96
      77
      94
      65
      84
      79
      62
      71
      70
      78
      80
      82
      98
      89
     123
     122
     196
     304
     380
     535
     655
     744
     731
     604
     430
     294
     197
     128
     102
      85
      62
      63
      79
      71
      90
      89
     112
     104
     166
     231
     248
     343
     372
     362
     313
     263
     189
     125
      99
      75
      88
      70
      64
      72
      57
      67
      67
      72
      67
      60
      71
      65
      74
     104
      86
      81
      72
      79
      63
      69
      57
      70
      76
      74
      76
      75
      74
      68
      76
      50
      64
      65
      64
      59
      66
      46
      65
      49
      64
      58
      71
      62
      55
      54
      62
      68
      58
      52
      48
      48
      61
      47
      56
      59
      47
      50
      52
      64
      43
      55
      56
      60
      53
      56
      57
      57
      46
      60
      69
      62
      46
      61
      48
      44
      46
      56
      45
      64
      49
      54
      46
      70
      59
      56
      56
      53
      52
      51
      57
      60
      41
      53
      51
      56
      42
      49
      38
      48
      50
      39
      55
      51
      58
      45
      48
      39
      43
      50
      52
      53
      43
      53
      46
      42
      35
      47
      40
      48
      33
      43
      44
      56
      39
      52
      52
      40
      32
      37
      44
      45
      32
      33
      37
      35
      41
      38
      32
      32
      35
      39
      36
      36
      37
      29
      44
      49
      32
      46
      27
      33
      37
      40
      33
      37
      46
      36
      40
      52
      75
      91
     120
     205
     222
     267
     238
     272
     183
     130
      96
      60
      38
      52
      55
      61
      72
      65
      67
      59
      46
      41
      35
      20
      18
      19
      27
      27
      36
      24
      28
      26
      23
      24
      30
      16
      23
      32
      31
      25
      24
      28
      29
      20
      30
      24
      25
      20
      30
      25
      24
      20
      32
      31
      45
      48
      79
     113
     157
     236
     266
     357
     299
     345
     246
     155
      88
      64
      43
      31
      18
      25
      19
      15
      15
      17
      20
      17
      18
      14
      14
      20
      13
      15
      17
      22
      15
      12
      18
      16
      25
      18
      13
      16
      13
      12
      14
      18
      17
      20
      18
      16
      11
      16
      18
      14
      12
      14
      15
       9
      14
      17
      15
      13
      19
      19
      14
      16
      14
      12
      21
      13
      16
      13
      16
      32
      27
      29
      32
      46
      50
      55
      58
      50
      41
      16
      15
      16
      18
       9
      14
      17
      21
      22
      19
      36
      34
      34
      54
      90
     103
     166
     174
     177
     193
     154
     122
      80
      37
      35
      31
      15
      18
      20
      11
      13
      15
      14
      24
      21
      15
      18
      13
      17
      12
      20
      25
      14
      18
      15
      17
      17
      23
      12
      20
      15
      13
      13
      21
      17
      13
      10
      10
      11
      13
      12
      14
      17
      11
       6
      12
      12
      14
      14
      19
      15
       8
      12
      19
       9
      15
      14
      11
       7
      10
      15
      10
      12
      10
       7
      11
      12
      15
      13
       9
      14
      12
      12
      16
       8
      15
      16
      16
      20
      12
      16
      16
      14
      14
      13
       8
      18
      18
      15
       7
      17
      14
      17
      19
      20
      30
      27
      45
      49
      68
      80
     104
      98
      99
      73
      55
      28
      19
      27
      14
      20
      14
      10
      12
       7
      21
      16
      12
      16
      11
      14
      11
      14
      20
      13
      15
      13
      13
      15
      16
      14
      20
       8
      19
      19
      17
      15
      14
      16
      16
      17
      12
      15
      25
      12
      15
      18
      16
      18
      19
      21
      16
      26
      20
      18
      21
      45
      73
     119
     175
     350
     530
     816
    1281
    2123
    2965
    4127
    5172
    5720
    5576
    4889
    3627
    2326
    1223
     594
     243
     116
      42
      17
       6
      10
       6
       9
       7
       3
      10
      10
       9
       6
       7
      11
      11
      17
      17
      12
      15
      14
      16
      14
      19
      21
      27
      22
       5
       9
       8
      13
      12
       6
       7
       8
       8
       4
      12
       4
       8
      10
       7
       7
       4
       9
       7
       8
       9
       5
       8
       5
       7
      11
       8
       8
      15
       9
       5
      11
      14
      12
       4
      10
      13
      11
      15
       8
       7
       7
       7
       9
       9
      11
      10
       7
       7
       8
       3
       3
       2
       4
      11
       9
       7
       3
       2
       6
      11
       7
       2
       9
       6
       6
       3
       6
       8
      10
      12
       7
       7
       6
       7
       5
       4
       9
       9
       2
      10
      10
       5
      10
      11
      13
      11
       4
      11
       2
       9
       5
       6
       8
       6
      11
       3
      11
       6
       5
      11
       8
       5
       7
       6
       8
      12
       8
       8
      14
       8
       5
       8
       5
      13
       9
      10
      12
       5
       6
       6
       7
       7
       7
      10
      11
       7
       9
       7
       4
       5
       7
       9
       4
       7
       5
       7
       9
      12
       9
       5
       8
       2
       8
       4
       8
       6
       9
       5
      15
      10
       8
       5
       7
      10
       8
      10
       7
       8
       7
       6
      12
      16
      17
      10
      10
       2
       3
       8
      10
      11
       6
       7
       7
       4
       9
       8
       6
       4
      12
       6
       7
       8
      10
       6
       5
       4
       5
       4
       7
       9
       6
      12
       6
      12
      11
      10
       7
      14
       6
      11
      10
      11
       6
       8
       5
       8
       5
       6
       9
       5
       4
      12
       7
       9
       9
       6
       8
       6
       7
      14
       5
       7
       8
       1
       5
       9
       8
      10
       2
       6
       6
      10
       7
       7
       3
      10
       6
       7
      13
       7
       4
       9
       6
      10
       6
       5
      10
       5
      14
      10
       3
       6
       7
      10
       6
      11
       6
       7
      12
      12
       5
       6
       8
       6
       3
       9
       5
       8
       6
       7
       9
      10
       9
       8
       9
       7
       8
       6
       3
       5
       4
       3
       8
       8
       7
       5
       3
       5
       6
       6
       7
       5
       4
       6
       5
       6
       6
       7
       6
       7
       3
      13
       6
       6
       7
       7
      10
       9
       7
       5
      10
      11
       3
      10
       6
       4
       9
      10
       4
       5
       9
      12
      10
       8
       8
       5
      10
      12
       4
      11
       6
      12
       6
      17
       6
      11
      18
       7
       7
      11
       5
       6
       8
      10
       4
      10
       5
       6
       6
       6
       7
       2
       7
       5
       4
       8
       2
       3
       4
       4
       7
       6
       4
       3
       2
       5
      12
       8
      11
       5
       7
       2
       5
       8
       9
       2
       4
       3
       6
       3
       9
       8
       5
       6
       6
       8
       5
       5
       7
       8
       9
       6
       6
       4
       6
       5
       7
      10
       4
       5
       6
       4
       6
       3
       8
      13
       3
       5
      11
       9
       6
       9
       3
       4
       3
       5
       3
       5
       5
       7
       6
       3
       9
       6
       6
      10
       3
       4
       7
       6
       6
       5
       7
       4
       5
       4
       6
       7
       8
       8
       4
       8
       3
       6
       7
       6
      10
       5
       8
       9
       6
       4
       4
       8
       4
       6
       5
       4
       9
       8
       9
       3
       4
       5
       2
      12
       6
       5
       6
       7
       7
       6
       6
       6
      10
       5
       9
       5
       4
       7
       8
       7
       2
       4
       8
       3
       3
       6
       4
       6
       8
       2
      11
       6
       4
      13
       8
      11
       8
       7
       6
      12
       5
       7
       6
       6
       4
      12
       9
       3
       6
       8
       5
       6
       8
       9
       4
       7
       9
       6
       8
       4
       6
       6
       6
       6
       2
      10
      14
       5
       5
       1
       6
       6
       7
       4
       4
       7
       4
       8
       6
       2
       3
       4
       9
       5
       4
       7
       5
       3
      11
       6
       2
       8
       4
       3
       3
       5
       6
       3
       2
       6
       6
       3
       6
       7
       9
       6
       7
       2
       7
       4
       8
       3
       6
       1
       2
       2
      10
       3
       1
       9
       7
       5
       5
       6
       5
       8
       5
       7
       3
       4
       5
       6
       8
       5
       4
       2
      10
       7
      18
      19
      14
      17
      13
      27
      12
      12
      12
       3
      10
       6
       8
       2
       6
       3
       4
       7
       3
       8
       5
       8
       4
       3
       9
       4
       7
       6
       7
       5
       7
       5
       5
       4
       9
      11
       6
       4
       3
       8
       7
       4
       4
       8
       6
       1
       4
       3
       4
       1
       6
       7
       4
       6
       7
       1
       8
       4
       7
       5
       6
       5
       7
       3
       5
       7
       8
       7
       4
       5
       7
       3
       7
       7
       5
       3
       2
      10
       5
       5
       6
       5
       3
       7
       1
       6
       6
       3
       4
       8
       9
       4
       2
       5
       3
       7
       4
       5
       4
       1
       0
       3
       5
       6
       6
       8
       5
       5
       6
       2
       2
       9
       7
       4
       6
       8
       7
       4
       5
       5
       7
       9
       4
       2
       3
       3
       5
       8
       3
       3
       6
       3
       8
       8
       8
      11
       6
       6
       9
       6
      11
      15
       8
      15
       9
       8
       5
       4
       4
       3
       7
       7
       5
       6
       6
       3
       4
       6
       3
      12
       4
       4
       4
       5
       4
       7
       4
       6
       3
       4
       5
       5
       3
       6
       5
       5
       4
       6
       4
       8
       5
       4
       5
       4
       6
       5
       4
       5
       5
       5
       3
       9
       0
       7
      10
       2
       8
       5
       6
       1
       2
       3
       4
       4
       4
       3
       9
       6
       5
       8
       5
      10
       3
       4
       9
      10
       6
      10
       5
       8
       4
       4
       4
       9
       7
       4
       7
       7
       4
       9
       5
       9
       5
       8
      13
      19
      20
      22
      45
      56
      71
      91
      81
      78
      72
      86
      45
      37
      16
      15
       7
       9
       5
       3
       8
       3
       4
       1
       7
      10
       3
       6
       4
       5
       5
       8
       2
      10
       3
       0
       7
       6
       5
       5
       6
       4
       4
       1
      10
       4
       5
       9
       5
       6
       4
       7
       7
       2
       5
       7
       5
       5
       2
       5
       8
       6
       3
       9
       1
       3
       5
       6
       5
       6
       4
       6
       7
       3
       4
       3
       3
       6
       6
       4
       5
       3
       8
      10
       7
       7
       3
       6
       5
       2
       4
       9
       6
       2
       2
       2
       2
       9
       9
       4
       4
       3
       3
       3
       4
       4
       5
       8
       4
       8
       9
       6
       7
       3
       6
       7
       7
       1
       4
       4
       1
       7
       4
       4
       4
       4
       4
       6
       3
       7
       3
       5
       3
       3
       3
       2
       7
       6
       5
       4
       4
       3
       1
       8
       3
       7
       3
       1
       6
       1
       4
       6
       4
       5
       5
       0
       5
       2
       2
       3
       6
       6
       3
       4
       1
       4
       1
       5
       4
       4
       4
       5
       3
       2
       2
       4
       5
       2
       6
       4
       8
       9
       4
       0
       5
       1
       1
       6
       4
       1
       3
       7
       3
       4
       2
       5
       6
       7
       2
       1
       4
       4
       2
       0
       5
       4
       2
       4
       6
       0
       5
       3
       0
       4
       5
       5
       5
       2
       2
       7
       6
       6
       1
       4
       5
       1
       3
       2
       5
       2
       6
       3
       3
       4
       1
       5
       3
       7
       5
       3
       4
       3
       4
       4
       4
       2
       4
       2
       3
       5
       3
       6
       5
       4
       2
       4
       3
       5
       7
       7
       7
       4
       6
       4
       7
       2
       2
       3
       2
       4
       7
       6
       3
       3
       3
       5
       4
       3
       5
       3
       5
       2
       2
       4
       7
       2
       4
       2
       3
       2
       4
       3
       2
       1
       2
       3
       8
       3
       1
       9
       3
       5
       7
       2
       6
       5
       6
       6
       1
       2
       4
       3
       4
       4
       5
       6
       3
       2
       6
       3
       5
       2
       5
       7
       3
       5
       2
       4
       2
       4
       5
       3
       7
       2
       2
       5
       2
       5
       6
       4
       3
       3
       2
       6
       4
       2
       4
       4
       6
       5
       3
       4
       3
       2
       5
       3
       3
       2
       7
       7
       2
       4
       1
       4
       1
       2
       6
       2
       1
       4
       2
       6
       4
       4
       2
       3
       6
       5
       7
       4
       3
       3
       5
       2
       3
       3
       7
       3
       4
       5
       2
       7
       1
       4
       2
       6
       3
       1
       7
       7
       6
       4
       2
       6
       2
       4
       1
       4
       4
       1
       7
       2
       3
       4
       6
       6
       6
       5
       3
       1
       3
       7
       4
       1
       6
       1
       0
       5
       3
       4
       2
       4
       2
       2
       7
       3
       5
       2
       4
       2
       1
       5
       4
       1
       5
       0
       6
       0
       4
       3
      10
       4
       1
       9
       6
      14
       8
       8
       8
       9
      13
       8
       7
       9
      11
      10
       3
       9
       7
       3
       2
       2
       3
       0
       2
       6
       4
       1
       4
       2
       2
       1
       0
       2
       4
       6
       4
       6
       5
       5
       4
       2
       4
       1
       2
       3
       3
       3
       4
       7
       6
       7
       3
       4
       5
       5
       5
       6
       8
       3
       5
       8
       7
       1
       5
       5
       4
       9
       5
       2
       5
       7
       3
       3
       2
       1
       5
       8
       3
       2
       4
       3
       0
       5
       5
       2
       3
       1
       2
       2
       5
       7
       3
       5
       2
       2
       4
       1
       4
       5
       6
       1
       1
       4
       4
       4
       3
       2
       3
       1
       3
       5
       0
       2
       5
       5
       1
       3
       3
       1
       3
       2
       2
       3
       2
       6
       4
       2
       2
       5
       7
       2
       4
       2
       1
       2
       3
       6
       4
       5
       4
       5
       3
       3
       3
       5
       6
       5
       4
       4
       1
       4
       1
       1
       6
       2
       2
       2
       1
       2
       0
       3
       4
       1
       3
       4
       3
       3
       3
       5
       1
       1
       4
       4
       2
       5
       3
       1
       1
       4
       4
       2
       5
       5
       7
       5
       5
       5
       7
      13
      11
      10
      13
      19
      12
      14
      17
      18
       6
       7
       7
       1
       3
       3
       5
       7
       5
       3
       5
       3
       2
       5
       2
       2
       4
       3
       1
       3
       3
       1
       2
       4
       6
       4
       2
       2
       2
       2
       8
       3
       4
       1
       2
       3
       6
      10
       3
       6
       9
      13
      15
      21
      34
      44
      37
      44
      34
      29
      24
      18
      13
       9
       4
       4
       7
       5
       2
       2
       2
       6
       3
       6
       6
       2
       2
       2
       2
       2
       4
       2
       2
       5
       4
       1
       1
       4
       2
       4
       4
       1
       3
       3
       3
       6
       0
       0
       4
       4
       3
       2
       2
       2
       1
       1
       2
       2
       1
       5
       3
       3
       5
       7
       1
       1
       4
       2
       1
       1
       1
       1
       3
       1
       4
       7
       6
       1
       2
       3
       1
       4
       1
       4
       3
       3
       3
       3
       1
       1
       0
       4
       4
       2
       3
       3
       5
       4
       1
       3
       2
       0
       3
       3
       3
       2
       4
       1
       2
       3
       6
       5
       2
       2
       2
       5
       1
       3
       5
       2
       4
       5
       6
       3
       3
       2
       1
       6
       4
       4
       3
       4
       6
       4
       4
       5
       5
      11
      13
       7
      11
      11
       5
      17
      12
      14
       7
      11
       7
       1
       4
       4
       5
      10
       2
       5
       5
       4
       2
       6
       5
       5
       3
       3
       4
       5
       2
       2
       1
       4
       3
       0
       1
       2
       5
       0
       2
       4
       1
       4
       4
       6
       2
       3
       5
       6
       9
       2
       6
       7
       1
       3
       2
       2
       1
       7
       4
       1
       2
       4
       3
       2
       2
       2
       5
       5
       4
       4
       1
       6
       4
       3
       4
       2
       4
       5
       4
       2
       1
       2
       4
       6
       4
       2
       3
       3
       5
       2
       0
       6
       1
       3
       3
       3
       5
       6
       1
       2
       4
       2
       2
       5
       3
       1
       4
       2
       2
       2
       4
       4
       1
       3
       6
       2
       0
       1
       5
       6
       2
       3
       3
       2
       4
       7
       0
       1
       1
       4
       3
       4
       2
       6
       2
       2
       2
       5
       3
       3
       5
       2
       0
       3
       5
       1
       3
       1
       4
       1
       3
       3
       3
       3
       4
       1
       4
       1
       4
       1
       4
       2
       2
       4
       2
       2
       3
       6
       0
       3
       1
       2
       4
       2
       0
       2
       1
       3
       2
       5
       1
       2
       2
       2
       0
       2
       4
       3
       3
       3
       3
       2
       6
       4
       4
       2
       2
       2
       4
       2
       3
       4
       2
       0
       3
       4
       5
       5
       3
       3
       5
       2
       3
       4
       3
       1
       2
       2
       3
       3
       5
       1
       1
       1
       2
       2
       6
       3
       3
       2
       4
       2
       4
       7
       3
       8
      10
       7
       9
      12
       8
      16
       7
      15
      11
      11
       4
       8
       8
       2
       1
       1
       7
       2
       2
       8
       2
       3
       4
       0
       3
       2
       2
       6
       3
       3
       2
       4
       3
       0
       2
       3
       3
       3
       4
       2
       2
       2
       7
       4
       3
       9
       4
       2
       3
       1
       2
       3
       3
       4
       4
       2
       1
       4
       4
       3
       1
       2
       2
       1
       3
       2
       3
       1
       1
       3
       4
       2
      10
       5
       2
       2
       3
       3
       4
       3
       2
       2
       8
       3
       5
       1
       5
       6
       1
       1
       3
       5
       2
       1
       6
       5
       5
       3
       4
       6
       3
       3
       3
       2
       4
       3
       4
       3
       5
       5
       5
       3
       4
       5
       3
       2
       3
       2
       5
       2
       4
       3
       1
       2
       1
       1
       2
       3
       5
       5
       2
       2
       5
       9
       0
       8
       5
       3
       7
       4
       4
       4
       4
       5
       9
       6
       4
       7
       2
       4
       7
       2
       2
       5
       4
       4
       3
       3
       4
       3
       2
       3
       6
       4
       6
       6
       6
       3
       9
      11
      12
      12
      10
      12
      12
       9
      14
       3
       9
       9
       9
       3
       5
       5
       1
       1
       5
       6
       4
       0
       7
       3
       6
       5
       4
       4
       1
       8
       6
       3
       4
       3
       2
       4
       3
       5
       0
       2
       3
       7
       4
       3
       3
       5
       4
       1
       2
       3
       0
       3
       7
       3
       4
       2
       6
       4
       3
       2
       2
       3
       3
       6
       5
       2
       7
       1
       2
       4
       3
       2
       4
       2
       2
       1
       2
       5
       4
       4
       3
       4
       3
       5
       3
       4
       8
       3
       4
       6
       8
       6
       7
       1
       5
       0
       4
       1
       4
       0
       2
       7
       6
       1
       4
       4
       5
       4
       7
       3
       7
       2
       5
       4
       4
       7
       0
       7
       1
       0
       4
       3
       3
       2
       2
       4
       2
       6
       5
       2
       7
       2
       4
       4
       3
       2
       6
       7
       4
       4
       2
       3
       1
       6
       2
       3
       2
       4
       2
       4
       6
       4
       3
       4
       3
       6
       5
       3
       4
       3
       2
       3
       6
       3
       2
       3
       1
       3
       2
       0
       4
       6
       4
       8
       5
       5
       5
       5
       5
       5
       5
       6
       7
       4
       2
       7
       1
       6
       2
       5
       6
       2
       2
       0
       2
       3
       5
       5
       1
       3
       6
       6
       0
       4
       6
       8
       4
       1
       1
       2
       2
       4
       4
       2
       2
       4
       4
       6
       5
       2
       5
       2
       3
       7
       7
       3
       4
       5
       7
       4
       2
       0
       5
       6
       3
       2
       0
       4
       0
       4
       2
       1
       1
       3
       2
       4
       5
       6
       5
       2
       7
       2
       5
       5
       5
       4
       3
       5
       6
       2
       3
       1
       6
       5
       2
       0
       9
       6
       5
       3
       7
       1
       8
       2
       5
       2
       3
       2
       3
       7
       1
       4
       6
       3
       7
       2
       2
       5
       8
       4
       3
       2
       4
       5
       6
       4
       6
       1
       2
       5
       3
       1
       3
       5
       4
       4
       5
       5
       3
       3
       4
       1
       3
       5
       3
       3
       2
       4
       5
       5
       6
       3
       1
       4
       4
       8
       4
       2
       5
       9
       4
       4
      14
      16
       6
      10
      13
       9
      12
       6
       6
       3
       4
       3
       7
       2
       5
       6
       0
       2
       3
       4
       8
       7
       3
       2
       1
       1
       4
       3
       2
       0
       3
       6
       0
       2
       2
       1
       3
       1
       0
       2
       1
       5
       2
       3
       4
       3
       2
       4
       2
       1
       6
       5
       2
       6
       5
       5
       1
       3
       1
       3
       6
       6
       2
       4
       4
       3
       6
       3
       2
       6
       3
       2
       3
       4
       3
       5
       0
       3
       3
       3
       1
       2
       5
      10
       8
       1
       3
       4
       4
       3
       4
       4
       0
       5
       2
       1
       2
       2
       3
       4
       4
       2
       3
       2
       2
       4
       4
       2
       6
       1
       5
       3
       0
       2
       1
       1
       4
       1
       1
       4
       3
       4
       7
       1
       7
       4
       0
       2
       3
       2
       4
       6
       6
       7
       3
       1
       3
       3
       7
       2
       1
       3
       3
       4
       4
       1
       1
       2
       4
       3
       5
       5
       6
       1
       7
       7
       2
       5
       3
       5
       6
       3
       4
       4
       6
       8
       2
       5
       1
       1
       5
       2
       4
       6
       3
       3
       5
       2
       2
       5
       2
       3
       5
       2
       1
       5
       3
       4
       4
       4
       4
       0
       6
       2
       3
       0
       1
       3
       3
       3
       3
       3
       3
       2
       3
       2
       3
       3
       9
       6
       4
       2
       6
       3
       3
       5
       0
       4
       4
       1
       3
       4
       4
       3
       2
       2
       1
       1
       4
       1
       3
       4
       3
       1
       2
       4
       1
       5
       3
       1
       6
       3
       3
       5
       3
       8
       1
       2
       1
       1
       1
       2
       1
       2
       2
       5
       1
       2
       5
       3
       2
       8
       5
       5
       3
       4
       9
       2
       2
       4
       2
       5
       4
       2
       3
       2
       5
       1
       5
       4
       3
       4
       5
       1
       2
       4
       2
       4
       3
       3
       2
       2
       1
       3
       2
       2
       4
       3
       5
       0
       5
       2
       5
       0
       3
       5
       5
       1
       3
       2
       2
       2
       5
       6
       4
       2
       3
       3
       4
       3
       1
       6
       3
       5
       2
       3
       3
       4
       6
       3
       5
       3
       3
       3
       4
       3
       1
       2
       0
       3
       3
       0
       2
       7
       4
       7
       5
       4
       7
       5
       3
       1
       3
       2
       5
       2
       0
       4
       3
       2
       3
       4
       5
       2
       5
       4
       2
       2
       4
       2
       3
       3
       1
       3
       2
       2
       2
       1
       4
       7
       5
       3
       3
       2
       8
       2
       4
       1
       0
       2
       0
       4
       1
       3
       1
       5
       4
       4
       4
       4
       1
       2
       0
       1
       2
       4
       5
       1
       1
       2
       1
       1
       1
       2
       1
       1
       4
       1
       2
       6
       0
       0
       2
       0
       0
       1
       3
       1
       3
       0
       0
       3
       3
       3
       0
       0
       1
       0
       1
       5
       3
       1
       4
       2
       1
       1
       0
       5
       2
       2
       0
       3
       4
       2
       2
       4
       2
       5
       0
       4
       2
       2
       1
       0
       4
       3
       1
       4
       3
       1
       0
       6
       1
       1
       1
       4
       1
       1
       5
       5
       2
       2
       6
       0
       2
       4
       1
       0
       2
       1
       2
       1
       1
       2
       4
       1
       2
       5
       3
       3
       1
       3
       1
       3
       2
       1
       1
       3
       3
       5
       2
       2
       3
       2
       6
       1
       1
       1
       2
       2
       7
       3
       2
       1
       1
       0
       1
       1
       2
       4
       3
       1
       4
       2
       2
       1
       3
       1
       2
       2
       1
       0
       0
       2
       2
       1
       1
       3
       5
       3
       7
       1
       2
       4
       4
       1
       4
       3
       3
       3
       1
       4
       3
       1
       3
       2
       3
       3
       2
       2
       1
       1
       3
       0
       2
       2
       2
       3
       0
       3
       2
       2
       0
       3
       1
       3
       3
       1
       4
       6
       9
      11
      12
      13
      23
      34
      28
      32
      45
      38
      53
      52
      51
      51
      43
      23
      16
      22
      10
       3
       4
       2
       2
       1
       1
       5
       0
       3
       4
       1
       0
       1
       5
       3
       2
       0
       2
       0
       0
       2
       1
       1
       3
       0
       1
       1
       2
       3
       2
       6
       0
       4
       5
       5
       1
       2
       6
       3
       0
       0
       3
       3
       1
       1
       3
       0
       1
       0
       2
       3
       1
       1
       0
       0
       1
       3
       0
       0
       2
       0
       2
       2
       0
       2
       0
       1
       0
       1
       1
       2
       7
       0
       1
       2
       0
       2
       1
       0
       3
       0
       1
       2
       0
       1
       1
       1
       1
       1
       3
       1
       2
       2
       1
       0
       1
       0
       0
       1
       1
       1
       0
       6
       1
       0
       1
       0
       1
       1
       0
       0
       0
       2
       2
       1
       1
       0
       0
       1
       1
       1
       3
       1
       2
       0
       2
       0
       0
       1
       4
       2
       2
       0
       3
       2
       2
       1
       5
       1
       2
       1
       0
       0
       0
       1
       1
       0
       1
       1
       0
       0
       1
       0
       1
       0
       3
       2
       2
       2
       3
       0
       0
       2
       0
       1
       2
       1
       1
       1
       0
       0
       2
       1
       1
       2
       2
       0
       0
       0
       2
       0
       1
       2
       1
       2
       2
       0
       0
       2
       3
       4
       0
       2
       0
       2
       2
       1
       1
       0
       2
       1
       2
       1
       2
       1
       2
       1
       3
       3
       2
       0
       0
       2
       3
       0
       0
       1
       0
       3
       3
       1
       3
       0
       2
       3
       2
       2
       3
       1
       2
       1
       2
       1
       3
       6
       0
       4
       1
       3
       1
       0
       1
       2
       1
       0
       0
       2
       1
       1
       3
       2
       0
       1
       1
       1
       0
       1
       0
       1
       0
       0
       0
       1
       2
       1
       1
       1
       2
       1
       0
       2
       1
       1
       1
       1
       2
       3
       2
       1
       2
       0
       4
       0
       1
       0
       1
       0
       3
       1
       1
       1
       0
       2
       0
       2
       2
       2
       2
       0
       1
       1
       0
       2
       0
       2
       1
       1
       2
       2
       1
       3
       0
       0
       1
       1
       0
       4
       2
       1
       0
       0
       1
       2
       2
       0
       2
       1
       0
       2
       0
       0
       2
       2
       0
       1
       0
       1
       1
       0
       2
       1
       3
       0
       1
       1
       2
       1
       1
       2
       2
       2
       2
       1
       1
       3
       2
       4
       3
       4
       1
       4
       4
       3
       2
       4
       4
      12
       2
       6
       7
       5
       4
       4
       3
       4
       3
       5
       3
       2
       1
       4
       5
       6
       3
       5
       8
       8
      13
      19
      18
      22
      31
      26
      39
      41
      61
      55
      59
      47
      57
      48
      28
      37
      20
       6
      10
       6
       2
       1
       1
       4
       2
       2
       0
       2
       4
       0
       3
       2
       4
       2
       4
       2
       2
       2
       2
       1
       1
       1
       0
       1
       3
       3
       1
       1
       2
       1
       0
       1
       2
       1
       0
       1
       1
       1
       0
       1
       0
       0
       0
       4
       1
       2
       2
       0
       2
       1
       1
       1
       1
       1
       1
       0
       1
       0
       0
       0
       1
       1
       1
       0
       1
       1
       3
       2
       1
       0
       0
       1
       2
       0
       2
       1
       0
       0
       0
       2
       1
       1
       3
       1
       2
       0
       0
       1
       1
       2
       1
       0
       2
       0
       1
       1
       0
       3
       0
       1
       1
       1
       1
       1
       1
       3
       0
       2
       2
       0
       2
       1
       1
       1
       0
       3
       1
       2
       3
       0
       3
       0
       1
       1
       1
       1
       1
       0
       0
       1
       1
       3
       0
       2
       2
       1
       1
       3
       0
       2
       1
       0
       2
       3
       0
       2
       0
       0
       1
       0
       2
       2
       0
       0
       0
       0
       1
       2
       1
       0
       1
       0
       1
       1
       1
       0
       0
       2
       1
       1
       0
       0
       0
       1
       1
       0
       2
       0
       2
       1
       2
       2
       2
       1
       0
       2
       1
       1
       1
       0
       1
       1
       0
       0
       2
       0
       0
       3
       1
       0
       0
       1
       1
       4
       1
       0
       0
       0
       2
       1
       1
       2
       0
       3
       3
       0
       2
       1
       0
       1
       2
       0
       0
       1
       1
       1
       0
       1
       0
       1
       1
       0
       0
       2
       0
       2
       1
       0
       1
       0
       1
       1
       1
       0
       0
       3
       0
       0
       1
       0
       2
       1
       2
       2
       2
       0
       2
       1
       1
       1
       1
       0
       2
       4
       4
       1
       2
       0
       0
       1
       1
       1
       0
       1
       2
       0
       1
       1
       0
       1
       2
       1
       1
       0
       0
       0
       2
       3
       0
       1
       0
       0
       3
       2
       0
       2
       0
       2
       2
       1
       2
       2
       1
       3
       2
       3
       0
       0
       0
       0
       0
       0
       0
       1
       0
       0
       2
       2
       0
       1
       1
       0
       1
       2
       0
       0
       4
       2
       4
       2
       1
       1
       0
       0
       2
       2
       1
       0
       1
       0
       0
       1
       1
       1
       2
       1
       0
       2
       1
       0
       1
       4
       2
       1
       2
       1
       0
       0
       0
       1
       0
       2
       1
       1
       2
       2
       0
       0
       3
       1
       0
       1
       3
       1
       0
       0
       0
       1
       2
       0
       0
       1
       2
       1
       1
       3
       0
       3
       1
       4
       1
       0
       0
       1
       0
       2
       1
       1
       4
       2
       1
       3
       1
       0
       1
       2
       0
       0
       0
       3
       1
       1
       1
       2
       0
       1
       1
       2
       0
       4
       1
       1
       1
       2
       0
       1
       2
       2
       2
       1
       1
       1
       0
       1
       2
       0
       0
       2
       1
       2
       0
       1
       1
       0
       2
       1
       0
       3
       0
       0
       3
       1
       1
       1
       0
       0
       0
       0
       1
       1
       1
       1
       0
       1
       2
       0
       1
       0
       4
       1
       4
       0
       0
       2
       1
       1
       3
       0
       2
       4
       2
       1
       2
       2
       2
       0
       1
       2
       1
       2
       2
       0
       1
       1
       0
       1
       0
       1
       0
       0
       0
       2
       2
       0
       2
       0
       0
       0
       3
       2
       6
       2
       0
       1
       3
       0
       0
       0
       0
       3
       4
       1
       1
       0
       0
       2
       1
       0
       1
       1
       0
       1
       2
       0
       2
       3
       2
       1
       1
       2
       0
       2
       2
       3
       3
       3
       1
       2
       2
       1
       1
       2
       2
       1
       2
       0
       1
       0
       1
       1
       0
       0
       2
       1
       2
       1
       1
       1
       3
       0
       0
       1
       1
       2
       1
       1
       0
       2
       1
       0
       4
       0
       3
       0
       3
       1
       1
       0
       3
       1
       0
       1
       4
       1
       3
       2
       1
       1
       1
       1
       0
       1
       1
       1
       5
       0
       2
       0
       0
       3
       2
       1
       2
       4
       1
       3
       2
       2
       0
       3
       0
       0
       2
       1
       2
       1
       0
       3
       0
       1
       1
       3
       1
       0
       0
       1
       3
       1
       1
       0
       1
       2
       1
       1
       1
       1
       2
       3
       2
       1
       2
       2
       3
       5
       6
       2
       3
       5
       6
       4
       1
       1
       2
       1
       4
       1
       2
       1
       3
       2
       1
       3
       1
       0
       0
       2
       0
       4
       2
       1
       1
       1
       1
       0
       0
       1
       1
       1
       1
       0
       3
       0
       0
       0
       2
       1
       0
       1
       0
       0
       2
       0
       2
       0
       1
       1
       0
       0
       2
       2
       0
       0
       1
       5
       1
       2
       2
       0
       0
       0
       3
       0
       1
       0
       1
       1
       0
       2
       2
       0
       2
       3
       0
       0
       1
       0
       1
       1
       0
       0
       0
       0
       0
       1
       0
       0
       2
       2
       1
       2
       0
       1
       1
       2
       0
       1
       0
       0
       2
       2
       1
       1
       0
       1
       2
       1
       1
       3
       2
       0
       1
       1
       1
       1
       0
       0
       1
       1
       1
       1
       1
       1
       2
       2
       1
       0
       0
       2
       1
       0
       1
       0
       0
       0
       2
       1
       3
       0
       0
       1
       1
       0
       3
       1
       0
       0
       2
       2
       0
       2
       2
       0
       1
       1
       0
       1
       1
       0
       2
       3
       0
       0
       2
       0
       1
       0
       1
       0
       0
       1
       0
       0
       0
       0
       0
       0
       0
       0
       0
       0
       0
       1
       1
       1
       0
       1
       1
       0
       2
       2
       0
       1
       1
       0
       1
       1
       1
       1
       0
       2
       1
       0
       0
       1
       1
       1
       2
       0
       0
       2
       0
       1
       0
       0
       0
       2
       0
       0
       1
       1
       0
       0
       0
       0
       0
       0
       0
       0
       0
       0
       0
       0
       0
       0
       0
       0
       0
       0
       0
       0
       0
       0
       0
       0
       0
       0
       0
       0
       0
       0
       0
       0
       0
       0
       0
       0
       0
       0
       0
       0
       0
       0
       0
       0
       0
       0
       0
       0
       0
       0
       0
       0
       0
       0
       0
       0
       0
       0
       0
       0
       0
       0
       0
       0
       0
       0
       0
       0
       0
       0
       0
       0
       0
       0
       0
       0
       0
       0
       0
       0
       0
       0
       0
       0
       0
       0
       0
       0
       0
       0
       0
       0
       0
       0
       0
       0
       0
       0
       0
       0
       0
       0
       0
       0
       0
       0
       0
       0
       0
       0
       0
       0
       0
       0
       0
       0
       0
       0
       0
       0
       0
       0
       0
       0
       0
       0
       0
       0
       0
$ROI:
2
1704 1746
2831 2841
$PRESETS:
Live Time
36000
0
$ENER_FIT:
0.128636 0.383659
$MCA_CAL:
3
1.286363E-001 3.836592E-001 7.451575E-008 keV
$SHAPE_CAL:
3
2.602834E+000 5.205996E-004 5.222647E-007
