$SPEC_ID:
Cs137
$SPEC_REM:
DET# 2
DETDESC# DETECTOR 2
AP# Maestro Version 7.01
$DATE_MEA:
02/19/2017 11:23:38
$MEAS_TIM:
5192 5203
$DATA:
0 8191
       0
       0
       0
       0
       0
       0
       0
       0
       0
       0
       0
       0
       0
       0
       0
       0
       0
       0
       0
       0
       0
       0
       0
       0
       0
       0
       0
       0
       0
       0
       0
       0
       0
       0
       0
       0
       0
       0
       0
       0
       0
       0
       0
       0
       0
       0
       0
       0
       0
       0
       0
       0
       0
       0
       0
       0
       0
       0
       0
       0
       0
       0
       0
       0
       0
       0
       0
       0
       0
       0
       0
       0
       0
       0
       0
       0
       0
       0
       0
       0
       0
       0
       0
       0
       0
       0
       0
       0
       0
       0
       0
       0
       0
       0
       0
       6
      27
     196
     315
     302
     325
     296
     313
     329
     330
     289
     313
     286
     291
     292
     334
     280
     278
     304
     292
     336
     336
     304
     302
     310
     312
     342
     358
     309
     334
     327
     347
     322
     356
     292
     305
     337
     339
     315
     392
     314
     357
     378
     333
     351
     355
     366
     360
     353
     352
     367
     326
     370
     329
     374
     375
     381
     407
     371
     410
     428
     410
     440
     390
     435
     394
     379
     455
     418
     463
     456
     416
     435
     429
     448
     428
     402
     390
     415
     446
     444
     444
     436
     449
     410
     465
     511
     464
     474
     467
     497
     530
     683
    1075
    1796
    1662
    1035
     640
     981
    2032
    2868
    2052
     927
     496
     390
     403
     390
     354
     363
     388
     398
     394
     364
     413
     387
     383
     391
     381
     402
     413
     392
     419
     471
     528
     827
    1210
    1350
    1010
     533
     458
     454
     587
     700
     637
     553
     411
     389
     375
     360
     408
     406
     415
     421
     401
     445
     465
     484
     499
     412
     400
     408
     407
     410
     435
     386
     389
     393
     424
     416
     411
     411
     412
     434
     389
     451
     450
     443
     400
     398
     427
     406
     404
     401
     410
     450
     426
     432
     428
     384
     412
     427
     423
     424
     412
     397
     443
     407
     411
     424
     422
     395
     429
     443
     420
     430
     452
     446
     418
     436
     392
     439
     409
     415
     449
     460
     444
     445
     445
     421
     424
     422
     406
     445
     440
     467
     421
     456
     451
     480
     419
     483
     749
    1359
    1607
    1151
     632
     439
     427
     415
     438
     455
     460
     435
     451
     425
     454
     451
     431
     446
     472
     448
     445
     461
     425
     477
     401
     453
     476
     430
     422
     472
     492
     472
     470
     461
     455
     433
     470
     504
     529
     554
     580
     534
     449
     452
     441
     462
     426
     500
     483
     481
     469
     450
     429
     442
     437
     433
     438
     450
     451
     411
     458
     477
     461
     447
     459
     418
     417
     438
     462
     457
     444
     440
     496
     406
     466
     439
     433
     428
     455
     473
     456
     404
     442
     459
     429
     488
     396
     475
     459
     439
     425
     492
     451
     467
     441
     444
     411
     442
     451
     463
     447
     460
     435
     457
     445
     440
     463
     448
     467
     415
     454
     474
     459
     445
     445
     475
     514
     459
     455
     417
     451
     422
     396
     424
     443
     432
     444
     468
     471
     462
     487
     487
     524
     474
     498
     450
     503
     490
     485
     470
     487
     486
     505
     482
     481
     501
     519
     514
     474
     506
     483
     490
     502
     492
     476
     469
     486
     488
     516
     481
     463
     480
     481
     450
     469
     497
     505
     475
     484
     488
     482
     502
     516
     470
     449
     500
     483
     501
     450
     437
     504
     519
     535
     495
     475
     518
     529
     485
     508
     525
     483
     521
     508
     493
     518
     520
     504
     461
     525
     507
     484
     522
     495
     530
     556
     562
     528
     499
     581
     518
     541
     541
     498
     490
     495
     502
     505
     502
     500
     491
     529
     496
     507
     491
     502
     498
     525
     530
     496
     532
     535
     506
     479
     506
     525
     496
     515
     498
     504
     501
     490
     477
     512
     455
     526
     484
     519
     500
     534
     512
     489
     510
     507
     520
     505
     493
     521
     515
     492
     485
     522
     547
     491
     520
     476
     494
     512
     511
     548
     541
     502
     513
     585
     526
     517
     517
     522
     529
     484
     522
     495
     488
     510
     517
     549
     502
     537
     467
     513
     481
     519
     514
     500
     451
     483
     479
     522
     491
     509
     505
     462
     477
     505
     526
     499
     493
     493
     480
     454
     472
     480
     496
     507
     456
     459
     471
     470
     477
     462
     501
     465
     474
     482
     477
     437
     474
     452
     429
     457
     423
     475
     448
     431
     444
     463
     437
     423
     457
     447
     450
     432
     459
     450
     421
     379
     393
     388
     449
     427
     425
     411
     415
     390
     414
     386
     382
     434
     410
     402
     422
     394
     382
     393
     386
     389
     365
     365
     389
     389
     384
     383
     422
     381
     420
     390
     366
     399
     368
     372
     378
     401
     389
     350
     358
     383
     382
     384
     374
     379
     376
     396
     335
     359
     354
     348
     402
     369
     327
     339
     343
     340
     370
     308
     360
     329
     328
     332
     368
     353
     354
     348
     350
     361
     370
     335
     325
     360
     344
     335
     356
     309
     363
     331
     298
     323
     354
     340
     327
     305
     343
     329
     363
     290
     316
     323
     337
     316
     321
     313
     359
     313
     317
     323
     322
     317
     298
     305
     320
     288
     287
     343
     310
     322
     355
     278
     288
     298
     288
     280
     291
     297
     298
     342
     310
     308
     286
     311
     320
     303
     313
     314
     294
     305
     313
     313
     315
     296
     303
     304
     300
     279
     294
     333
     303
     291
     313
     281
     314
     302
     337
     314
     271
     285
     291
     333
     333
     296
     325
     332
     304
     306
     288
     299
     283
     264
     299
     318
     313
     270
     316
     331
     268
     298
     303
     278
     289
     319
     366
     365
     395
     315
     298
     278
     310
     267
     272
     286
     299
     291
     253
     279
     322
     319
     292
     279
     289
     290
     284
     287
     280
     289
     268
     286
     282
     322
     285
     264
     292
     281
     268
     280
     275
     282
     264
     295
     265
     284
     290
     286
     274
     263
     271
     262
     279
     308
     283
     327
     275
     267
     263
     290
     267
     239
     238
     238
     265
     243
     240
     245
     230
     228
     188
     225
     234
     291
     337
     363
     315
     235
     242
     213
     229
     209
     229
     206
     227
     242
     208
     225
     190
     189
     203
     211
     199
     210
     213
     204
     196
     208
     192
     216
     206
     221
     202
     207
     180
     192
     213
     193
     168
     199
     176
     178
     207
     185
     184
     177
     177
     196
     196
     192
     191
     168
     183
     194
     202
     187
     201
     185
     176
     191
     207
     193
     193
     211
     178
     202
     196
     185
     210
     185
     179
     208
     169
     178
     192
     176
     159
     169
     150
     165
     192
     174
     153
     169
     173
     153
     154
     151
     161
     168
     172
     170
     166
     173
     178
     172
     181
     175
     168
     170
     167
     159
     167
     161
     156
     159
     172
     194
     154
     161
     172
     157
     157
     168
     141
     177
     168
     144
     162
     161
     183
     159
     158
     157
     145
     162
     136
     143
     159
     164
     160
     155
     164
     171
     153
     161
     147
     162
     175
     159
     187
     155
     177
     163
     164
     144
     185
     158
     144
     173
     152
     149
     171
     159
     141
     153
     137
     156
     160
     134
     170
     140
     139
     142
     161
     135
     162
     137
     157
     132
     137
     149
     172
     151
     157
     170
     175
     160
     150
     157
     120
     165
     131
     143
     150
     138
     145
     155
     158
     131
     141
     122
     151
     135
     134
     121
     120
     149
     132
     135
     146
     144
     130
     126
     137
     146
     138
     134
     157
     124
     126
     142
     131
     156
     125
     148
     145
     116
     157
     149
     120
     148
     133
     124
     131
     143
     122
     138
     143
     137
     149
     149
     128
     133
     112
     143
     121
     136
     136
     111
     143
     128
     132
     118
     130
     125
     145
     143
     137
     143
     126
     155
     115
     137
     115
     130
     141
     111
     128
     133
     143
     138
     126
     133
     145
     139
     148
     138
     141
     136
     135
     148
     130
     135
     144
     133
     158
     121
     131
     130
     120
     125
     121
     129
     142
     112
     125
     108
     141
     130
     122
     146
     143
     129
     115
     142
     128
     127
     127
     136
     132
     109
     165
     129
     135
     110
     138
     153
     167
     127
     133
     126
     139
     155
     122
     138
     117
     130
     137
     141
     136
     127
     120
     136
     130
     143
     153
     135
     157
     119
     132
     129
     140
     127
     128
     143
     140
     138
     133
     147
     125
     117
     126
     150
     189
     175
     228
     218
     219
     185
     138
     151
     146
     138
     142
     119
     139
     136
     127
     136
     134
     146
     133
     129
     134
     132
     137
     148
     136
     137
     132
     130
     144
     130
     125
     130
     147
     138
     134
     134
     112
     139
     132
     133
     144
     129
     114
     135
     140
     126
     117
     139
     113
     136
     141
     115
     148
     135
     123
     123
     131
     137
     148
     134
     135
     159
     144
     143
     150
     142
     150
     160
     162
     169
     159
     139
     147
     155
     148
     137
     156
     156
     160
     191
     226
     287
     372
     628
     930
    1517
    2252
    3251
    4191
    5084
    5700
    5622
    4728
    3807
    2730
    1815
    1150
     724
     450
     316
     226
     192
     164
     168
     140
     146
     165
     128
     131
     146
     147
     131
     142
     134
     124
     133
     136
     131
     136
     133
     129
     141
     146
     142
     132
     142
     127
     144
     136
     138
     149
     143
     149
     110
     122
     149
     135
     152
     140
     136
     148
     153
     152
     156
     135
     147
     134
     126
     125
     136
     137
     134
     134
     148
     139
     138
     143
     153
     115
     140
     142
     133
     132
     139
     144
     141
     135
     129
     133
     127
     142
     153
     129
     131
     136
     166
     149
     146
     136
     150
     124
     139
     163
     116
     147
     138
     129
     148
     115
     150
     129
     114
     141
     142
     143
     131
     131
     150
     123
     139
     133
     135
     116
     132
     105
     131
     109
     116
     127
     109
     122
     105
     115
     102
     109
     142
     131
     116
     111
     108
     106
     106
     115
     116
     116
     110
     106
     111
     101
     100
     136
     117
     101
     111
     110
     109
     114
     104
     111
     123
     113
     115
      99
     109
     115
     127
     111
     120
     109
     115
     119
     113
     113
     119
     116
     115
     109
     119
     110
      94
      94
     102
     116
     120
      89
     107
     114
     102
      88
      99
      93
     123
     125
     127
     109
     131
     122
     117
     101
     109
     109
     116
     116
     111
     121
      97
     103
     119
     105
     109
     128
     111
     110
     105
     107
     111
      94
     109
     111
      98
     106
      90
     125
     113
     117
      83
     110
     119
     111
      91
     106
     127
     103
     125
     112
     105
     119
     101
     106
     125
     117
     124
     115
     146
     109
     108
     113
     102
     128
     107
     106
     129
     111
     117
     116
     102
     104
     107
     117
     119
     126
     101
     105
     116
     122
     105
     120
     108
     108
     140
      98
     109
     109
     109
     102
     108
      90
      96
     101
      94
      99
     111
     104
     128
     111
      96
      99
     111
     103
     109
     105
     104
     134
     104
     130
     109
      98
     106
     102
     114
      89
     110
      91
      89
      94
     117
      90
     102
     117
     103
     101
     122
     102
      97
     109
      95
     110
      95
     117
     104
     108
     110
      94
     105
     105
     100
     112
     104
      85
      91
     107
      97
      99
     102
     110
     110
     116
     105
      86
      89
     108
      98
     109
     107
     105
     120
      94
     102
      86
     113
     117
     116
     112
     106
     105
     103
     114
     104
      99
     112
     109
      98
     104
      76
     120
     110
     130
     112
     108
     106
     101
      85
      79
      99
      96
      84
     117
      94
     110
      90
     112
      93
      94
      77
      89
      88
      99
      97
      94
      90
      80
      78
      96
     101
     100
     102
      99
      79
      79
      95
      85
     104
      92
     107
      98
      74
      85
      97
      94
      98
      84
      73
     100
      97
     100
      76
      75
      80
     100
      81
     102
      92
      84
      96
      92
     106
      91
      97
      84
      97
      93
      76
      94
      99
      95
      72
     100
      84
      96
      87
      94
      76
      84
     104
      80
     101
      82
     102
     102
     103
      82
      70
     102
     101
     123
     101
      93
     111
      89
      94
      97
      99
      96
      84
      90
      77
     104
      75
     101
      89
      98
      78
     103
      87
      84
      89
      73
      85
      91
     101
      99
     102
     103
      91
      83
     105
      93
     103
      89
     103
      89
      92
      92
      87
      98
      88
      93
      83
      90
      96
     101
     108
     102
     101
     104
      87
      87
      81
      87
      86
      93
      96
      83
      83
      89
      79
      87
      84
      81
      85
      83
      94
      97
      76
     105
      90
      98
      88
      91
     105
      87
     100
     101
      88
      95
     120
     101
      96
      92
     111
      84
      99
      89
      88
      91
      94
      88
      85
      94
      78
      86
     114
     110
     114
      99
      92
      97
     116
      84
      87
      99
     110
     103
     107
      90
      96
      93
     101
      91
      86
      93
      96
      84
     111
      81
     110
      94
      75
      99
      87
      88
      86
      80
      73
      84
      88
      84
      79
      93
      97
      87
      98
      71
      88
      89
      85
      77
      76
      70
      78
      65
      66
      73
      61
      67
      74
      79
      79
      76
      75
      73
     121
     222
     413
     850
    1712
    3073
    4049
    4410
    3699
    2238
    1101
     419
     166
     102
      75
      69
      55
      65
      75
      66
      76
      75
      61
      51
      74
      55
      64
      57
      70
      66
      63
      62
      61
      63
      66
      73
      58
      58
      67
      72
      51
      69
      68
      51
      68
      60
      71
      47
      55
      69
      54
      61
      60
      53
      60
      62
      59
      58
      62
      71
      52
      61
      67
      57
      53
      61
      55
      44
      52
      64
      68
      83
      61
      49
      57
      58
      79
      54
      57
      47
      55
      50
      46
      68
      51
      51
      66
      51
      62
      63
      62
      54
      48
      54
      48
      50
      42
      53
      48
      51
      56
      43
      53
      71
      64
      46
      54
      67
      53
      48
      42
      48
      56
      46
      42
      50
      48
      62
      47
      50
      61
      60
      65
      43
      57
      55
      41
      45
      56
      50
      50
      39
      43
      47
      59
      46
      54
      44
      51
      66
      53
      36
      47
      44
      51
      48
      41
      33
      53
      54
      57
      50
      51
      54
      47
      40
      46
      55
      47
      56
      56
      54
      49
      53
      59
      44
      47
      59
      49
      42
      47
      45
      49
      31
      57
      55
      60
      61
      55
      65
      88
      57
      67
      62
      48
      48
      37
      55
      37
      59
      56
      56
      42
      45
      33
      46
      38
      42
      53
      50
      43
      36
      34
      38
      49
      52
      38
      52
      48
      50
      36
      49
      44
      53
      36
      35
      40
      42
      41
      47
      43
      46
      51
      44
      43
      36
      40
      33
      40
      31
      41
      53
      41
      34
      46
      50
      45
      60
      61
      67
      92
     135
     187
     161
     146
     131
      74
      60
      47
      57
      42
      39
      41
      38
      51
      50
      45
      35
      40
      37
      50
      37
      58
      36
      38
      47
      49
      68
     107
     222
     381
     724
    1156
    1634
    1943
    1721
    1148
     766
     415
     206
     121
      82
      52
      40
      38
      36
      34
      40
      33
      40
      40
      39
      29
      25
      33
      31
      25
      43
      36
      49
      38
      34
      33
      25
      47
      31
      47
      33
      37
      37
      41
      37
      43
      48
      32
      43
      36
      32
      23
      52
      52
      35
      38
      39
      36
      26
      30
      32
      35
      36
      39
      45
      36
      40
      43
      39
      41
      31
      39
      38
      35
      36
      37
      41
      33
      32
      33
      26
      34
      33
      33
      37
      38
      46
      22
      42
      27
      29
      34
      41
      42
      31
      32
      29
      31
      37
      32
      37
      39
      41
      29
      35
      40
      28
      38
      36
      38
      37
      36
      39
      34
      42
      39
      37
      43
      43
      38
      36
      31
      45
      32
      37
      32
      27
      45
      43
      25
      44
      35
      36
      28
      35
      37
      38
      38
      47
      31
      36
      36
      32
      33
      30
      35
      32
      47
      42
      36
      49
      51
      40
      48
      36
      31
      38
      40
      38
      46
      34
      32
      36
      39
      38
      32
      36
      43
      32
      36
      42
      40
      44
      42
      42
      46
      28
      35
      39
      36
      39
      43
      41
      43
      29
      34
      39
      40
      37
      43
      40
      47
      35
      31
      33
      32
      32
      45
      40
      35
      36
      45
      53
      60
      49
      52
      59
      50
      51
      50
      36
      42
      43
      45
      42
      42
      29
      41
      49
      42
      36
      51
      48
      47
      80
     110
     110
     128
     109
      94
     110
     114
     195
     418
     776
    1392
    2133
    2963
    3651
    3148
    2425
    1421
     673
     272
     101
      61
      43
      44
      34
      31
      50
      30
      42
      49
      43
      36
      41
      26
      35
      34
      30
      33
      34
      38
      43
      44
      31
      34
      23
      39
      24
      43
      35
      29
      37
      27
      51
      41
      44
      41
      35
      39
      43
      35
      32
      42
      36
      31
      23
      47
      38
      48
      23
      33
      35
      21
      39
      42
      39
      33
      47
      37
      30
      32
      34
      38
      38
      36
      29
      32
      37
      36
      32
      36
      42
      36
      41
      46
      43
      32
      45
      34
      41
      30
      39
      44
      49
      32
      25
      39
      37
      29
      52
      43
      41
      30
      36
      43
      32
      42
      46
      35
      46
      42
      65
      47
      48
      64
      66
      46
      56
      46
      46
      36
      37
      35
      43
      40
      35
      55
      50
      59
      61
      68
      62
      56
      59
      57
      46
      34
      38
      40
      41
      39
      47
      33
      37
      37
      37
      34
      43
      45
      44
      42
      43
      34
      44
      35
      41
      33
      38
      34
      60
      55
      38
      37
      52
      46
      35
      39
      43
      33
      52
      52
      48
      42
      49
      44
      39
      52
      48
      37
      34
      43
      35
      36
      29
      44
      42
      36
      39
      65
      45
      44
      37
      41
      46
      49
      43
      47
      38
      43
      38
      49
      38
      41
      41
      47
      45
      45
      41
      38
      37
      52
      28
      38
      35
      31
      51
      38
      52
      50
      40
      38
      32
      38
      50
      52
      55
      42
      44
      41
      43
      46
      35
      42
      44
      43
      45
      39
      39
      43
      43
      38
      39
      40
      47
      36
      37
      31
      30
      36
      39
      34
      38
      40
      36
      38
      31
      47
      39
      53
      45
      43
      39
      43
      30
      39
      58
      50
      73
      94
     126
     197
     209
     250
     203
     150
      96
      74
      41
      33
      43
      33
      32
      48
      31
      39
      37
      36
      28
      36
      51
      40
      38
      37
      43
      36
      38
      19
      46
      39
      47
      40
      36
      44
      41
      31
      29
      39
      34
      42
      30
      29
      38
      34
      32
      31
      38
      29
      32
      38
      47
      31
      32
      35
      33
      48
      40
      40
      45
      47
      49
      37
      28
      33
      33
      26
      44
      39
      46
      40
      33
      39
      34
      40
      46
      38
      31
      30
      36
      25
      45
      51
      35
      33
      33
      31
      28
      38
      34
      35
      45
      49
      44
      39
      39
      40
      49
      33
      41
      45
      39
      47
      41
      40
      40
      46
      46
      41
      41
      40
      31
      41
      36
      28
      34
      36
      38
      25
      29
      29
      52
      41
      45
      45
      41
      40
      42
      39
      38
      26
      41
      33
      41
      27
      34
      30
      35
      40
      33
      33
      51
      40
      30
      42
      45
      27
      42
      38
      38
      38
      36
      34
      30
      34
      38
      33
      33
      28
      45
      42
      29
      40
      37
      38
      38
      33
      38
      29
      41
      42
      39
      41
      31
      35
      39
      40
      36
      43
      30
      35
      26
      36
      25
      29
      50
      36
      35
      41
      34
      31
      38
      46
      39
      44
      40
      45
      41
      32
      44
      39
      31
      30
      38
      34
      34
      47
      36
      38
      46
      28
      35
      37
      49
      34
      36
      46
      39
      40
      27
      36
      40
      37
      47
      39
      38
      48
      36
      36
      31
      46
      37
      31
      36
      38
      31
      36
      49
      43
      38
      42
      37
      40
      31
      38
      33
      35
      35
      36
      37
      35
      31
      33
      38
      49
      34
      41
      39
      42
      39
      49
      32
      39
      43
      45
      34
      39
      45
      49
      38
      43
      30
      29
      37
      36
      46
      39
      34
      33
      37
      41
      40
      25
      44
      49
      37
      38
      38
      42
      42
      46
      35
      26
      37
      46
      44
      45
      33
      34
      42
      33
      38
      33
      42
      37
      35
      37
      43
      39
      25
      36
      37
      36
      39
      50
      39
      27
      38
      42
      36
      42
      33
      46
      41
      34
      43
      44
      44
      37
      36
      38
      47
      34
      43
      36
      38
      41
      44
      47
      37
      33
      50
      37
      50
      45
      44
      42
      46
      37
      48
      25
      30
      37
      47
      52
      39
      49
      57
      64
      61
      67
      61
      55
      48
      79
      57
      41
      45
      51
      50
      35
      49
      31
      49
      42
      46
      47
      43
      41
      45
      48
      57
      48
      51
      46
      36
      45
      51
      52
      54
      44
      50
      65
      38
      52
      52
      39
      34
      50
      45
      42
      42
      48
      39
      48
      33
      60
      50
      35
      48
      48
      50
      46
      43
      29
      58
      43
      58
      35
      40
      43
      47
      46
      37
      53
      44
      44
      45
      53
      45
      42
      46
      40
      42
      58
      43
      37
      59
      58
      39
      50
      45
      36
      43
      47
      53
      47
      47
      41
      42
      38
      44
      58
      50
      35
      37
      42
      37
      43
      44
      41
      38
      33
      54
      42
      40
      47
      29
      39
      37
      33
      32
      49
      37
      35
      42
      46
      36
      29
      26
      36
      24
      30
      30
      39
      37
      27
      30
      37
      41
      27
      30
      24
      26
      27
      32
      42
      46
      28
      37
      30
      24
      30
      36
      26
      24
      23
      20
      32
      26
      35
      24
      28
      32
      36
      27
      34
      47
      52
      84
     124
     192
     296
     414
     602
     708
     797
     715
     485
     331
     190
     104
      56
      32
      33
      25
      23
      21
      32
      28
      33
      46
      59
      73
     107
     112
     122
     123
     118
     100
      72
      61
      35
      32
      20
      21
      24
      31
      30
      22
      18
      27
      26
      23
      27
      21
      20
      16
      16
      29
      30
      42
      21
      20
      30
      27
      26
      18
      25
      23
      27
      21
      25
      20
      27
      30
      23
      24
      19
      27
      20
      23
      21
      26
      21
      24
      15
      26
      25
      23
      21
      30
      21
      15
      26
      20
      18
      11
      26
      16
      17
      18
      21
      26
      18
      20
      17
      31
      25
      28
      26
      33
      27
      35
      24
      18
      20
      23
      19
      14
      26
      26
      13
      17
      16
      17
      17
      17
      21
      15
      24
      23
      21
      11
      21
      22
      21
      20
      18
      12
      24
      18
      14
      16
      18
      13
      11
      18
      12
      21
      19
      18
      12
      17
      16
      17
      23
      15
      22
      17
      13
      17
      18
      16
      17
      16
      17
      15
      16
      17
      19
       8
       8
      18
      20
      16
      10
      14
      18
      13
      14
      17
      18
      16
      10
      23
      12
      10
      19
      11
      11
      15
      13
      17
      13
      14
      20
      13
      17
       8
       9
      18
      13
      15
      22
      20
      30
      35
      38
      40
      33
      11
      18
      15
      16
      19
      11
      20
      12
      20
      20
      23
      11
      14
      13
      12
       6
      12
       4
      18
      18
      12
      11
       6
      17
       7
       9
      11
      10
      13
       8
      14
       8
       7
       0
       8
       8
       8
      13
       6
       6
       4
      14
      11
       8
      10
      17
      10
      23
      35
      39
      75
      95
     104
     120
     120
     107
      73
      38
      18
      11
      12
      14
       8
      15
       4
       4
       5
      11
       4
      14
       5
      11
       4
       8
       9
       7
      12
       7
       5
      10
       9
       6
       8
       8
       8
       6
      10
       8
       6
       8
       7
       9
       9
      13
       6
       4
       8
       5
       9
      10
      10
       4
      13
       5
       5
       9
       7
       6
       8
      13
       5
       6
       9
      10
      12
       9
      18
      21
      21
      34
      35
      44
      41
      52
      35
      29
      23
      15
      13
       8
      10
       8
       5
       9
       9
       5
       6
       7
      10
       9
      10
      12
       8
      12
      14
      14
      20
      15
      12
      10
      13
      12
       9
       5
       4
       5
       6
       4
      10
       6
       2
       8
       4
       8
       3
       9
       2
      10
       4
       5
       4
       7
       8
      12
       8
       3
       7
      11
      10
       7
       9
      10
      14
       8
       4
       4
       8
       9
       9
       4
       7
       3
       8
      14
       6
       7
       6
       5
       3
       7
       6
       7
       7
       4
       5
       5
       6
       7
       8
       8
       6
       6
       8
       7
       6
       4
       9
       9
       8
       4
      10
       6
       5
       6
      10
       9
       6
       3
       3
       3
       2
       9
       3
       9
       9
       4
       5
      11
       4
       7
       5
       6
      11
       8
      10
      13
      15
      18
      22
      14
      13
       9
       9
       6
       4
       8
       5
       5
      10
       3
       6
       7
       5
       5
       7
       8
       6
       4
       9
       3
       9
       9
       8
      14
       6
       5
       6
       4
       8
      11
       7
       6
       9
       7
      10
       9
       9
       2
      10
      10
       6
       6
       9
       5
       9
       8
       5
       9
       5
       8
       9
      13
      20
      17
      26
      55
     100
     127
     241
     356
     601
     910
    1255
    1610
    1910
    2005
    1744
    1435
     981
     535
     248
     137
      28
      24
      10
       6
      11
       5
       4
       4
       6
       2
       6
       5
       4
       9
       5
       1
       8
       5
       5
       4
       6
       6
       9
       9
       7
      10
       5
       6
      13
       5
       4
       6
       5
       4
       3
       1
       7
       3
       7
       7
       6
       3
       5
       7
       5
       8
       3
       1
       2
       2
       4
       1
       5
       9
       3
       6
       8
       5
       7
       7
       5
       9
       5
      11
       6
       2
       8
       6
       1
       4
       6
       6
       9
       3
       5
       7
       9
       7
       5
       4
       8
       1
       4
       5
       5
       4
       4
       1
       4
       3
       4
       0
       8
       7
       4
       3
       2
       4
       2
       3
       2
       7
       7
       6
       6
       7
       6
       4
       7
       4
       4
       6
       4
       4
       8
       8
       6
      10
       2
       7
       9
       4
       3
       4
       3
       8
       3
       7
       6
       5
       8
       3
       5
       5
       5
       5
       3
       5
       4
       4
       8
       7
       3
      10
       5
       4
       7
       6
       8
       6
       3
       7
       4
       9
       2
       5
       3
       5
       6
       6
       5
       5
       9
       9
       2
       5
       5
       7
       9
       7
       8
       3
       7
       1
       8
       3
       8
       5
       6
       7
       5
       8
       5
       4
       6
       5
       9
       6
      10
       2
       5
       6
       6
       9
       5
       5
       6
       5
       4
       4
       5
       3
       9
       0
       6
       4
       6
       6
       5
       9
       5
       3
       8
       4
       4
       4
       2
       7
       4
       1
       8
       8
       3
       8
       7
       9
       7
       5
      13
       7
       6
       6
       6
       5
       5
       9
       2
       3
       2
       5
       3
       4
       5
       5
       6
       2
       9
       4
       6
       6
       4
       4
       7
       1
       5
       2
       5
       7
       4
       4
       5
       9
       7
       7
       5
       6
       9
       4
       3
      11
       5
       3
       9
       2
       5
       6
       3
       7
       3
       1
       5
       6
       4
       5
       3
       4
       4
       1
       3
       4
       4
       0
       7
       3
       4
       7
       4
       2
       5
       6
       2
       6
       3
       5
       5
       9
       3
       3
       2
       3
       7
       5
       2
       2
       6
       5
       4
       4
       6
       4
       5
       7
       3
       4
       2
       4
       4
       2
       5
       3
       6
       3
       4
       5
       3
       1
       6
       5
       3
       8
       1
       4
       4
       3
       2
       4
       1
       4
       3
       1
       7
       6
       4
       3
       2
       7
       5
       8
       9
       7
       6
       9
       9
       9
      13
       7
       5
       9
       5
      10
       4
       8
       4
       7
       7
       4
       6
       6
       6
       1
       3
       6
       2
       1
       2
       4
       3
       4
       3
       7
       6
       4
       5
       2
       6
       3
       3
       6
       3
       6
       8
       4
       4
       2
       2
       3
       8
       0
       1
       4
       5
       2
       3
       3
       5
       5
       5
       1
       3
       2
       5
       4
       7
       3
       5
       8
       6
       5
       3
       6
       5
       8
       5
       3
      10
       1
       3
       6
       4
       8
       2
       1
       3
       3
       7
       6
       5
       2
       2
       2
       3
       5
       1
       1
       5
       5
       3
       3
       3
       5
       8
       4
       7
       7
       5
       8
       4
       3
       6
       3
       2
       5
       5
       3
       7
       3
       3
       3
       7
       8
       3
       4
       1
       8
       3
       5
       4
       5
       6
       3
       6
       4
       3
       6
       4
       4
       2
       3
       2
       4
       5
       4
       7
       6
       4
       2
       1
       1
       4
       1
       3
       2
       2
       3
       2
       4
       3
       3
       4
       4
       4
       2
       2
       7
       2
       6
       2
       2
       6
       3
       3
       5
       4
       3
       4
       2
       2
       7
       2
       1
       4
       6
       4
       4
       5
       8
       6
       3
       7
       1
       2
       3
       4
       3
       3
       6
       8
       5
       1
       1
       6
       6
       1
       4
       4
       4
       4
       2
       3
       5
       7
       2
       5
       3
       3
       3
       5
       1
       3
       6
       6
       3
       4
       3
       3
       1
       7
       0
       2
       3
       0
       6
       1
       2
       2
       1
       1
       5
       7
       3
       2
       4
       5
       2
       4
       0
       3
       6
       5
       5
       3
       0
       6
       4
       3
       7
       4
       1
       5
       4
       5
       4
       3
       4
       5
       3
       1
       4
       6
       7
       7
       7
       6
       7
       4
       6
       4
       2
       3
       6
       2
       4
       3
       4
       7
       2
       7
       1
       4
       1
       0
       2
       5
       5
       1
       3
       5
       1
       2
       3
       2
       3
       3
       5
       4
       1
       2
       5
       0
       4
       1
       4
       3
       5
       6
       3
       2
       3
       7
       6
       1
       2
       3
       2
       2
       6
       0
       2
       2
       1
       3
       3
       6
       5
       5
       6
       4
       6
       9
       6
       3
       6
       4
       3
       2
       3
       8
       2
       1
       4
       2
       3
       3
       2
       3
       2
       9
       3
       2
       2
       2
       4
       2
       3
       2
       2
       6
       6
       3
       4
       3
       5
       2
       4
       2
       5
       6
       7
       4
       3
       0
       3
       2
       7
       5
       3
       3
       1
       4
       3
       6
       5
       1
       2
       5
       6
       5
       6
       3
       2
       7
       3
       3
       1
       6
       5
       4
       2
       5
       5
       3
       3
       3
       3
       6
       2
       2
       6
       6
       3
       1
       3
       4
       4
      11
       1
       1
       4
       3
       4
       4
       1
       6
       5
       6
       3
       7
       2
       6
       2
       2
       3
       1
       4
       2
       1
       6
       2
       2
       2
       6
       4
       5
       8
       5
       4
       2
       2
       0
       2
       5
       6
       4
       3
       3
       2
       4
       3
       1
       2
       3
       2
       4
       5
       5
       1
       3
       2
       1
       1
       2
       3
       1
       4
       5
       3
       4
       2
       3
       4
       5
       3
       2
       5
       3
       2
       6
       6
       3
       4
      11
       8
      10
       8
      34
      27
      38
      53
      66
      98
      80
     110
      83
      87
      67
      50
      29
      14
      13
       6
       7
       5
       3
       2
       5
       1
       3
       2
       4
       5
       4
       3
       1
       6
       4
       3
       3
       3
       5
       3
       3
       1
       5
       6
       5
       6
       3
       7
       5
       1
       2
       2
       1
       8
       3
       4
       2
       3
       2
       2
       3
       6
       2
       5
       2
       5
       4
       2
       1
       4
       4
       1
       7
       1
       2
       4
       4
       1
       2
       4
       7
       5
       3
       4
       5
       4
       4
       6
       4
       4
       1
       7
       2
       4
       1
       3
       4
       4
       5
       4
       3
       3
       4
       0
       3
       4
       5
       3
       2
       7
       4
       8
       9
       5
       6
       5
       6
       4
       4
       6
       1
       2
       3
       6
       2
       4
       0
       3
       3
       5
       2
       1
       1
       2
       4
       1
       3
       3
       0
       1
       2
       2
       8
       4
       3
       5
       2
       2
       2
       1
       3
       0
       1
       3
       4
       2
       3
       4
       3
       3
       1
       3
       1
       4
       1
       2
       4
       3
       5
       1
       2
       6
       1
       6
       1
       3
       3
       2
       6
       2
       2
       3
       5
       3
       1
       2
       1
       3
       4
       2
       4
       4
       1
       4
       3
       1
       4
       3
       4
       4
       3
       4
       2
       1
       0
       1
       1
       4
       3
       4
       3
       1
       4
       0
       2
       0
       1
       5
       6
       3
       1
       4
       3
       3
       3
       1
       1
       3
       5
       8
       3
       1
       1
       1
       7
       3
       1
       5
       3
       8
       2
       2
       0
       2
       1
       1
       2
       6
       2
       5
       6
       2
       4
       4
       1
       2
       2
       1
       0
       2
       1
       2
       1
       3
       1
       3
       5
       4
       1
       4
       2
       3
       3
       2
       2
       3
       1
       4
       6
       5
       5
       2
       2
       1
       5
       1
       3
       6
       1
       2
       1
       1
       1
       3
       3
       6
       3
       2
       1
       5
       4
       1
       3
       1
       1
       1
       0
       1
       1
       4
       3
       2
       1
       3
       1
       1
       2
       2
       0
       1
       2
       4
       4
       4
       1
       2
       4
       3
       2
       1
       2
       0
       5
       2
       0
       5
       4
       2
       3
       1
       1
       3
       4
       2
       1
       3
       1
       2
       5
       3
       2
       1
       2
       3
       0
       3
       2
       4
       4
       2
       1
       3
       2
       3
       3
       1
       2
       2
       5
       2
       3
       5
       1
       4
       2
       3
       1
       0
       1
       6
       1
       2
       1
       0
       4
       3
       3
       4
       6
       0
       1
       1
       3
       1
       5
       2
       1
       1
       3
       2
       5
       6
       2
       3
       2
       4
       3
       2
       1
       1
       3
       0
       2
       1
       2
       1
       0
       1
       1
       0
       4
       3
       0
       2
       1
       2
       0
       1
       1
       4
       1
       0
       2
       1
       2
       3
       6
       2
       2
       2
       0
       1
       0
       2
       3
       3
       1
       2
       3
       2
       1
       2
       1
       3
       3
       0
       2
       1
       4
       1
       2
       4
       5
       9
       2
       5
       2
       5
       2
       7
       3
       2
       4
       2
       2
       1
       2
       4
       3
       1
       1
       1
       3
       2
       4
       2
       3
       2
       2
       2
       1
       6
       5
       2
       0
       1
       2
       0
       0
       0
       1
       1
       1
       2
       1
       1
       4
       1
       7
       6
       4
       7
       9
       4
       7
       5
       4
       3
       3
       4
       0
       3
       2
       0
       1
       0
       1
       1
       5
       0
       2
       2
       2
       2
       2
       1
       0
       1
       0
       0
       1
       2
       0
       4
       2
       3
       4
       5
       3
       0
       0
       4
       3
       0
       4
       1
       8
       1
       1
       2
       1
       3
       4
       1
       3
       1
       3
       1
       2
       4
       0
       1
       1
       0
       0
       2
       1
       4
       0
       2
       3
       1
       2
       0
       3
       1
       3
       1
       0
       3
       0
       1
       1
       1
       2
       2
       0
       1
       2
       3
       5
       1
       2
       0
       0
       2
       1
       1
       0
       2
       0
       1
       0
       1
       3
       4
       2
       4
       0
       0
       0
       2
       4
       3
       3
       2
       2
       1
       2
       3
       0
       1
       6
       2
       0
       1
       3
       2
       1
       3
      10
       8
       6
      16
      10
      27
      17
      22
      20
       9
      13
      10
       6
       7
       0
       2
       2
       2
       4
       2
       2
       1
       2
       3
       3
       1
       1
       3
       3
       0
       4
       2
       3
       0
       1
       1
       0
       1
       3
       0
       0
       0
       1
       1
       5
       2
       5
       3
       3
      11
      19
      12
      15
      22
      26
      42
      31
      44
      45
      35
      33
      26
      11
      16
       8
       2
       7
       1
       2
       2
       3
       0
       3
       2
       1
       1
       2
       2
       1
       2
       2
       0
       2
       5
       0
       1
       2
       2
       0
       2
       2
       5
       0
       2
       1
       1
       1
       1
       0
       3
       0
       3
       2
       1
       1
       4
       1
       1
       2
       0
       2
       4
       4
       3
       3
       2
       1
       3
       1
       4
       3
       0
       0
       0
       0
       3
       2
       0
       1
       0
       0
       0
       2
       3
       1
       0
       2
       1
       2
       2
       1
       1
       2
       3
       0
       4
       1
       1
       0
       1
       0
       0
       1
       1
       0
       1
       0
       1
       0
       0
       4
       0
       0
       1
       1
       3
       2
       2
       1
       3
       2
       3
       1
       1
       3
       1
       4
       3
       0
       1
       0
       0
       2
       4
       5
       5
       4
       6
       4
       3
       7
       7
      13
       5
      13
       6
       4
      10
       5
       7
       0
       2
       0
       1
       3
       2
       1
       0
       2
       2
       1
       4
       0
       1
       2
       2
       1
       0
       1
       2
       4
       3
       3
       2
       0
       2
       2
       2
       4
       0
       1
       3
       4
       3
       4
       2
       2
       4
       1
       3
       0
       1
       1
       4
       4
       0
       4
       4
       1
       2
       0
       0
       4
       3
       2
       0
       3
       2
       6
       0
       3
       4
       5
       6
       6
       6
       0
       2
       0
       2
       3
       1
       4
       1
       1
       6
       1
       0
       2
       3
       2
       1
       1
       2
       1
       3
       1
       1
       2
       0
       3
       2
       3
       0
       2
       3
       1
       0
       1
       0
       0
       3
       2
       1
       1
       6
       2
       3
       4
       2
       1
       3
       4
       2
       0
       1
       3
       1
       0
       2
       0
       1
       3
       1
       3
       0
       2
       3
       1
       1
       1
       0
       0
       1
       2
       1
       1
       0
       2
       2
       2
       1
       0
       2
       2
       5
       4
       2
       0
       6
       3
       1
       2
       0
       1
       0
       1
       2
       0
       1
       0
       1
       1
       3
       4
       1
       3
       1
       1
       1
       3
       1
       1
       1
       4
       0
       1
       3
       1
       3
       1
       1
       0
       4
       1
       5
       4
       0
       2
       2
       3
       4
       1
       7
       1
       4
       2
       0
       0
       1
       2
       3
       0
       0
       4
       2
       4
       1
       3
       1
       1
       0
       0
       2
       4
       2
       3
       1
       1
       3
       1
       3
       2
       1
       2
       0
       2
       6
       5
       5
       3
       4
       7
       7
       3
       5
       3
       0
       6
       5
       2
       3
       1
       0
       0
       2
       1
       2
       0
       3
       2
       3
       2
       0
       1
       3
       2
       3
       4
       0
       2
       4
       1
       0
       1
       1
       3
       1
       0
       1
       2
       1
       0
       1
       2
       0
       0
       1
       2
       3
       0
       5
       3
       3
       0
       0
       2
       0
       0
       3
       4
       2
       5
       1
       1
       2
       3
       1
       5
       1
       5
       5
       4
       0
       0
       6
       3
       2
       3
       2
       1
       3
       1
       0
       2
       1
       2
       1
       4
       0
       2
       4
       4
       2
       6
       2
       6
       4
       1
       3
       1
       2
       3
       0
       1
       0
       2
       5
       2
       0
       2
       2
       1
       5
       2
       0
       4
       3
       2
       0
       3
       4
       1
       1
       4
       2
       6
       3
       4
       3
       1
       1
       5
       9
       6
       4
       5
       2
       6
       5
       6
       2
       0
       4
       5
       4
       1
       3
       7
       2
       1
       2
       3
       1
       2
       2
       0
       1
       2
       3
       2
       0
       1
       2
       4
       1
       2
       5
       1
       3
       4
       3
       2
       1
       2
       0
       4
       3
       2
       1
       3
       0
       1
       2
       2
       2
       2
       3
       4
       3
       0
       0
       5
       1
       2
       3
       5
       4
       2
       4
       3
       1
       1
       2
       2
       3
       3
       6
       2
       2
       3
       1
       1
       1
       2
       4
       0
       3
       3
       2
       1
       5
       2
       0
       2
       5
       3
       2
       4
       2
       4
       3
       5
       3
       0
       2
       2
       1
       3
       2
       1
       1
       6
       1
       2
       2
       1
       1
       3
       3
       3
       2
       1
       3
       1
       1
       3
       3
       2
       3
       2
       2
       3
       1
       2
       4
       2
       1
       1
       2
       4
       4
       2
       1
       4
       4
       3
       5
       0
       1
       6
       4
       2
       3
       1
       0
       1
       4
       3
       0
       3
       1
       3
       4
       0
       1
       3
       0
       4
       3
       0
       2
       1
       1
       2
       3
       0
       3
       0
       7
       3
       2
       5
       2
       2
       1
       0
       4
       2
       1
       2
       4
       3
       3
       4
       1
       2
       2
       4
       2
       3
       1
       1
       4
       0
       1
       3
       3
       0
       0
       6
       1
       0
       6
       2
       4
       1
       3
       6
       3
       2
       0
       3
       2
       1
       1
       5
       2
       2
       2
       2
       0
       5
       4
       4
       2
       1
       1
       2
       1
       6
       0
       1
       5
       8
       2
       4
       1
       2
       1
       4
       2
       1
       2
       1
       2
       6
       0
       2
       3
       1
       4
       3
       3
       4
       1
       3
       1
       1
       2
       0
       3
       3
       3
       2
       5
       2
       0
       4
       4
       1
       1
       6
       2
       3
       3
       1
       2
       3
       3
       3
       2
       2
       4
       1
       1
       2
       4
       2
       2
       4
       4
       4
       1
       3
       2
       1
       3
       0
       0
       5
       2
       1
       2
       2
       3
       1
       3
       2
       4
       0
       5
       6
       0
       2
       3
       3
       2
       1
       6
       5
       2
       1
       3
       1
       1
       1
       4
       2
       2
       2
       4
       6
       2
       4
       3
       1
       3
       5
       2
       3
       4
       4
       3
       3
       0
       1
       3
       4
       5
       6
       5
       1
       1
       7
       8
       0
       3
       7
       6
       4
       4
       3
       1
       3
       6
       1
       5
       1
       3
       2
       1
       3
       0
       0
       2
       2
       4
       1
       2
       2
       1
       3
       0
       4
       2
       2
       0
       3
       0
       0
       3
       5
       1
       6
       2
       3
       4
       1
       1
       0
       3
       1
       0
       0
       3
       2
       2
       3
       0
       1
       1
       1
       6
       5
       1
       1
       2
       1
       4
       4
       3
       0
       4
       3
       0
       1
       0
       1
       1
       2
       2
       0
       2
       4
       2
       4
       4
       5
       1
       0
       4
       1
       2
       5
       2
       0
       0
       0
       1
       2
       0
       2
       2
       3
       1
       1
       0
       2
       2
       2
       2
       1
       4
       4
       0
       1
       0
       1
       2
       2
       0
       2
       0
       2
       3
       2
       1
       4
       2
       3
       2
       2
       3
       0
       1
       1
       3
       1
       0
       1
       1
       1
       1
       2
       5
       4
       2
       2
       1
       1
       1
       2
       2
       0
       3
       0
       1
       1
       3
       6
       3
       1
       0
       3
       2
       3
       5
       3
       4
       1
       0
       1
       2
       3
       2
       2
       3
       2
       2
       1
       0
       1
       3
       1
       1
       2
       0
       4
       1
       3
       3
       1
       1
       2
       0
       2
       1
       3
       3
       2
       1
       3
       1
       2
       0
       1
       2
       1
       3
       2
       1
       1
       3
       2
       2
       0
       0
       1
       3
       2
       2
       1
       1
       3
       1
       1
       3
       1
       3
       1
       1
       1
       1
       0
       1
       0
       0
       1
       1
       3
       3
       2
       0
       0
       1
       3
       2
       1
       1
       0
       3
       1
       0
       0
       1
       1
       0
       2
       1
       0
       1
       3
       0
       0
       2
       1
       1
       0
       0
       1
       0
       4
       1
       1
       1
       2
       1
       2
       2
       0
       1
       4
       2
       1
       1
       1
       2
       0
       3
       1
       0
       2
       2
       1
       2
       2
       1
       1
       2
       2
       3
       0
       0
       0
       3
       2
       1
       0
       1
       3
       1
       2
       1
       4
       1
       1
       0
       0
       2
       3
       1
       2
       4
       0
       1
       2
       0
       0
       3
       2
       3
       2
       3
       2
       3
       1
       1
       0
       1
       1
       0
       5
       1
       1
       2
       1
       1
       0
       3
       3
       2
       3
       0
       1
       1
       1
       1
       0
       2
       0
       1
       3
       1
       2
       0
       4
       2
       1
       1
       2
       1
       0
       1
       1
       1
       2
       1
       0
       1
       1
       1
       0
       1
       1
       2
       3
       2
       2
       1
       2
       2
       2
       2
       1
       0
       1
       2
       2
       0
       1
       1
       4
       1
       2
       0
       1
       0
       0
       2
       3
       1
       0
       2
       1
       1
       0
       1
       3
       0
       1
       1
       1
       0
       0
       2
       1
       1
       2
       2
       0
       1
       0
       1
       1
       1
       2
       1
       3
       1
       1
       2
       0
       0
       0
       1
       1
       2
       1
       0
       0
       3
       2
       1
       2
       1
       1
       1
       1
       1
       2
       2
       1
       1
       1
       0
       1
       0
       3
       2
       0
       0
       1
       1
       1
       0
       2
       0
       3
       0
       2
       2
       2
       3
       0
       0
       0
       1
       2
       0
       1
       1
       1
       0
       1
       3
       0
       1
       1
       0
       1
       0
       0
       1
       1
       0
       0
       1
       1
       0
       1
       1
       0
       3
       1
       3
       0
       1
       1
       2
       3
       1
       2
       0
       0
       0
       1
       1
       1
       1
       0
       0
       2
       3
       1
       1
       2
       1
       1
       2
       1
       0
       3
       3
       1
       3
       0
       0
       1
       0
       0
       0
       0
       2
       3
       0
       0
       0
       0
       0
       1
       2
       1
       1
       1
       0
       2
       3
       0
       2
       1
       2
       2
       1
       0
       1
       1
       1
       2
       0
       2
       0
       2
       0
       2
       1
       1
       1
       1
       1
       2
       3
       8
       2
      10
      13
      12
      11
      17
      24
      27
      42
      40
      58
      50
      67
      60
      50
      51
      37
      29
      19
      18
      11
       5
       2
       1
       0
       2
       0
       0
       0
       2
       1
       1
       3
       0
       0
       2
       0
       0
       2
       1
       2
       1
       0
       0
       2
       2
       2
       1
       2
       2
       2
       1
       2
       2
       3
       1
       2
       0
       1
       2
       3
       0
       0
       1
       1
       2
       1
       1
       1
       1
       0
       2
       2
       0
       1
       0
       0
       1
       0
       2
       0
       2
       0
       1
       2
       0
       1
       0
       0
       1
       0
       0
       0
       3
       1
       0
       0
       0
       0
       1
       1
       1
       0
       2
       0
       1
       2
       0
       0
       0
       1
       0
       1
       1
       0
       4
       1
       0
       1
       1
       0
       0
       2
       2
       1
       0
       1
       0
       0
       0
       1
       0
       0
       0
       2
       0
       1
       2
       0
       4
       1
       0
       0
       0
       0
       2
       1
       1
       0
       0
       2
       1
       0
       0
       0
       0
       0
       1
       0
       1
       0
       1
       1
       0
       0
       0
       0
       0
       1
       1
       3
       2
       1
       2
       1
       1
       3
       0
       0
       0
       1
       0
       2
       0
       1
       0
       2
       2
       0
       1
       0
       3
       1
       2
       1
       0
       0
       1
       0
       1
       1
       0
       0
       0
       2
       1
       0
       0
       0
       2
       0
       1
       1
       1
       0
       0
       1
       1
       2
       0
       0
       3
       0
       0
       2
       1
       0
       2
       1
       0
       0
       1
       2
       1
       0
       1
       1
       2
       0
       2
       0
       2
       0
       0
       1
       4
       2
       1
       2
       1
       0
       4
       8
       2
       2
       0
       0
       1
       2
       1
       1
       2
       1
       2
       2
       0
       1
       1
       0
       0
       1
       1
       3
       0
       1
       0
       0
       3
       1
       0
       0
       1
       1
       1
       0
       0
       1
       2
       0
       2
       0
       0
       0
       0
       1
       3
       0
       4
       0
       1
       1
       2
       0
       0
       2
       1
       0
       1
       0
       2
       0
       1
       1
       1
       1
       3
       0
       0
       1
       2
       0
       1
       1
       0
       0
       1
       2
       0
       1
       1
       0
       0
       1
       1
       0
       1
       1
       1
       1
       0
       0
       2
       0
       1
       0
       2
       1
       0
       2
       1
       2
       0
       4
       1
       2
       0
       2
       0
       0
       1
       0
       3
       2
       0
       0
       2
       2
       0
       2
       2
       3
       0
       1
       2
       1
       1
       2
       2
       1
       4
       1
       4
       3
       5
       7
       1
       4
       6
       6
       5
       1
       8
       2
       5
       1
       1
       1
       0
       0
       1
       0
       1
       0
       2
       2
       1
       1
       1
       3
       4
       1
       2
       3
       1
       2
       6
       2
       4
       5
       4
       5
       5
       3
       4
       0
       0
       2
       0
       1
       3
       2
       3
       0
       1
       2
       1
       0
       4
       0
       1
       2
       2
       1
       2
       2
       0
       0
       2
       3
       1
       0
       1
       1
       3
       0
       1
       2
       0
       3
       1
       1
       0
       2
       0
       1
       1
       1
       1
       1
       1
       0
       0
       1
       2
       1
       3
       0
       1
       2
       2
       2
       1
       2
       0
       1
       0
       2
       0
       1
       0
       0
       2
       0
       0
       0
       0
       2
       0
       1
       0
       0
       4
       0
       1
       0
       2
       0
       1
       0
       0
       0
       0
       0
       1
       2
       2
       3
       0
       2
       1
       2
       1
       0
       1
       1
       0
       1
       2
       1
       1
       1
       0
       0
       0
       2
       1
       0
       1
       0
       2
       1
       0
       0
       2
       1
       0
       2
       1
       0
       1
       1
       2
       1
       0
       0
       3
       0
       1
       0
       0
       0
       2
       1
       0
       1
       1
       1
       1
       1
       0
       0
       1
       1
       1
       2
       1
       1
       0
       0
       0
       0
       0
       0
       1
       1
       2
       0
       1
       3
       1
       2
       1
       2
       2
       1
       0
       1
       3
       0
       0
       1
       1
       1
       0
       0
       0
       1
       0
       1
       1
       1
       3
       1
       0
       1
       3
       2
       0
       2
       1
       0
       0
       1
       1
       2
       0
       0
       1
       1
       0
       2
       2
       0
       1
       1
       0
       0
       1
       3
       1
       2
       3
       1
       3
       0
       0
       1
       0
       2
       0
       1
       0
       0
       1
       1
       0
       0
       0
       0
       0
       0
       0
       4
       0
       1
       4
       0
       1
       0
       1
       2
       0
       2
       0
       1
       2
       1
       0
       2
       2
       3
       3
       1
       0
       1
       0
       0
       1
       0
       1
       0
       0
       0
       1
       0
       1
       0
       2
       0
       0
       2
       0
       0
       0
       0
       0
       2
       2
       2
       0
       0
       3
       0
       1
       2
       0
       1
       1
       1
       2
       0
       2
       1
       0
       1
       0
       2
       0
       0
       0
       1
       0
       2
       0
       2
       2
       0
       1
       0
       0
       1
       0
       3
       0
       2
       3
       2
       2
       2
       0
       3
       0
       0
       0
       0
       0
       2
       1
       1
       0
       1
       0
       1
       3
       0
       1
       2
       1
       3
       1
       0
       0
       1
       0
       0
       0
       1
       0
       0
       3
       2
       2
       2
       0
       0
       0
       1
       3
       0
       1
       1
       1
       1
       0
       1
       2
       1
       0
       0
       0
       1
       0
       0
       1
       1
       0
       0
       1
       2
       2
       1
       1
       0
       0
       0
       1
       0
       2
       1
       0
       2
       0
       1
       1
       4
       0
       3
       0
       1
       2
       0
       2
       1
       2
       2
       3
       1
       1
       2
       2
       1
       0
       3
       1
       2
       1
       0
       3
       2
       2
       4
       1
       1
       0
       1
       2
       2
       1
       0
       1
       3
       2
       1
       1
       0
       3
       0
       0
       1
       1
       1
       1
       0
       1
       1
       1
       2
       1
       0
       1
       1
       0
       1
       3
       3
       0
       1
       1
       0
       2
       1
       1
       2
       2
       2
       0
       0
       0
       3
       0
       2
       3
       4
       1
       2
       1
       0
       2
       2
       1
       3
       2
       1
       1
       1
       3
       2
       1
       0
       0
       1
       0
       2
       0
       0
       2
       0
       0
       1
       2
       0
       1
       1
       1
       1
       1
       2
       4
       1
       1
       2
       1
       3
       0
       1
       1
       4
       0
       2
       2
       0
       0
       3
       0
       2
       3
       4
       2
       1
       0
       1
       1
       4
       1
       0
       1
       0
       0
       0
       1
       2
       1
       1
       3
       1
       0
       1
       3
       1
       1
       3
       0
       3
       2
       2
       1
       1
       1
       2
       1
       3
       1
       2
       1
       1
       2
       4
       1
       0
       0
       1
       3
       2
       1
       1
       1
       3
       0
       0
       2
       4
       0
       1
       3
       2
       0
       3
       3
       0
       0
       1
       1
       2
       1
       0
       2
       0
       0
       2
       1
       2
       2
       1
       2
       1
       2
       2
       0
       1
       2
       0
       2
       2
       1
       0
       2
       2
       1
       1
       0
       1
       0
       1
       0
       1
       1
       0
       0
       1
       2
       0
       2
       0
       1
       0
       0
       2
       2
       2
       1
       1
       1
       4
       1
       0
       1
       4
       2
       7
       3
       6
       3
       4
       2
       4
       2
       1
       2
       1
       5
       1
       0
       1
       0
       0
       2
       1
       3
       2
       0
       1
       1
       3
       2
       2
       0
       1
       2
       1
       0
       1
       3
       3
       3
       1
       0
       1
       1
       0
       1
       1
       2
       2
       2
       0
       1
       1
       1
       0
       0
       1
       2
       3
       0
       0
       1
       1
       1
       1
       0
       0
       1
       1
       1
       0
       0
       0
       2
       0
       0
       0
       1
       0
       0
       1
       0
       1
       0
       2
       0
       1
       0
       0
       1
       2
       0
       1
       2
       2
       1
       1
       1
       1
       1
       0
       1
       1
       0
       0
       0
       1
       1
       0
       1
       1
       0
       1
       0
       1
       3
       0
       3
       0
       0
       0
       0
       0
       0
       0
       0
       0
       1
       1
       3
       1
       1
       2
       0
       0
       1
       1
       2
       1
       0
       0
       1
       2
       1
       1
       0
       0
       1
       2
       0
       1
       0
       0
       0
       0
       2
       0
       1
       0
       1
       1
       2
       1
       2
       0
       0
       1
       1
       0
       0
       0
       0
       0
       2
       1
       1
       0
       0
       0
       0
       1
       1
       1
       1
       0
       0
       1
       0
       2
       0
       0
       1
       0
       0
       0
       0
       1
       1
       0
       1
       0
       0
       0
       1
       0
       0
       0
       1
       0
       1
       0
       1
       0
       0
       1
       1
       0
       1
       0
       1
       1
       2
       1
       0
       2
       0
       1
       2
       1
       0
       0
       0
       1
       1
       0
       0
       0
       0
       0
       0
       0
       0
       0
       0
       0
       0
       0
       0
       0
       0
       0
       0
       0
       0
       0
       0
       0
       0
       0
       0
       0
       0
       0
       0
       0
       0
       0
       0
       0
       0
       0
       0
       0
       0
       0
       0
       0
       0
       0
       0
       0
       0
       0
       0
       0
       0
       0
       0
       0
       0
       0
       0
       0
       0
       0
       0
       0
       0
       0
       0
       0
       0
       0
       0
       0
       0
       0
       0
       0
       0
       0
       0
       0
       0
       0
       0
       0
       0
       0
       0
       0
       0
       0
       0
       0
       0
       0
       0
       0
       0
       0
       0
       0
       0
       0
       0
       0
       0
       0
       0
       0
       0
       0
       0
       0
       0
       0
       0
       0
       0
       0
       0
       0
       0
       0
       0
       0
       0
       0
       0
       0
       0
$ROI:
2
1704 1746
2831 2841
$PRESETS:
None
0
0
$ENER_FIT:
0.128636 0.383659
$MCA_CAL:
3
1.286363E-001 3.836592E-001 7.451575E-008 keV
$SHAPE_CAL:
3
2.602834E+000 5.205996E-004 5.222647E-007
