$SPEC_ID:
Cs137
$SPEC_REM:
DET# 2
DETDESC# DETECTOR 2
AP# Maestro Version 7.01
$DATE_MEA:
02/21/2017 09:51:10
$MEAS_TIM:
84806 85126
$DATA:
0 8191
       0
       0
       0
       0
       0
       0
       0
       0
       0
       0
       0
       0
       0
       0
       0
       0
       0
       0
       0
       0
       0
       0
       0
       0
       0
       0
       0
       0
       0
       0
       0
       0
       0
       0
       0
       0
       0
       0
       0
       0
       0
       0
       0
       0
       0
       0
       0
       0
       0
       0
       0
       0
       0
       0
       0
       0
       0
       0
       0
       0
       0
       0
       0
       0
       0
       0
       0
       0
       0
       0
       0
       0
       0
       0
       0
       0
       0
       0
       0
       0
       0
       0
       0
       0
       0
       0
       0
       0
       0
       0
       0
       0
       0
       0
       1
      71
     586
    6311
   10282
   10456
   10283
   10287
   10399
   10301
   10226
   10204
   10317
   10432
   10120
   10170
   10334
   10316
   10223
   10311
   10377
   10409
   10327
   10353
   10333
   10283
   10628
   10690
   10534
   10595
   10497
   10750
   10843
   10785
   10864
   10855
   10963
   10695
   11056
   11091
   11258
   11087
   11290
   11215
   11410
   11400
   11402
   11273
   11409
   11657
   11405
   11505
   11499
   11808
   12050
   12008
   12336
   12623
   12787
   12984
   13021
   13095
   13164
   13331
   13230
   13249
   13395
   13456
   13659
   13762
   14021
   14164
   13780
   13709
   13557
   14035
   13931
   14099
   13697
   14019
   14052
   13979
   14137
   14190
   14288
   14353
   14735
   14692
   14879
   14797
   15298
   15360
   16315
   20076
   34431
   54110
   50876
   29498
   19804
   29474
   62885
   88969
   64265
   28054
   15117
   12943
   12583
   12647
   12257
   12282
   12337
   12398
   12463
   12649
   12569
   12491
   12750
   12716
   12750
   12795
   12882
   13128
   13262
   13964
   17013
   25893
   37638
   40251
   29438
   18085
   13715
   14095
   17110
   20885
   20171
   16182
   13236
   12286
   12090
   12226
   12095
   12285
   12198
   12197
   12350
   12517
   12774
   13102
   13054
   12742
   12382
   12402
   12644
   12493
   12480
   12500
   12336
   12655
   12874
   12438
   12465
   12584
   12934
   12736
   12711
   12719
   12814
   12822
   12770
   12778
   12902
   12803
   12863
   12853
   12994
   12951
   13368
   13351
   13299
   13320
   13200
   13198
   13353
   13244
   13613
   13280
   13333
   13457
   13489
   13702
   13618
   13459
   13710
   13913
   13628
   13684
   13512
   13822
   13708
   13930
   13961
   13907
   14032
   13957
   13772
   14052
   13876
   14094
   14064
   14080
   13969
   14126
   14208
   14097
   14286
   14129
   14228
   14264
   13912
   14284
   14290
   14207
   14411
   14525
   14436
   14365
   14316
   14386
   14408
   14346
   14548
   14402
   14493
   14584
   14489
   14631
   14510
   14555
   14696
   14553
   14658
   14774
   14575
   14518
   14453
   14712
   14707
   14689
   14681
   14392
   14555
   14796
   14611
   14645
   14469
   14682
   14742
   14399
   14627
   14569
   14659
   14598
   14827
   14615
   14577
   14727
   14709
   14612
   14612
   14423
   14486
   14747
   14721
   14991
   15285
   15028
   14705
   14438
   14734
   14619
   14650
   14648
   14636
   14820
   14715
   14768
   14920
   14672
   14668
   14598
   14499
   14650
   14759
   14524
   15014
   14777
   14732
   14975
   14829
   14629
   14975
   14979
   14674
   14792
   15027
   14827
   14990
   15016
   15220
   15151
   15265
   15437
   15331
   15290
   15412
   15417
   15569
   15360
   15343
   15827
   15360
   15627
   15565
   15504
   15518
   15730
   15736
   15576
   15681
   15632
   15636
   15601
   15589
   15701
   15734
   15710
   15534
   15654
   15856
   15732
   15784
   15875
   16322
   16122
   16195
   16225
   16542
   16728
   16707
   16961
   17108
   17172
   17641
   17626
   17754
   17939
   18157
   18148
   18125
   18239
   18215
   18441
   18611
   18403
   18562
   18382
   18531
   18536
   18433
   18163
   18360
   18409
   18457
   18424
   18349
   18297
   18162
   18058
   18290
   18102
   17903
   18033
   17992
   17999
   17980
   17485
   17749
   17659
   17633
   17705
   17932
   17902
   17434
   17326
   16860
   17331
   16985
   16944
   17159
   17299
   16864
   17101
   16644
   16884
   16714
   16756
   16894
   16616
   16480
   16783
   16565
   16758
   16757
   16512
   16560
   16824
   16977
   16841
   16759
   16706
   16865
   16841
   16937
   17252
   17101
   16927
   17200
   17306
   17186
   17498
   17548
   17396
   17229
   17527
   17629
   17436
   17467
   17448
   17607
   17597
   17624
   17614
   17389
   17531
   17195
   17273
   17259
   17292
   17262
   17031
   17111
   17031
   16896
   16948
   16904
   16735
   16743
   17020
   16847
   16709
   16781
   16593
   16556
   16566
   16644
   16574
   16484
   16276
   16469
   16389
   16158
   16273
   16234
   16512
   16202
   16209
   16285
   16185
   16303
   16128
   16162
   16059
   16008
   16074
   16160
   16191
   16002
   16187
   16001
   16459
   16278
   16269
   16034
   16051
   16381
   16328
   16243
   16173
   16104
   16138
   16021
   16206
   16453
   16397
   16187
   16024
   16235
   16287
   16272
   16155
   16386
   16245
   16184
   16473
   16279
   16201
   16268
   16585
   16655
   17350
   17662
   17351
   16621
   16371
   16139
   16227
   16246
   16288
   16131
   16093
   15992
   16179
   15881
   15578
   15689
   15591
   15734
   15475
   15572
   15425
   15382
   15218
   15136
   15107
   15101
   15105
   14859
   15023
   14725
   14926
   14740
   14554
   14600
   14341
   14276
   14108
   14045
   13763
   13811
   13826
   13737
   13607
   13698
   13580
   13560
   13433
   13309
   13199
   13358
   13025
   12913
   12806
   12735
   12883
   12768
   12462
   12535
   12337
   12344
   12085
   12192
   12079
   11901
   12233
   11887
   11987
   11703
   11820
   11721
   11418
   11444
   11179
   11402
   11199
   11306
   11318
   11243
   10898
   11048
   11119
   11113
   11056
   10850
   10944
   10616
   10786
   10723
   10698
   10617
   10631
   10657
   10695
   10407
   10450
   10476
   10517
   10403
   10545
   10305
   10407
   10402
   10388
   10599
   10368
   10568
   10251
   10426
   10427
   10359
   10299
   10264
   10192
   10311
   10159
   10121
   10190
   10227
   10216
   10150
   10125
    9991
   10316
    9801
   10072
   10226
    9949
    9959
    9857
   10024
    9931
   10103
   10036
    9900
    9912
    9971
   10019
    9822
    9993
    9958
    9985
    9837
    9934
    9896
   10069
    9888
    9940
    9977
    9764
    9894
    9868
   10021
    9871
    9966
    9937
    9708
   10024
    9976
   10089
    9904
    9899
   10061
    9883
    9816
    9904
    9874
    9819
    9892
    9935
    9921
    9735
    9944
    9870
    9889
    9828
    9954
    9949
    9897
   10113
    9807
   10049
    9896
    9811
    9994
    9950
    9788
    9764
    9953
    9960
    9839
   10002
    9890
    9718
   10034
    9967
    9998
   10018
   10023
   10079
    9966
    9898
    9784
    9811
    9800
    9836
    9891
    9905
   10124
    9884
    9853
    9887
    9973
    9619
    9731
    9934
    9879
    9824
   10002
    9883
    9895
    9806
    9773
    9732
    9833
    9753
    9869
    9883
    9913
    9894
    9905
    9907
    9850
    9943
    9922
   10035
    9851
    9802
    9977
    9837
    9938
    9911
    9885
    9858
    9716
    9810
    9822
    9679
    9914
    9838
    9779
    9557
   10037
    9855
    9593
    9518
    9661
    9648
    9736
    9674
    9345
    9638
    9517
    9557
    9517
    9264
    9308
    9434
    8980
    9171
    8990
    8926
    8754
    8759
    8539
    8263
    8245
    8245
    7964
    7784
    7732
    7683
    7485
    7340
    7311
    7237
    7078
    7223
    7101
    7009
    6926
    7025
    6960
    6736
    6900
    6691
    6616
    6576
    6346
    6477
    6532
    6573
    6382
    6349
    6430
    6388
    6331
    6278
    6246
    6028
    6252
    6231
    6242
    6204
    6053
    6014
    6074
    5927
    5958
    5970
    6129
    5994
    5975
    6011
    5878
    5799
    5856
    5845
    5820
    5615
    5809
    5752
    5609
    5850
    5627
    5651
    5656
    5672
    5644
    5529
    5611
    5477
    5494
    5400
    5537
    5481
    5369
    5408
    5419
    5383
    5382
    5409
    5273
    5248
    5371
    5213
    5306
    5201
    5181
    5168
    5269
    5049
    5074
    5136
    4992
    5141
    5195
    4996
    4996
    4888
    4895
    5001
    5022
    4906
    4866
    5027
    5038
    4895
    4993
    4866
    4712
    4814
    4841
    4863
    4726
    4791
    4806
    4865
    4699
    4850
    4633
    4685
    4737
    4675
    4714
    4852
    5820
    9119
   18617
   33765
   45371
   41032
   25168
   11943
    6186
    4781
    4763
    6162
   11531
   26796
   52761
   75724
   70730
   43861
   19201
    7654
    4854
    4282
    4209
    4085
    4122
    4162
    4138
    4182
    4184
    4050
    4008
    4118
    4088
    3986
    4031
    4110
    3928
    4079
    3984
    3939
    4131
    3905
    3948
    4011
    3873
    3893
    3941
    3778
    3865
    3894
    3756
    3852
    3836
    3851
    3741
    3704
    3774
    3731
    3796
    3711
    3686
    3843
    3608
    3752
    3656
    3647
    3709
    3632
    3648
    3660
    3604
    3667
    3474
    3670
    3742
    3587
    3658
    3638
    3590
    3594
    3618
    3565
    3589
    3561
    3481
    3523
    3554
    3520
    3452
    3575
    3516
    3561
    3461
    3409
    3489
    3624
    3564
    3450
    3397
    3432
    3463
    3414
    3411
    3491
    3423
    3373
    3448
    3414
    3485
    3361
    3349
    3399
    3515
    3382
    3480
    3439
    3383
    3369
    3413
    3411
    3401
    3295
    3366
    3427
    3396
    3431
    3387
    3399
    3439
    3333
    3247
    3347
    3354
    3336
    3301
    3305
    3341
    3214
    3320
    3329
    3340
    3294
    3256
    3238
    3324
    3260
    3233
    3322
    3411
    3294
    3328
    3293
    3240
    3244
    3192
    3275
    3301
    3266
    3212
    3335
    3300
    3248
    3318
    3308
    3203
    3322
    3327
    3216
    3278
    3297
    3167
    3182
    3253
    3317
    3327
    3217
    3166
    3238
    3188
    3224
    3106
    3289
    3271
    3227
    3166
    3253
    3185
    3188
    3229
    3153
    3262
    3192
    3236
    3168
    3207
    3317
    3184
    3152
    3224
    3238
    3232
    3211
    3189
    3094
    3207
    3223
    3263
    3215
    3129
    3114
    3086
    3162
    3172
    3211
    3168
    3167
    3085
    3190
    3112
    3064
    3171
    3117
    3135
    3095
    3168
    3190
    3154
    3204
    3115
    3206
    3159
    3022
    3184
    3318
    3991
    4619
    5235
    5021
    4272
    3681
    3201
    3136
    3116
    3240
    3079
    3092
    3120
    3113
    3074
    3233
    3572
    5124
    9401
   18644
   30893
   38223
   32686
   20180
    9468
    4796
    3323
    3148
    3091
    3142
    2993
    2963
    3053
    2990
    3096
    3017
    3053
    3033
    3153
    3116
    2997
    3124
    3049
    3001
    3082
    3088
    3067
    3030
    3120
    3050
    3100
    2956
    3113
    3096
    3100
    3055
    3097
    3119
    3158
    3096
    3161
    3169
    3280
    3140
    3257
    3144
    3184
    3198
    3221
    3277
    3262
    3303
    3372
    3451
    3591
    3620
    3945
    4428
    5094
    6685
    9637
   14732
   24045
   40027
   65093
  101037
  147243
  197350
  241376
  262619
  255024
  219342
  168262
  118271
   77293
   47966
   29209
   18095
   11451
    7543
    5168
    4001
    3497
    3179
    2918
    2840
    2808
    2762
    2790
    2711
    2741
    2645
    2674
    2795
    2762
    2733
    2744
    2699
    2716
    2642
    2619
    2620
    2576
    2553
    2605
    2624
    2664
    2648
    2617
    2707
    2611
    2763
    2556
    2611
    2738
    2643
    2638
    2688
    2704
    2719
    2643
    2596
    2703
    2593
    2655
    2657
    2695
    2633
    2584
    2665
    2648
    2569
    2589
    2627
    2547
    2677
    2613
    2632
    2656
    2578
    2664
    2556
    2575
    2622
    2621
    2636
    2592
    2671
    2716
    2683
    2666
    2681
    2673
    2623
    2639
    2674
    2641
    2671
    2681
    2611
    2712
    2666
    2622
    2658
    2635
    2645
    2710
    2632
    2600
    2786
    2712
    2669
    2691
    2596
    2731
    2645
    2739
    2678
    2744
    2675
    2660
    2729
    2699
    2596
    2762
    2671
    2623
    2728
    2709
    2679
    2675
    2757
    2669
    2644
    2717
    2738
    2774
    2677
    2672
    2789
    2752
    2779
    2758
    2748
    2678
    2676
    2831
    2738
    2644
    2659
    2737
    2692
    2786
    2747
    2756
    2731
    2755
    2737
    2742
    2829
    2783
    2798
    2759
    2820
    2828
    2789
    2827
    2699
    2759
    2803
    2851
    2722
    2652
    2855
    2864
    2829
    2753
    2755
    2818
    2841
    2760
    2770
    2852
    2886
    2833
    2807
    2699
    2833
    2777
    2810
    2866
    2928
    2762
    2855
    2768
    2891
    2847
    2910
    2814
    2909
    2980
    2924
    2969
    2843
    2966
    2925
    2962
    2810
    2915
    2891
    2818
    2817
    2968
    2786
    2837
    2874
    2907
    2983
    2914
    2859
    2877
    2906
    2924
    2901
    2899
    2852
    2914
    2857
    2854
    2889
    2994
    2939
    2926
    2839
    2864
    3002
    2960
    2951
    2927
    2931
    3021
    2943
    3016
    2987
    2996
    2981
    3058
    2994
    2938
    2980
    3039
    3053
    3017
    3055
    3007
    3135
    3044
    3047
    2948
    3017
    3028
    2977
    3035
    3206
    3113
    3196
    3070
    3067
    3200
    3064
    3064
    3129
    3239
    3060
    3121
    3117
    3061
    3097
    3129
    3086
    3294
    3107
    3022
    3173
    3154
    3104
    3170
    3195
    3238
    3197
    3217
    3260
    3218
    3187
    3208
    3146
    3330
    3226
    3159
    3376
    3253
    3195
    3269
    3222
    3256
    3332
    3289
    3307
    3208
    3349
    3240
    3319
    3272
    3406
    3338
    3289
    3311
    3385
    3401
    3304
    3343
    3373
    3359
    3422
    3380
    3426
    3354
    3411
    3508
    3463
    3360
    3364
    3439
    3472
    3392
    3431
    3445
    3482
    3469
    3500
    3533
    3529
    3509
    3430
    3463
    3426
    3465
    3571
    3541
    3578
    3558
    3565
    3565
    3556
    3606
    3564
    3601
    3596
    3655
    3573
    3694
    3691
    3714
    3621
    3654
    3785
    3625
    3770
    3750
    3644
    3806
    3680
    3744
    3764
    3717
    3792
    3708
    3773
    3712
    3824
    3639
    3868
    3776
    3901
    3866
    3826
    3855
    3998
    3846
    3881
    3859
    3907
    3925
    3837
    3896
    3945
    3912
    3933
    4018
    4065
    3998
    3926
    3908
    3949
    4013
    3994
    4098
    4055
    3922
    4056
    4069
    4070
    4107
    4096
    4055
    4105
    4099
    4172
    4065
    4079
    4100
    4176
    4189
    4127
    4098
    4287
    4159
    4248
    4202
    4220
    4330
    4210
    4250
    4120
    4350
    4207
    4336
    4311
    4293
    4383
    4304
    4369
    4438
    4339
    4463
    4377
    4360
    4519
    4458
    4452
    4425
    4605
    4542
    4569
    4570
    4669
    4571
    4696
    4637
    4593
    4661
    4569
    4591
    4534
    4602
    4715
    4565
    4610
    4629
    4620
    4573
    4616
    4681
    4560
    4654
    4690
    4650
    4790
    4755
    4700
    4615
    4575
    4654
    4704
    4791
    4660
    4783
    4661
    4751
    4729
    4714
    4788
    4631
    4757
    4838
    4714
    4674
    4690
    4695
    4649
    4578
    4733
    4617
    4757
    4799
    4715
    4663
    4701
    4586
    4576
    4678
    4536
    4447
    4449
    4555
    4461
    4361
    4531
    4454
    4398
    4321
    4266
    4082
    3911
    3992
    3905
    3939
    3690
    3730
    3612
    3481
    3548
    3354
    3378
    3277
    3217
    3265
    3210
    3106
    3036
    3122
    2988
    3008
    2982
    2887
    2869
    2872
    2895
    2895
    2784
    2842
    2917
    2812
    2795
    2777
    2669
    2747
    2728
    2786
    2770
    2771
    2987
    3295
    3687
    4030
    4105
    3912
    3345
    2898
    2800
    2641
    2626
    2535
    2564
    2453
    2517
    2467
    2387
    2500
    2448
    2530
    2484
    2385
    2468
    2383
    2342
    2367
    2415
    2360
    2342
    2330
    2297
    2292
    2343
    2275
    2199
    2218
    2279
    2181
    2313
    2301
    2274
    2165
    2218
    2097
    2242
    2198
    2199
    2189
    2088
    2144
    2072
    2119
    2088
    2127
    2021
    2078
    2133
    2113
    2037
    2087
    1999
    1978
    2042
    2004
    1940
    1983
    2018
    2058
    1952
    1872
    1939
    1873
    1975
    1978
    2028
    1913
    1925
    1855
    1884
    1925
    1836
    1826
    1870
    1911
    2036
    2232
    2644
    3134
    3680
    3460
    3019
    2367
    2021
    1853
    1724
    1706
    1810
    1736
    1700
    1693
    1702
    1714
    1596
    1648
    1624
    1610
    1765
    1922
    2388
    3013
    4043
    5474
    5868
    5313
    4076
    2831
    1957
    1682
    1534
    1494
    1510
    1415
    1434
    1460
    1530
    1510
    1416
    1487
    1394
    1402
    1442
    1383
    1417
    1419
    1383
    1363
    1343
    1333
    1381
    1316
    1319
    1339
    1290
    1329
    1284
    1313
    1327
    1221
    1205
    1278
    1262
    1162
    1167
    1126
    1144
    1158
    1130
    1179
    1147
    1100
    1072
    1098
    1119
    1115
    1075
    1044
    1098
    1046
    1078
    1070
     960
    1055
    1039
     986
     995
     993
     932
     931
     918
     937
     901
     948
     886
     895
     941
     935
     874
     890
     793
     809
     837
     874
     847
     832
     834
     774
     797
     831
     802
     751
     764
     777
     784
     738
     726
     725
     769
     729
     737
     735
     688
     695
     694
     711
     672
     691
     654
     622
     647
     627
     633
     606
     667
     637
     641
     580
     595
     635
     637
     607
     585
     609
     570
     558
     586
     582
     605
     643
     619
     614
     556
     526
     496
     538
     494
     573
     530
     533
     489
     519
     447
     491
     494
     491
     495
     470
     486
     488
     473
     495
     477
     492
     432
     468
     411
     445
     483
     407
     461
     462
     422
     451
     414
     404
     431
     418
     418
     396
     430
     412
     388
     388
     402
     410
     418
     391
     377
     394
     428
     428
     411
     381
     420
     426
     398
     397
     378
     364
     365
     400
     371
     379
     372
     363
     384
     394
     361
     380
     383
     375
     379
     373
     373
     382
     385
     374
     399
     372
     380
     368
     376
     384
     371
     381
     381
     351
     362
     372
     379
     404
     359
     374
     401
     375
     350
     357
     334
     385
     376
     349
     374
     359
     333
     375
     361
     366
     312
     366
     370
     378
     326
     333
     356
     343
     357
     324
     372
     363
     352
     340
     334
     381
     381
     352
     344
     330
     347
     359
     305
     313
     353
     359
     354
     351
     365
     360
     378
     336
     311
     363
     373
     354
     330
     337
     334
     315
     337
     394
     326
     370
     336
     322
     338
     352
     310
     309
     347
     360
     320
     346
     312
     344
     303
     325
     344
     350
     314
     308
     321
     317
     320
     376
     369
     383
     409
     394
     377
     387
     353
     338
     335
     312
     314
     348
     340
     321
     349
     349
     304
     318
     329
     337
     317
     332
     342
     338
     335
     337
     389
     373
     362
     359
     355
     320
     325
     324
     382
     378
     412
     404
     514
     652
    1036
    1723
    2720
    3808
    4705
    4511
    3789
    2501
    1425
     811
     500
     444
     409
     398
     457
     451
     448
     446
     478
     482
     490
     545
     579
     748
    1104
    2229
    5012
   11360
   24840
   51443
   96739
  163514
  234413
  278390
  266739
  202156
  119825
   55482
   20705
    6280
    1872
     643
     506
     467
     401
     320
     231
     151
     127
     147
     114
     118
     134
     120
     100
     138
     113
     113
     111
     121
     118
     115
      88
     115
     127
     114
     134
     133
     115
     118
     141
     111
     117
     134
     120
     107
     109
      96
     112
     120
     110
      95
     111
     103
     113
     119
     106
     109
     103
     129
     158
     205
     332
     742
    1498
    3041
    5556
    9227
   13649
   16403
   16662
   13279
    8238
    4020
    1640
     621
     224
     121
      94
     102
      71
      80
      94
      88
      76
      80
      84
      72
      82
      77
      82
      79
      71
      81
      72
      86
      72
      79
      78
      79
      57
      68
      78
      70
      57
      82
      94
      88
      89
     113
     111
     131
     101
     100
      93
      85
      65
      82
      83
      84
      66
      63
      93
      71
      83
      71
      71
      77
      94
      73
      81
      77
      90
      74
      81
      76
      67
      61
      74
      79
      83
      57
      64
      71
      89
      79
      89
      89
      65
      72
      77
      78
      75
      82
      79
      66
      82
      89
      90
      92
      89
      75
      74
      86
      80
      71
      79
      69
      79
      68
      75
      75
      73
      77
      65
      72
      72
      69
      75
      83
      90
      70
      81
      68
      76
      70
      54
      59
      67
      72
      68
      76
      69
      68
      76
      88
      84
      61
      64
      69
      68
      65
      65
      72
      62
      75
      87
      68
      69
      86
      76
      63
      64
      64
      81
      52
      72
      71
      85
      76
      80
      78
      60
      61
      71
      89
      82
      72
      70
      55
      57
      67
      70
      69
      69
      68
      72
      64
      59
      62
      70
      73
      76
      86
      73
      78
      72
      79
      69
      63
      63
      81
      69
      57
      59
      58
      62
      89
      58
      76
      70
      70
      67
      71
      75
      61
      78
      63
      69
      72
      57
      62
      82
      70
      61
      86
      73
      70
      64
      81
      68
      56
      72
      71
      59
      62
      61
      87
      76
      68
      75
      60
      57
      76
      60
      61
      59
      76
      79
      67
      73
      62
      55
      57
      69
      75
      60
      53
      53
      67
      66
      67
      63
      74
      67
      60
      57
      73
      66
      60
      74
      62
      52
      81
      75
      72
      69
      60
      65
      67
      69
      58
      66
      75
      50
      59
      69
      63
      70
      70
      64
      61
      66
      69
      68
      58
      50
      67
      60
      79
      64
      81
      63
      60
      53
      61
      60
      72
      65
      57
      57
      72
      68
      55
      61
      63
      68
      55
      60
      65
      59
      69
      66
      62
      70
      49
      68
      69
      66
      69
      72
      63
      60
      61
      56
      61
      82
      59
      53
      56
      51
      47
      54
      60
      71
      63
      64
      58
      63
      67
      95
      57
      60
      51
      63
      68
      64
      57
      70
      53
      50
      76
      65
      58
      54
      57
      64
      65
      54
      54
      55
      64
      46
      65
      55
      80
      64
      61
      51
      52
      50
      60
      51
      51
      60
      82
      70
      66
      75
      90
      91
      92
      74
      77
      71
      60
      50
      60
      55
      56
      51
      62
      64
      71
      66
      65
      60
      68
      60
      62
      57
      48
      60
      69
      68
      68
      64
      64
      70
      51
      67
      53
      63
      56
      66
      77
      62
      88
      90
      90
      73
      61
      73
      59
      57
      63
      51
      66
      54
      58
      66
      55
      64
      48
      61
      62
      66
      68
      57
      57
      60
      64
      51
      49
      75
      53
      68
      54
      63
      66
      68
      71
      56
      69
      55
      75
      54
      61
      53
      68
      67
      51
      45
      61
      56
      49
      58
      69
      61
      66
      59
      52
      53
      45
      49
      64
      56
      52
      63
      64
      52
      68
      54
      70
      61
      58
      66
      55
      61
      56
      51
      61
      58
      60
      72
      74
      73
      55
      69
      62
      50
      61
      60
      59
      48
      68
      61
      79
      68
      48
      59
      57
      76
      81
     106
     114
     139
     130
     108
      89
      82
      84
      55
      68
      56
      59
      53
      59
      59
      62
      64
      46
      55
      58
      66
      51
      56
      61
      53
      49
      45
      61
      68
      62
      50
      52
      52
      54
      60
      57
      57
      53
      41
      63
      73
      53
      57
      57
      54
      68
      57
      48
      54
      60
      48
      52
      58
      59
      45
      53
      53
      60
      54
      45
      61
      60
      57
      73
      63
      65
      62
      54
      50
      57
      52
      57
      42
      54
      36
      62
      57
      50
      47
      65
      66
      44
      47
      58
      59
      47
      54
      55
      47
      45
      64
      47
      53
      53
      51
      52
      64
      57
      49
      60
      56
      58
      49
      61
      48
      55
      51
      67
      55
      56
      51
      54
      53
      62
      59
      53
      58
      60
      55
      59
      49
      45
      70
      47
      57
      53
      69
      56
      48
      44
      49
      74
      64
      62
      61
      47
      45
      53
      46
      46
      67
      47
      57
      54
      52
      54
      51
      62
      63
      46
      51
      54
      61
      53
      50
      53
      62
      45
      62
      63
      50
      42
      48
      51
      38
      55
      48
      45
      58
      58
      61
      46
      50
      47
      59
      51
      63
      64
      53
      48
      51
      57
      51
      42
      49
      56
      57
      70
      74
      72
      62
      63
      68
      83
      83
      89
      81
      93
     111
     119
     103
      94
      84
      54
      69
      48
      51
      42
      53
      50
      65
      47
      59
      60
      56
      57
      52
      55
      51
      43
      60
      37
      49
      54
      53
      56
      49
      40
      61
      45
      59
      51
      45
      50
      46
      61
      52
      52
      45
      41
      48
      52
      44
      49
      55
      49
      44
      58
      52
      51
      59
      49
      62
      43
      54
      60
      52
      62
      46
      64
      42
      57
      54
      49
      46
      57
      54
      47
      63
      63
      48
      65
      67
      68
      60
      65
      68
      62
      56
      55
      58
      63
      57
      65
      56
      49
      69
      66
      58
      48
      50
      55
      50
      48
      50
      47
      51
      53
      59
      61
      51
      53
      66
      34
      56
      66
      46
      47
      61
      51
      65
      49
      51
      49
      53
      58
      42
      51
      56
      63
      54
      54
      50
      42
      64
      45
      44
      53
      60
      39
      64
      49
      69
      56
      61
      53
      55
      62
      41
      43
      38
      45
      44
      49
      59
      48
      44
      53
      49
      54
      49
      59
      59
      55
      47
      51
      51
      52
      57
      62
      48
      56
      55
      66
      53
      66
      47
      57
      44
      69
      47
      66
      54
      58
      62
      75
      61
      87
      98
     112
     124
     153
     148
     100
      86
      84
      67
      60
      58
      53
      56
      51
      63
      46
      59
      42
      41
      45
      52
      59
      48
      48
      52
      80
      46
      46
      55
      61
      46
      50
      62
      38
      55
      56
      62
      59
      50
      48
      66
      56
      57
      65
      43
      52
      52
      46
      58
      55
      54
      64
      44
      48
      46
      55
      51
      65
      55
      56
      71
      45
      54
      51
      56
      57
      58
      65
      65
      57
      59
      57
      47
      58
      44
      52
      53
      48
      51
      46
      55
      44
      55
      52
      60
      60
      53
      42
      45
      41
      59
      63
      55
      50
      40
      57
      57
      48
      71
      61
      46
      44
      50
      63
      52
      58
      55
      51
      56
      58
      53
      47
      50
      45
      54
      48
      58
      46
      48
      56
      42
      59
      56
      47
      49
      64
      58
      70
      58
      76
      95
      95
      85
     104
      89
     104
     105
      94
      98
      89
      86
      76
      61
      52
      59
      57
      62
      56
      43
      67
      63
      54
      46
      60
      57
      64
      59
      54
      58
      43
      55
      62
      63
      58
      51
      55
      45
      61
      51
      48
      60
      62
      53
      50
      45
      52
      54
      45
      53
      54
      51
      62
      62
      62
      48
      48
      40
      55
      58
      40
      49
      58
      45
      47
      40
      45
      53
      50
      51
      53
      52
      59
      65
      56
      59
      57
      38
      39
      64
      57
      59
      52
      54
      47
      59
      40
      53
      48
      51
      71
      69
      66
      61
      41
      56
      59
      48
      55
      49
      54
      56
      49
      62
      49
      59
      62
      49
      66
      61
      47
      55
      60
      62
      58
      49
      62
      59
      57
      70
      69
      50
      67
      50
      51
      50
      57
      72
      60
      57
      50
      46
      72
      46
      55
      52
      59
      53
      56
      59
      49
      60
      55
      57
      56
      59
      61
      59
      60
      59
      53
      56
      52
      59
      61
      41
      62
      52
      51
      43
      51
      36
      51
      53
      60
      45
      66
      59
      48
      59
      55
      41
      51
      50
      47
      59
      64
      62
      70
      47
      56
      53
      55
      48
      54
      63
      64
      52
      55
      53
      52
      69
      64
      51
      62
      56
      55
      51
      54
      56
      48
      53
      59
      54
      57
      50
      63
      57
      52
      57
      65
      46
      67
      63
      60
      76
      55
      57
      49
      54
      57
      64
      71
      60
      54
      57
      59
      59
      61
      60
      61
      60
      71
      63
      55
      58
      60
      64
      58
      48
      56
      56
      78
      61
      69
      67
      64
      40
      64
      65
      58
      45
      62
      48
      78
      59
      62
      63
      45
      60
      47
      59
      61
      62
      50
      66
      61
      62
      56
      67
      58
      50
      62
      61
      56
      52
      58
      48
      63
      68
      59
      50
      52
      41
      64
      57
      75
      83
      85
      81
      78
      76
      70
      64
      58
      78
      55
      63
      54
      69
      66
      47
      60
      56
      66
      70
      55
      62
      54
      55
      52
      58
      48
      75
      74
      67
      59
      69
      62
      61
      57
      55
      64
      72
      50
      59
      49
      55
      58
      58
      47
      63
      49
      50
      60
      72
      43
      59
      47
      59
      58
      57
      50
      60
      53
      58
      62
      52
      59
      48
      55
      57
      73
      57
      63
      90
      90
      98
     103
      89
     106
      94
      91
      77
      72
      56
      68
      67
      57
      56
      63
      54
      72
      52
      72
      49
      61
      48
      53
      62
      61
      54
      61
      61
      60
      57
      57
      62
      68
      60
      64
      52
      64
      70
      49
      55
      57
      57
      48
      62
      55
      71
      63
      57
      57
      51
      58
      63
      57
      52
      69
      43
      48
      58
      64
      62
      66
      61
      60
      66
      49
      61
      67
      71
      63
      72
      65
      57
      62
      58
      68
      67
      57
      61
      66
      52
      44
      55
      61
      41
      64
      47
      63
      53
      47
      49
      53
      53
      61
      57
      62
      78
      48
      63
      54
      78
      63
      67
      53
      44
      67
      58
      50
      50
      52
      69
      46
      49
      62
      51
      61
      56
      63
      59
      50
      42
      71
      37
      40
      54
      48
      63
      54
      56
      47
      41
      55
      60
      66
      62
      57
      66
      60
      47
      57
      65
      42
      62
      50
      58
      49
      48
      52
      57
      55
      64
      53
      51
      68
      45
      49
      58
      52
      52
      56
      59
      50
      71
      57
      53
      57
      49
      39
      72
      46
      57
      55
      65
      44
      50
      63
      47
      51
      51
      45
      59
      60
      50
      54
      67
      53
      47
      51
      49
      33
      39
      56
      66
      36
      44
      58
      58
      51
      50
      52
      35
      54
      49
      50
      48
      62
      49
      51
      52
      48
      53
      45
      49
      56
      56
      45
      46
      61
      46
      55
      60
      47
      50
      55
      44
      69
      54
      51
      42
      40
      68
      62
      66
      49
      54
      42
      49
      58
      59
      54
      51
      45
      51
      49
      47
      59
      46
      65
      52
      68
      51
      52
      52
      51
      60
      58
      55
      54
      48
      53
      65
      47
      54
      53
      57
      48
      62
      47
      51
      52
      56
      58
      47
      49
      42
      49
      56
      52
      60
      50
      64
      60
      44
      45
      55
      41
      67
      46
      63
      66
      59
      44
      56
      62
      52
      56
      57
      56
      59
      41
      53
      59
      54
      61
      49
      49
      57
      60
      65
      54
      50
      52
      41
      56
      49
      58
      52
      53
      47
      59
      58
      58
      49
      51
      63
      59
      43
      64
      44
      58
      70
      55
      59
      52
      55
      59
      41
      63
      53
      54
      51
      54
      55
      54
      56
      69
      50
      61
      49
      54
      62
      45
      66
      51
      54
      52
      43
      65
      53
      50
      67
      53
      55
      43
      57
      66
      50
      52
      48
      64
      43
      41
      50
      54
      51
      53
      46
      52
      45
      59
      43
      46
      39
      59
      55
      46
      48
      39
      50
      40
      33
      55
      46
      45
      36
      44
      37
      50
      45
      36
      49
      47
      38
      49
      47
      44
      56
      40
      45
      43
      35
      40
      49
      46
      47
      40
      43
      71
      73
      95
     113
     124
     117
     127
     101
      92
      66
      51
      45
      40
      28
      35
      52
      31
      40
      39
      34
      34
      29
      36
      34
      41
      27
      33
      37
      37
      34
      32
      39
      28
      29
      37
      41
      38
      40
      33
      24
      26
      29
      30
      32
      31
      27
      30
      27
      32
      31
      31
      36
      28
      32
      39
      26
      22
      36
      29
      33
      29
      29
      25
      39
      28
      30
      21
      24
      29
      36
      26
      37
      32
      40
      24
      31
      23
      34
      30
      38
      31
      29
      36
      40
      30
      29
      25
      38
      33
      22
      24
      31
      34
      51
      58
      57
      92
     121
     146
     150
     137
     117
     126
      97
      68
      56
      40
      32
      30
      40
      21
      25
      19
      35
      29
      35
      29
      31
      21
      31
      26
      34
      33
      27
      24
      18
      20
      30
      21
      30
      39
      22
      31
      30
      29
      30
      25
      29
      36
      25
      18
      25
      23
      21
      36
      30
      28
      31
      21
      16
      16
      25
      24
      22
      23
      34
      19
      43
      28
      26
      21
      22
      16
      19
      26
      25
      27
      22
      23
      29
      27
      18
      30
      21
      20
      26
      30
      23
      26
      22
      14
      25
      28
      25
      25
      26
      20
      17
      22
      26
      22
      26
      11
      12
      27
      24
      26
      31
      26
      14
      29
      18
      15
      18
      20
      16
      19
      26
      21
      23
      27
      24
      23
      15
      21
      25
      15
      16
      22
      21
      28
      26
      22
      28
       8
      24
      16
      26
      18
      12
      23
      23
      28
      33
      42
      57
      73
      91
     173
     226
     314
     451
     571
     730
     874
     847
     873
     722
     495
     334
     245
     119
      50
      47
      34
      18
      19
      16
      20
      17
      14
      10
      15
      23
      14
      17
      15
      17
      23
      16
       9
      18
      19
      14
      17
      18
      16
      23
      17
      13
      16
      10
      10
      15
      16
      17
      16
      14
       6
      12
      24
      19
      13
      11
      14
      13
      12
      13
       7
      13
      12
      11
      10
      13
      13
      12
       8
      12
      14
      15
      11
      15
      15
       7
      12
      12
      12
      16
      19
      29
      28
      34
      60
      74
      99
     111
     128
     156
     122
     121
     103
      84
      49
      37
      27
      13
      11
      16
      11
       7
      12
      13
       9
      11
       3
       8
      11
      12
      12
      10
       8
       6
       9
       6
      11
       6
       6
       6
       8
      16
       9
       4
       8
       6
       8
       7
      11
       9
      14
      11
       8
      15
      14
      12
      12
      14
      15
      20
      17
      16
       9
      15
       9
      10
      15
       9
      12
      13
       9
       6
       9
       7
       8
       9
       6
      13
       6
      12
      11
      13
       5
       9
       5
      12
       6
       4
       5
       9
       8
      14
       7
       9
       8
       9
      11
       8
       8
       7
      19
      11
       9
       9
       6
      11
       9
       7
       3
       6
       3
       8
      10
       9
      15
       7
       7
       8
       6
      11
       8
       7
      13
       6
       5
      14
      10
      10
      11
       5
       7
       7
      15
      10
       7
      11
      12
       8
      14
      12
       7
       9
       5
      11
       4
       5
      12
      10
      11
      11
       5
      15
       9
       5
      11
      11
      10
      11
      13
       4
       4
       9
       8
      13
       6
       6
       9
       9
      14
      13
       9
       7
      18
      13
      11
      11
       5
       6
      17
       8
       4
      10
       7
       9
       5
       6
       7
       9
      11
       9
       6
      12
       8
       7
       8
       4
       9
       9
       8
       8
       4
       6
       8
      10
       4
       7
       8
      12
       7
      12
       8
       9
       5
       8
       8
       8
      13
      10
      15
       8
       5
      12
      11
       6
       9
      10
      23
      10
      12
      13
      12
      12
      10
      23
      32
      61
      84
     103
     179
     222
     368
     494
     721
     935
    1155
    1376
    1581
    1642
    1472
    1224
     999
     614
     338
     194
     117
      54
      29
      16
      10
       5
       5
       7
       8
       7
       8
       6
       8
      12
      13
      13
      19
      19
      45
      55
      58
      63
      49
      63
      50
      38
      21
      20
      18
      19
      11
      14
      10
       7
       8
       8
       8
      11
       7
       8
       7
       4
       4
       4
       8
       7
       8
       4
       4
       5
       9
       5
       3
       5
       9
       5
       3
       6
       4
       6
       2
       7
       8
      10
       4
       4
       4
       1
       3
       3
       5
       3
       7
       5
      10
       5
       9
       1
       2
       6
       7
       6
       6
       5
       5
       8
       6
       6
       6
       5
       4
       3
       6
       1
       5
       5
       4
       4
       3
       7
       5
       9
       4
       6
       4
       5
       4
       6
       5
       5
      10
       2
       6
       6
       4
       2
       3
       3
       4
       4
       4
       3
       4
       6
       5
       5
       5
       7
       7
       4
       7
      12
       4
       4
       3
       9
       6
       6
       7
       6
       8
       5
       4
      10
       9
       9
       3
       4
       5
       7
       8
       0
       8
       4
       5
       5
       8
       4
       6
       6
       5
       5
       3
       2
       4
       5
       8
       3
       7
       3
       3
       6
       7
       8
       5
       3
       3
       6
       5
       5
       3
       5
       3
       6
       4
       6
       3
       6
       6
       9
       5
       5
       6
       5
       8
       8
       6
       5
       6
       4
       2
       5
       3
       1
       5
       5
       7
       5
       3
       4
       5
      10
       7
       9
       8
      10
      11
       9
       5
       2
       8
       6
       3
       6
       3
       4
       3
       5
       6
       5
       4
       3
       6
       3
       5
       2
       6
       3
       1
       4
       3
       4
       8
       4
       6
       3
       5
       6
       5
       6
       3
       6
       2
       4
       1
       5
       7
       5
       5
       9
       4
       4
       7
       4
       4
       5
       8
       4
       5
       5
      10
       8
       2
       5
       2
       7
       3
       6
       8
       2
       5
       5
       3
       2
       6
       3
       5
       3
       4
       5
      10
       1
       7
       4
       1
       2
       3
       2
       6
       2
       7
       5
       4
       2
       4
       4
       4
       4
       3
       4
       3
       6
       4
      12
       5
       2
       7
       7
       4
       4
       3
       8
       2
       6
       6
      15
       4
       3
       8
       5
       7
       2
      11
       7
       8
       3
       3
       7
       6
       8
       4
       5
       3
       5
       9
       6
       6
       4
       5
       5
       3
       2
       6
       4
       4
       3
       5
       2
       7
       2
       7
       2
       1
       5
       7
      10
       5
       8
       5
       5
       2
       2
       6
       4
       3
       7
       6
       6
       1
       7
       5
       5
       3
       8
       3
       6
       6
       4
       5
       6
       3
       7
       6
       9
       3
       7
       5
      11
       4
       3
       6
       4
       6
       2
       4
       1
       6
       3
       4
       4
       6
       9
       3
       4
       3
       4
       1
       1
       3
       5
       4
       3
       2
       5
       5
       5
       4
       4
       1
       7
       4
       4
       5
       7
       4
       3
       6
       6
       3
       4
       5
       2
       0
       5
       4
       3
       6
       2
       3
       8
       4
       4
       5
       8
       4
       5
       4
       4
       4
       4
       7
       7
       6
       7
       4
       7
       8
       2
       7
       7
       5
       5
       7
       6
       4
       1
       7
       6
       8
       4
       1
       8
       5
       4
       5
       3
       3
       4
       2
       6
       5
       2
       2
       4
       2
       2
       3
       3
       3
       7
       4
       3
       2
       3
       4
       6
       5
       6
       6
       6
       6
       4
       3
       9
       5
       5
       7
       6
       8
       5
       5
       4
       9
       5
       3
       3
       4
       4
       6
       6
       4
       6
       2
       2
       5
       8
       2
       6
       6
       2
       1
       4
       6
       3
       3
       4
       4
       3
       3
       5
       7
       7
       3
       1
       7
       4
       4
       6
      10
       5
       3
      11
       4
       7
       3
       5
       4
       4
       3
       3
       6
       7
       5
       3
       4
       3
       5
       2
       7
       2
       1
       5
       6
       3
       7
       3
       5
       5
       4
       8
       3
       3
       6
       5
       4
       1
       3
       2
       4
       3
       5
       7
       3
       3
       2
       3
       4
       0
       7
       5
       7
       5
       6
       1
       3
       6
       1
       9
       7
       2
       4
       7
       4
      11
       5
       3
       5
       3
       4
       4
       7
       4
       5
       6
       4
       4
       6
       4
       2
       6
       2
       3
       3
       3
       6
       4
       3
       3
       3
       1
       6
       5
       2
       2
       3
       7
       8
       0
       3
       3
       2
       7
       7
       3
       0
       7
       7
       4
       4
       4
       3
       6
       1
       2
       3
       7
       2
       6
       5
       6
       2
       4
       5
       5
       6
       2
       2
       8
       8
       7
       4
       5
       6
       2
       6
       3
       4
       2
       3
       2
       2
       4
       4
       4
       7
       6
       4
       1
       4
       9
       3
      10
       8
       4
       5
       6
       3
       6
       7
       7
       3
       4
       6
       6
       3
       3
       0
       2
       4
       4
      11
       5
       3
       3
       1
       5
       2
       1
       5
       5
       3
       2
       3
       8
       0
       4
      10
       3
       2
       2
       1
       3
       6
       1
       4
       2
      10
       2
       6
       4
       0
       6
       7
       7
       3
       3
       5
       3
       4
       4
       1
       2
       2
       5
       4
       2
       6
       3
       7
       7
       4
       5
       7
       4
       2
       6
       6
       1
       2
       5
       5
       3
       2
       1
       7
       7
       3
       4
       4
       6
       6
       2
       4
       2
       5
       5
       2
       2
       4
       3
       4
       0
       1
       3
       5
       5
       4
       2
       3
       2
       4
       4
       1
       6
       3
       5
       2
       5
       1
       6
       2
       2
       4
       5
       5
       1
       3
       7
       2
       5
       4
       4
       9
       5
       3
       5
       2
       4
       6
       7
       2
       6
       2
       3
       2
       2
       5
       4
       5
       4
       4
       3
       4
       4
       3
       2
       3
       2
       2
       1
       1
       2
       5
       6
       3
       4
       5
       6
       2
       4
       8
       3
       6
       2
       3
       1
       5
       2
       1
       2
       6
       3
       5
       4
       4
       3
       6
       7
       6
       3
       2
       5
      10
       8
       8
      11
       7
       6
      10
      10
       6
       7
       2
       4
       2
       1
       2
       2
       6
       4
       4
       3
       2
       4
       5
       3
       7
       3
       3
       3
       5
       6
       2
       2
       6
       2
       2
       4
       6
       5
       4
       3
       5
       5
       2
       3
       1
       6
       3
       7
       2
       5
       7
       4
       2
       3
       4
       7
       3
       4
       3
       5
       4
       2
       2
       5
       1
       3
       5
       4
       4
       6
       2
       4
       4
       1
       4
       5
       6
       1
       2
       3
       3
       1
       3
       2
       5
       1
       3
       1
       3
       5
       4
       6
       3
       5
       5
       7
       8
       3
       7
       7
       5
       5
       6
       4
       4
       3
       5
       5
       6
       3
       7
       2
       7
       6
       1
       5
       2
       1
       8
       4
       8
       3
       2
       3
       6
       1
       3
       4
       7
       3
       5
       5
       3
       3
       3
       5
       3
       5
       4
       3
       2
       6
       6
       2
       4
       4
       3
       3
       5
       3
       5
       3
       2
       4
       4
       6
       1
       1
       6
       4
       4
       2
       0
       4
       1
       2
       3
       4
       1
       3
       2
       4
       2
       6
       2
       3
       6
       3
       2
       1
       4
       4
       5
       7
       2
       1
       1
       1
       3
       4
       4
       2
       3
       2
       2
       4
       5
       4
       3
       5
       1
       4
       4
       6
       4
       2
       7
       3
       2
       3
       5
       6
       3
       1
       4
       2
       4
       2
       2
       4
       2
       4
       3
       4
       4
       2
       3
       5
       3
       4
       5
       1
       7
       4
       5
       4
       4
       6
       2
       1
       2
       2
       4
       5
       2
       2
       2
       3
       4
       2
       3
       3
       6
       2
       1
       3
       5
       3
       4
       3
       2
       2
       3
       7
       4
       2
       3
       2
       4
       2
       3
       2
       2
       3
       3
       2
       2
       6
       1
       4
       1
       5
       2
       3
       5
       3
       3
       4
       3
       4
       2
       5
       6
       2
       4
       1
       3
       1
       2
       4
       6
       0
       3
       3
       2
       2
       5
       0
       2
       1
       3
       4
       6
       3
       3
       1
       3
       5
       1
       1
       2
       6
       2
       5
       3
       4
       5
       5
       1
       3
       3
       1
       0
       4
       1
       1
       2
       2
       4
       4
      11
       7
       9
      14
      21
      13
      27
      33
      32
      18
      28
      24
      15
      17
       5
       5
       3
       4
       3
       3
       5
       7
       3
       2
       3
       5
       5
       3
       2
       3
       7
       4
       2
       7
       3
       2
       4
       4
       0
       5
       1
       3
       1
       5
       4
       5
       3
       4
       6
       3
       3
       5
       3
       2
       5
       5
       2
       2
       5
       0
       6
       3
       0
       3
       6
       5
       4
       4
       5
       4
       3
       1
       2
       1
       5
       0
       1
       1
       4
       4
       1
       2
       4
       3
       2
       3
       1
       1
       4
       5
       5
       2
       3
       4
       5
       2
       6
       2
       2
       2
       6
       2
       3
       3
       5
       2
       5
       3
       1
       3
       3
       4
       0
       5
       2
       2
       2
       0
       7
       3
       3
       1
       5
       4
       4
       4
       1
       3
       4
       1
       1
       3
       4
       6
       4
       1
       2
       2
       2
       2
       2
       3
       3
       2
       2
       2
       6
       2
       2
       2
       0
       5
       3
       0
       2
       1
       6
       3
       4
       2
       3
       2
       3
       3
       4
       3
       2
       4
       4
       2
       3
       6
       2
       6
       1
       5
       0
       2
       3
       2
       2
       2
       2
       1
       6
       3
       3
       2
       1
       6
       3
       4
       5
       3
       1
       4
       4
       1
       5
       3
       4
       1
       4
       2
       1
       2
       7
       3
       2
       3
       3
       0
       4
       4
       2
       5
       2
       2
       1
       3
       1
       1
       3
       1
       5
       3
       6
       4
       2
       4
       5
       3
       1
       2
       1
       2
       1
       2
       2
       2
       5
       5
       2
       4
       4
       2
       4
       3
       4
       4
       4
       3
       6
       3
       4
       2
       2
       2
       1
       2
       1
       5
       4
       2
       4
       3
       1
       2
       8
       4
       2
       1
       5
       3
       2
       1
       0
       3
       2
       3
       5
       0
       2
       3
       7
       1
       7
       3
       1
       1
       2
       3
       2
       1
       2
       6
       5
       3
       1
       3
       0
       3
       7
       4
       1
       4
       5
       2
       1
       4
       1
       5
       1
       0
       2
       7
       5
       4
       6
       7
       2
       3
       3
       3
       2
       5
       3
       2
       5
       6
       0
       3
       3
       3
       4
       3
       4
       4
       1
       3
       3
       0
       5
       2
       3
       4
       3
       3
       8
       1
       1
       2
       2
       2
       2
       3
       6
       6
       3
       4
       7
       3
       3
       2
       6
       2
       2
       3
       3
       4
       1
       2
       2
       2
       5
       4
       2
       2
       3
       1
       2
       1
       2
       6
       4
       5
       1
       3
       3
       5
       3
       4
       3
       1
       5
       4
       1
       2
       2
       3
       2
       2
       5
       1
       3
       3
       4
       1
       1
       0
       6
       2
       4
       2
       6
       3
       1
       1
       7
       3
       2
       1
       2
       5
       2
       0
       6
       6
       3
       2
       2
       3
       3
       3
       5
       4
       0
       2
       1
       2
       2
       2
       4
       5
       3
       0
       0
       2
       2
       1
       5
       3
       3
       3
       1
       0
       5
       0
       1
       2
       5
       1
       5
       4
       6
       3
       3
       1
       3
       2
       6
       2
       2
       2
       3
       4
       5
       3
       1
       4
       3
       3
       1
       3
       4
       2
       2
       4
       1
       3
       2
       1
       1
       0
       1
       4
       3
       1
       2
       2
       5
       0
       1
       0
       0
       2
       1
       1
       3
       3
       1
       6
       4
       8
       1
       4
       0
       0
       3
       0
       2
       5
       4
       3
       2
       4
       3
       4
       4
       0
       4
       2
       5
       1
       1
       5
       2
       4
       0
       0
       7
       3
       1
       5
       2
       1
       2
       3
       3
       3
       6
       1
       3
       3
       2
       3
       3
       2
       1
       4
       1
       2
       3
       4
       2
       5
       6
       2
       5
       4
       3
       3
       3
       1
       3
       1
       1
       3
       4
       3
       1
       3
       5
       1
       3
       2
       3
       3
       2
       4
       1
       3
       4
       2
       3
       1
       1
       4
       3
       2
       1
       2
       0
       2
       2
       7
       3
       0
       0
       0
       2
       3
       1
       5
       4
       3
       0
       2
       2
       0
       4
       3
       4
       4
       1
       3
       3
       3
       1
       0
       0
       2
       1
       2
       0
       5
       1
       2
       1
       3
       3
       4
       3
       2
       5
       4
       1
       4
       1
       1
       3
       7
       5
       2
       0
       2
       5
       3
       2
       1
       2
       1
       5
       0
       2
       3
       2
       3
       1
       5
       2
       2
       2
       2
       3
       2
       4
       3
       2
       6
       0
       1
       1
       0
       0
       1
       4
       0
       2
       2
       5
       5
       2
       4
       5
       2
       3
       7
       2
       1
       1
       2
       4
       1
       4
       4
       3
       2
       2
       4
       1
       3
       3
       2
       5
       1
       3
       2
       2
       1
       3
       4
       4
       2
       1
       3
       2
       3
       3
       3
       3
       1
       2
       1
       0
       4
       1
       3
       6
       6
       5
       3
       2
       2
       2
       1
       3
       1
       0
       1
       5
       0
       2
       3
       4
       2
       1
       3
       3
       2
       1
       3
       0
       3
       3
       3
       3
       2
       6
       2
       5
       2
      10
       9
      11
      10
      11
      11
      17
      16
      20
      12
      12
       3
       7
       5
       3
       1
       3
       3
       2
       2
       0
       3
       3
       3
       2
       4
       2
       1
       3
       5
       5
       1
       5
       4
       0
       5
       3
       3
       1
       0
       4
       1
       2
       2
       0
       4
       3
       1
       5
       2
       1
       2
       1
       2
       3
       1
       1
       3
       3
       2
       1
       5
       2
       0
       2
       3
       0
       1
       4
       1
       3
       4
       2
       2
       2
       1
       6
       4
       3
       2
       1
       2
       2
       0
       1
       3
       2
       0
       4
       1
       2
       3
       2
       1
       2
       1
       3
       1
       0
       3
       1
       2
       2
       1
       1
       2
       5
       1
       2
       5
       2
       5
       1
       0
       1
       0
       3
       1
       1
       2
       2
       4
       1
       1
       2
       0
       3
       1
       1
       2
       1
       2
       1
       3
       0
       2
       4
       3
       1
       1
       2
       3
       1
       0
       1
       2
       1
       2
       0
       0
       4
       4
       0
       4
       2
       2
       1
       1
       4
       3
       2
       2
       4
       3
       3
       2
       3
       1
       1
       2
       4
       1
       2
       0
       0
       0
       4
       6
       1
       3
       2
       0
       1
       1
       2
       2
       2
       1
       3
       2
       2
       1
       1
       2
       1
       2
       3
       3
       2
       0
       1
       1
       3
       2
       2
       3
       1
       1
       0
       3
       0
       0
       0
       1
       3
       0
       2
       1
       1
       1
       2
       2
       4
       1
       6
       3
       2
       0
       3
       2
       4
       2
       2
       3
       3
       4
       4
       3
       2
       3
       2
       2
       3
       4
       6
       3
       2
       3
       1
       2
       2
       3
       1
       1
       3
       3
       2
       4
       5
       0
       2
       2
       1
       1
       4
       3
       0
       0
       0
       1
       2
       0
       3
       1
       2
       0
       3
       0
       0
       3
       1
       2
       2
       5
       1
       6
       1
       3
       2
       2
       2
       1
       0
       1
       2
       3
       0
       1
       0
       2
       0
       1
       3
       4
       4
       2
       5
       3
       5
       2
       5
       5
       5
       5
       5
       8
       9
       7
       9
       7
       5
       6
       5
       6
       3
       3
       0
       4
       1
       0
       1
       2
       0
       1
       3
       3
       2
       1
       3
       3
       1
       5
       2
       3
       2
       4
       1
       4
       1
       2
       2
       3
       3
       3
       4
       1
       2
       1
       1
       1
       1
       1
       5
       2
       1
       3
       3
       6
       5
       8
       9
       5
       4
       4
       4
       4
       1
       2
       3
       4
       1
       3
       5
       8
       2
       3
       3
       0
       2
       3
       5
       0
       2
       1
       1
       2
       4
       0
       2
       3
       2
       1
       1
       5
       1
       0
       0
       0
       2
       4
       1
       6
       2
       2
       2
       1
       3
       1
       2
       4
       3
       3
       3
       3
       2
       1
       0
       4
       1
       2
       2
       1
       1
       2
       3
       3
       2
       3
       1
       2
       2
       1
       1
       2
       3
       2
       4
       1
       1
       0
       0
       0
       1
       0
       3
       1
       2
       1
       2
       3
       1
       1
       2
       3
       1
       1
       4
       3
       1
       1
       3
       3
       0
       1
       1
       1
       1
       1
       2
       0
       2
       4
       1
       0
       2
       2
       1
       0
       2
       2
       2
       2
       0
       1
       2
       3
       4
       0
       3
       1
       2
       4
       1
       1
       2
       2
       1
       0
       2
       1
       1
       2
       1
       4
       2
       2
       2
       1
       0
       1
       2
       1
       0
       1
       1
       1
       1
       3
       1
       2
       4
       2
       1
       1
       1
       1
       2
       2
       2
       1
       3
       0
       1
       4
       1
       1
       1
       1
       1
       1
       0
       3
       4
       2
       3
       1
       4
       7
       2
       1
       0
       0
       3
       3
       4
       3
       1
       1
       1
       1
       3
       0
       3
       1
       0
       2
       3
       3
       1
       3
       2
       0
       3
       4
       1
       1
       0
       0
       2
       2
       0
       1
       4
       2
       1
       1
       2
       0
       2
       0
       3
       1
       4
       1
       2
       2
       2
       2
       7
       1
       1
       2
       0
       2
       1
       6
       1
       3
       5
       0
       3
       1
       2
       0
       3
       2
       3
       3
       2
       5
       2
       1
       0
       5
       1
       5
       1
       1
       2
       4
       2
       1
       2
       3
       1
       1
       1
       4
       0
       1
       2
       1
       1
       4
       2
       2
       2
       3
       1
       2
       1
       0
       1
       5
       2
       2
       2
       1
       2
       2
       1
       2
       1
       2
       3
       2
       3
       3
       0
       4
       1
       0
       3
       1
       1
       3
       2
       4
       2
       2
       1
       0
       2
       2
       1
       1
       1
       1
       0
       3
       4
       1
       3
       2
       2
       1
       0
       2
       1
       4
       1
       2
       2
       2
       2
       1
       0
       3
       1
       2
       1
       2
       2
       2
       1
       2
       1
       0
       2
       0
       0
       2
       1
       1
       3
       3
       3
       2
       2
       0
       2
       1
       3
       5
       2
       3
       3
       0
       0
       1
       2
       2
       1
       0
       0
       4
       3
       2
       1
       3
       2
       0
       3
       4
       1
       2
       0
       5
       1
       2
       0
       1
       1
       1
       1
       3
       3
       1
       4
       2
       0
       1
       1
       3
       2
       2
       4
       4
       1
       2
       3
       0
       2
       3
       1
       1
       2
       1
       3
       0
       2
       2
       2
       4
       5
       1
       2
       1
       1
       2
       0
       2
       2
       0
       5
       4
       3
       0
       2
       4
       0
       1
       1
       3
       3
       2
       2
       1
       2
       3
       0
       3
       1
       4
       1
       1
       2
       2
       1
       0
       2
       2
       2
       4
       0
       4
       0
       1
       2
       3
       0
       3
       5
       2
       2
       3
       3
       3
       1
       1
       3
       3
       1
       2
       1
       4
       0
       1
       0
       3
       0
       1
       0
       0
       1
       2
       0
       3
       1
       1
       2
       2
       1
       0
       3
       3
       2
       2
       2
       1
       2
       1
       1
       3
       5
       0
       2
       2
       6
       1
       1
       2
       1
       3
       1
       1
       1
       2
       1
       3
       2
       2
       3
       4
       3
       2
       1
       2
       6
       1
       2
       1
       2
       0
       0
       2
       0
       1
       0
       3
       1
       0
       2
       1
       1
       2
       2
       0
       3
       1
       2
       3
       2
       1
       0
       1
       1
       2
       1
       1
       0
       2
       0
       3
       1
       0
       1
       1
       3
       3
       2
       0
       1
       1
       3
       0
       5
       0
       0
       2
       1
       2
       2
       2
       3
       1
       0
       2
       6
       3
       0
       1
       2
       1
       2
       3
       1
       0
       0
       2
       3
       1
       3
       2
       1
       1
       1
       3
       1
       3
       4
       0
       1
       2
       1
       1
       3
       1
       2
       3
       1
       4
       3
       2
       5
       0
       1
       4
       2
       2
       2
       0
       2
       0
       0
       1
       2
       0
       4
       1
       0
       1
       4
       2
       2
       4
       1
       2
       2
       1
       2
       3
       1
       2
       5
       0
       0
       1
       0
       1
       3
       2
       2
       1
       3
       1
       1
       1
       4
       3
       5
       3
       1
       1
       0
       2
       3
       1
       1
       1
       0
       2
       1
       3
       3
       1
       0
       3
       2
       5
       3
       0
       1
       1
       6
       3
       6
       1
       2
       0
       4
       1
       2
       0
       1
       2
       2
       0
       1
       3
       2
       5
       2
       0
       1
       1
       2
       1
       0
       1
       0
       2
       2
       2
       2
       1
       1
       1
       0
       8
       0
       1
       0
       4
       1
       1
       1
       2
       1
       0
       2
       4
       2
       4
       3
       1
       1
       3
       2
       1
       4
       3
       2
       3
       1
       2
       0
       2
       0
       2
       1
       3
       1
       2
       1
       2
       2
       2
       2
       2
       1
       1
       2
       1
       3
       3
       5
       2
       2
       1
       2
       3
       5
       2
       2
       2
       1
       1
       3
       3
       4
       3
       3
       2
       6
       4
       1
       1
       6
       2
       1
       1
       3
       2
       2
       1
       2
       3
       3
       5
       0
       3
       2
       0
       2
       2
       0
       2
       1
       4
       3
       1
       2
       1
       3
       0
       0
       1
       0
       2
       0
       0
       1
       4
       6
       3
       2
       0
       2
       0
       2
       1
       1
       0
       4
       0
       1
       1
       1
       0
       3
       2
       4
       1
       2
       1
       1
       3
       2
       2
       6
       0
       3
       0
       1
       1
       0
       3
       4
       3
       0
       0
       0
       0
       0
       0
       0
       0
       0
       0
       0
       0
       0
       0
       0
       0
       0
       0
       0
       0
       0
       0
       0
       0
       0
       0
       0
       0
       0
       0
       0
       0
       0
       0
       0
       0
       0
       0
       0
       0
       0
       0
       0
       0
       0
       0
       0
       0
       0
       0
       0
       0
       0
       0
       0
       0
       0
       0
       0
       0
       0
       0
       0
       0
       0
       0
       0
       0
       0
       0
       0
       0
       0
       0
       0
       0
       0
       0
       0
       0
       0
       0
       0
       0
       0
       0
       0
       0
       0
       0
       0
       0
       0
       0
       0
       0
       0
       0
       0
       0
       0
       0
       0
       0
       0
       0
       0
       0
       0
       0
       0
       0
       0
       0
       0
       0
       0
       0
       0
       0
       0
       0
       0
       0
       0
       0
       0
       0
$ROI:
2
1704 1746
2831 2841
$PRESETS:
None
0
0
$ENER_FIT:
0.128636 0.383659
$MCA_CAL:
3
1.286363E-001 3.836592E-001 7.451575E-008 keV
$SHAPE_CAL:
3
2.602834E+000 5.205996E-004 5.222647E-007
