$SPEC_ID:
Cs137
$SPEC_REM:
DET# 2
DETDESC# DETECTOR 2
AP# Maestro Version 7.01
$DATE_MEA:
02/22/2017 09:31:51
$MEAS_TIM:
5208 5217
$DATA:
0 8191
       0
       0
       0
       0
       0
       0
       0
       0
       0
       0
       0
       0
       0
       0
       0
       0
       0
       0
       0
       0
       0
       0
       0
       0
       0
       0
       0
       0
       0
       0
       0
       0
       0
       0
       0
       0
       0
       0
       0
       0
       0
       0
       0
       0
       0
       0
       0
       0
       0
       0
       0
       0
       0
       0
       0
       0
       0
       0
       0
       0
       0
       0
       0
       0
       0
       0
       0
       0
       0
       0
       0
       0
       0
       0
       0
       0
       0
       0
       0
       0
       0
       0
       0
       0
       0
       0
       0
       0
       0
       0
       0
       0
       0
       0
       0
       2
      24
     168
     272
     342
     293
     323
     321
     299
     292
     314
     313
     276
     290
     318
     288
     331
     274
     334
     272
     283
     274
     313
     288
     315
     316
     329
     314
     346
     306
     297
     332
     336
     271
     333
     333
     327
     336
     344
     341
     343
     331
     331
     342
     324
     354
     397
     339
     334
     373
     347
     366
     347
     405
     362
     397
     407
     401
     391
     411
     396
     414
     423
     432
     417
     442
     413
     389
     378
     480
     453
     401
     376
     440
     384
     399
     431
     384
     429
     453
     419
     413
     373
     443
     394
     425
     448
     465
     458
     467
     434
     509
     605
    1164
    1934
    1898
     951
     599
     937
    2174
    3287
    2351
     930
     462
     390
     437
     378
     385
     371
     342
     361
     350
     377
     380
     388
     378
     384
     343
     405
     383
     379
     388
     473
     572
     870
    1255
    1321
    1019
     579
     446
     411
     620
     654
     610
     510
     377
     410
     380
     373
     349
     353
     395
     377
     399
     378
     378
     429
     429
     397
     443
     367
     424
     427
     394
     417
     397
     429
     415
     400
     469
     426
     472
     501
     478
     460
     532
     530
     491
     501
     495
     491
     537
     519
     501
     497
     542
     514
     509
     503
     496
     539
     562
     549
     516
     542
     546
     533
     531
     501
     490
     500
     529
     498
     538
     508
     527
     491
     451
     474
     468
     485
     463
     532
     495
     452
     466
     477
     476
     500
     464
     498
     494
     502
     473
     478
     495
     441
     488
     506
     520
     500
     458
     489
     494
     496
     515
     506
     470
     474
     513
     482
     504
     507
     511
     471
     488
     505
     468
     485
     534
     513
     481
     505
     521
     509
     457
     459
     464
     515
     467
     468
     449
     512
     487
     493
     489
     460
     503
     499
     481
     469
     474
     479
     467
     478
     425
     432
     457
     497
     437
     442
     449
     457
     428
     383
     412
     447
     422
     430
     426
     420
     379
     420
     429
     415
     420
     370
     431
     369
     411
     403
     404
     417
     421
     451
     422
     420
     385
     375
     439
     363
     392
     371
     407
     413
     370
     395
     374
     373
     373
     398
     379
     360
     365
     367
     367
     369
     708
    2462
    6952
   10726
    8771
    3680
     930
     428
     362
     355
     323
     330
     317
     332
     347
     323
     344
     373
     343
     338
     329
     369
     360
     350
     375
     352
     333
     307
     370
     375
     350
     390
     363
     374
     411
     410
     398
     403
     391
     381
     377
     407
     461
     432
     494
     510
     433
     421
     412
     398
     402
     359
     429
     417
     412
     421
     387
     395
     415
     397
     403
     443
     428
     415
     408
     439
     387
     384
     438
     395
     420
     421
     403
     399
     398
     391
     419
     365
     389
     384
     415
     393
     423
     408
     418
     402
     391
     383
     381
     353
     390
     389
     385
     388
     369
     351
     394
     401
     383
     367
     376
     426
     377
     379
     377
     360
     376
     378
     406
     354
     377
     405
     386
     387
     403
     425
     377
     357
     355
     376
     356
     344
     403
     403
     368
     391
     373
     382
     394
     391
     354
     389
     371
     376
     367
     354
     375
     361
     336
     391
     336
     392
     348
     373
     354
     353
     355
     345
     363
     350
     355
     373
     358
     336
     358
     364
     337
     340
     347
     386
     356
     326
     363
     334
     360
     366
     391
     332
     330
     365
     340
     357
     353
     354
     322
     353
     360
     359
     341
     350
     345
     328
     321
     348
     323
     339
     355
     371
     355
     320
     343
     335
     354
     349
     370
     341
     339
     344
     360
     342
     332
     373
     345
     338
     319
     339
     345
     343
     340
     357
     327
     309
     345
     360
     335
     334
     327
     348
     331
     344
     334
     337
     340
     338
     332
     349
     310
     341
     314
     342
     369
     353
     309
     358
     334
     355
     312
     328
     304
     310
     327
     344
     355
     347
     335
     340
     335
     340
     343
     347
     324
     331
     308
     324
     315
     298
     342
     293
     322
     313
     316
     299
     311
     294
     305
     293
     314
     296
     321
     280
     277
     281
     320
     257
     255
     303
     285
     304
     318
     293
     267
     266
     267
     279
     262
     284
     260
     247
     273
     276
     292
     358
     621
    1496
    2610
    2997
    2045
     929
     378
     292
     260
     256
     249
     292
     283
     266
     287
     296
     212
     296
     240
     259
     244
     266
     264
     235
     274
     267
     241
     292
     275
     227
     246
     236
     247
     217
     265
     272
     253
     247
     256
     233
     252
     245
     253
     219
     268
     238
     256
     247
     215
     245
     228
     279
     261
     254
     239
     216
     235
     250
     252
     252
     226
     248
     253
     245
     238
     250
     247
     248
     256
     261
     252
     247
     198
     251
     248
     246
     235
     262
     248
     230
     256
     213
     235
     248
     240
     245
     257
     274
     267
     262
     216
     234
     237
     237
     265
     221
     240
     251
     237
     254
     236
     265
     256
     256
     263
     236
     214
     222
     228
     231
     238
     237
     254
     257
     269
     252
     225
     223
     229
     227
     226
     228
     235
     210
     238
     267
     252
     265
     228
     243
     253
     236
     212
     213
     231
     250
     238
     257
     233
     247
     258
     226
     297
     281
     244
     265
     228
     223
     247
     239
     241
     262
     250
     268
     227
     268
     260
     263
     219
     234
     246
     246
     268
     238
     250
     243
     223
     265
     262
     249
     219
     220
     225
     252
     259
     239
     231
     230
     219
     196
     216
     237
     213
     219
     215
     220
     177
     184
     199
     169
     179
     188
     191
     152
     174
     172
     173
     175
     175
     174
     172
     172
     166
     150
     178
     169
     160
     154
     159
     177
     175
     146
     162
     172
     157
     136
     141
     158
     147
     153
     150
     149
     139
     157
     144
     160
     161
     136
     141
     153
     141
     142
     140
     119
     141
     134
     117
     140
     135
     143
     152
     133
     125
     147
     144
     137
     126
     129
     124
     139
     148
     139
     125
     124
     126
     145
     121
     124
     126
     139
     115
     124
     126
     128
     115
     103
     127
     110
     123
     119
     126
     135
     124
     113
     111
     119
     111
     129
     127
     121
     116
     116
     118
     107
     100
     111
     112
     114
     119
     115
     106
     109
     110
      88
     118
     113
      96
     110
     112
     122
      87
     110
     106
     102
     103
     113
      79
     111
      97
     111
     109
     111
     116
     108
     100
     116
     108
     109
      98
     104
     102
     124
      96
      94
     105
     105
      92
      88
     102
     100
      87
      98
      91
      85
      70
      89
      96
      78
     112
      95
      84
      90
      82
     122
      99
      84
      84
      91
      88
      80
      73
      84
      89
      88
     108
      93
      88
      72
      78
     110
      93
      92
      85
      90
      88
      77
      95
     106
      92
      83
      83
     102
      82
      82
      83
      93
      85
      81
      80
      92
      75
      91
      81
      77
      82
      88
      67
      91
      90
      85
      77
      74
      96
      71
      78
      82
      99
      89
      96
      58
      70
      64
      89
      73
      89
      80
      91
      79
      76
      83
      82
      71
      72
      71
      72
      78
      75
      74
      75
      77
      78
      62
      85
      83
      76
      81
      87
      64
      85
      71
      69
      74
      93
      74
      83
      85
      76
      85
      99
      76
      74
      63
      68
      75
      89
      75
      57
      48
      84
      65
      70
      69
      70
      72
      84
      62
     102
      83
      80
      87
      75
      90
      88
      76
      69
      75
      78
      87
      69
      65
      79
      55
      70
      82
      87
      61
      66
      74
      63
      75
      78
      76
      76
      70
      66
      78
      64
      70
      60
      62
      66
      70
      75
      63
      68
      67
      73
      59
      79
      63
      66
      86
      76
      58
      70
      58
      65
      72
      71
      74
      66
      64
      53
      71
      69
      62
      65
      68
      78
      70
      63
      82
      56
      54
      48
      72
      66
      53
      71
      69
      69
      65
      62
      68
      55
      66
      89
      90
     133
     170
     220
     223
     137
     102
      82
      68
      66
      59
      61
      74
      61
      73
      70
      68
      62
      71
      85
      62
      69
      79
      77
      46
      75
      79
      58
      70
      67
      69
      57
      58
      64
      79
      71
      65
      68
      61
      72
      64
      60
      69
      77
      63
      50
      47
      66
      58
      66
      55
      65
      60
      79
      72
      57
      75
      69
      62
      57
      65
      82
      79
      82
      64
      49
      65
      72
      59
      60
      82
      72
      64
      70
      82
      86
     102
      96
      96
     140
     158
     255
     375
     657
    1138
    1856
    2809
    4097
    5522
    6778
    7387
    7158
    6058
    4629
    3299
    2124
    1283
     720
     474
     252
     173
     107
      99
      70
      65
      51
      50
      55
      45
      58
      60
      41
      55
      55
      54
      60
      50
      58
      59
      45
      47
      59
      52
      43
      63
      43
      48
      51
      54
      40
      59
      65
      57
      44
      59
      63
      53
      56
      59
      56
      50
      51
      51
      62
      49
      66
      60
      52
      36
      43
      49
      61
      52
      45
      55
      55
      55
      65
      54
      61
      60
      62
      46
      50
      43
      53
      66
      48
      50
      48
      55
      43
      60
      59
      60
      66
      53
      60
      46
      47
      42
      57
      54
      53
      49
      50
      45
      51
      54
      55
      48
      48
      43
      49
      49
      49
      56
      59
      52
      48
      52
      57
      58
      50
      52
      41
      58
      40
      34
      55
      46
      53
      62
      42
      55
      54
      63
      44
      47
      56
      45
      53
      46
      48
      40
      46
      66
      51
      57
      51
      48
      58
      56
      49
      48
      49
      47
      53
      43
      51
      53
      59
      39
      35
      62
      39
      41
      47
      59
      57
      55
      52
      57
      63
      61
      50
      53
      42
      49
      45
      52
      56
      52
      55
      49
      60
      51
      47
      51
      71
      53
      44
      60
      60
      59
      64
      41
      61
      51
      55
      55
      51
      59
      44
      40
      45
      52
      49
      51
      50
      46
      60
      65
      57
      41
      55
      65
      41
      46
      55
      53
      46
      57
      51
      54
      50
      43
      47
      46
      53
      41
      49
      61
      47
      62
      55
      64
      51
      47
      59
      57
      41
      50
      54
      50
      59
      42
      55
      61
      43
      56
      41
      50
      46
      60
      57
      56
      52
      47
      54
      56
      59
      53
      62
      46
      54
      66
      59
      47
      58
      44
      51
      58
      65
      64
      62
      50
      60
      57
      53
      68
      49
      50
      46
      54
      55
      69
      58
      54
      53
      45
      57
      54
      49
      53
      37
      66
      39
      46
      47
      57
      43
      52
      49
      58
      55
      60
      70
      60
      64
      54
      54
      64
      46
      62
      54
      60
      63
      61
      64
      64
      52
      50
      63
      57
      56
      51
      48
      53
      54
      49
      62
      55
      61
      52
      37
      65
      64
      62
      55
      64
      55
      56
      56
      55
      47
      59
      62
      56
      41
      56
      48
      52
      50
      46
      59
      56
      48
      60
      65
      43
      55
      53
      60
      51
      63
      61
      54
      64
      51
      50
      54
      53
      63
      62
      65
      67
      68
      61
      53
      61
      65
      65
      60
      64
      67
      57
      52
      65
      62
      67
      73
      66
      67
      62
      51
      58
      56
      58
      63
      69
      51
      65
      55
      69
      58
      73
      64
      60
      67
      62
      50
      49
      57
      56
      57
      46
      55
      56
      61
      51
      60
      61
      53
      57
      58
      54
      55
      74
      50
      55
      69
      55
      67
      76
      53
      61
      61
      71
      69
      44
      53
      57
      75
      73
      61
      75
      52
      59
      75
      85
      56
      62
      66
      52
      59
      66
      66
      57
      73
      65
      77
      76
      65
      74
      61
      69
      76
      69
      60
      65
      60
      66
      57
      68
      45
      71
      57
      56
      46
      60
      55
      58
      63
      59
      62
      50
      53
      62
      42
      61
      57
      73
      58
      54
      48
      61
      55
      56
      58
      62
      51
      51
      65
      51
      65
      59
      61
      65
      66
      59
      52
      70
      58
      64
      74
      61
      58
      53
      61
      61
      68
      66
      57
      59
      35
      66
      59
      57
      53
      60
      49
      60
      75
      61
      66
      50
      69
      60
      56
      52
      57
      50
      56
      56
      59
      56
      62
      62
      70
      49
      56
      71
      51
      62
      54
      66
      63
      39
      55
      53
      67
      73
      59
      62
      71
      53
      71
      54
      73
      65
      52
      61
      67
      59
      65
      68
      56
      65
      72
      69
      69
      67
      74
      66
      61
      56
      73
      49
      59
      56
      72
      62
      73
      66
      65
      52
      70
      57
      84
      66
      62
      74
      65
      63
      63
      63
      74
      73
      74
      71
      69
      74
      77
      61
      68
      62
      63
      78
      72
      66
      71
      67
      56
      59
      56
      68
      60
      63
      71
      65
      67
      63
      69
      79
      79
      69
      68
      71
      64
      58
      61
      63
      61
      68
      60
      69
      57
      68
      69
      67
      66
      66
      67
      72
      65
      63
      70
      75
      68
      63
      79
      69
      66
      58
      67
      58
      58
      80
      53
      75
      56
      52
      63
      64
      80
      63
      72
      40
      58
      73
      67
      68
      64
      44
      55
      79
      77
      64
      51
      65
      62
      44
      58
      71
      59
      57
      71
      82
      59
      74
      77
      73
      63
      64
      66
      64
      63
      58
      52
      68
      49
      55
      56
      60
      75
      63
      69
      62
      59
      49
      60
      55
      54
      48
      51
      53
      45
      49
      49
      52
      39
      44
      57
      47
      42
      63
      54
      41
      56
      55
      63
      64
      56
      43
      51
      52
      55
      44
      44
      48
      53
      42
      42
      61
      48
      48
      46
      35
      46
      67
      64
      47
      56
      47
      40
      55
      47
      47
      57
      60
      50
      45
      45
      56
      28
      45
      42
      43
      41
      60
      43
      45
      38
      45
      51
      50
      45
      45
      44
      54
      40
      64
      45
      48
      41
      48
      48
      48
      42
      55
      34
      45
      45
      41
      53
      54
      37
      48
      52
      55
      47
      33
      50
      41
      48
      45
      47
      43
      45
      48
      43
      38
      59
      44
      38
      41
      44
      34
      58
      45
      60
      45
      43
      43
      41
      49
      41
      42
      48
      54
      47
      46
      46
      31
      44
      47
      43
      42
      51
      44
      39
      49
      37
      39
      44
      49
      49
      31
      47
      42
      45
      34
      42
      39
      46
      46
      41
      42
      36
      43
      47
      40
      41
      51
      44
      44
      42
      50
      38
      45
      36
      42
      44
      54
      48
      39
      47
      44
      53
      31
      38
      45
      42
      34
      47
      55
      35
      52
      43
      46
      42
      39
      39
      50
      38
      36
      47
      44
      42
      41
      53
      46
      50
      48
      34
      53
      41
      44
      33
      39
      38
      38
      40
      38
      38
      33
      42
      46
      36
      24
      35
      49
      41
      36
      46
      44
      32
      47
      41
      43
      43
      54
      41
      25
      57
      42
      26
      37
      40
      46
      41
      36
      41
      35
      39
      48
      37
      41
      30
      39
      33
      31
      46
      39
      41
      40
      42
      42
      39
      38
      42
      34
      42
      47
      44
      32
      47
      47
      44
      31
      37
      40
      43
      44
      33
      29
      43
      57
      68
      73
     170
     297
     493
     700
     881
     953
     750
     529
     288
     119
      50
      41
      35
      36
      35
      33
      37
      33
      31
      26
      43
      38
      32
      41
      42
      54
      28
      26
      47
      43
      42
      30
      41
      43
      40
      45
      41
      47
      44
      52
      41
      42
      35
      34
      37
      30
      40
      37
      27
      39
      40
      38
      42
      38
      40
      32
      38
      30
      47
      36
      41
      45
      49
      39
      43
      36
      30
      45
      45
      50
      46
      46
      32
      43
      40
      39
      26
      37
      40
      43
      30
      30
      51
      34
      37
      42
      39
      31
      34
      33
      33
      39
      35
      33
      36
      37
      37
      26
      35
      39
      42
      35
      36
      50
      48
      51
      35
      59
      39
      43
      40
      26
      26
      49
      37
      36
      32
      36
      28
      43
      41
      48
      41
      39
      30
      38
      37
      36
      39
      40
      46
      35
      33
      30
      32
      29
      44
      41
      36
      36
      31
      47
      50
      70
      78
     134
     174
     184
     189
     153
     120
      72
      47
      31
      35
      34
      38
      32
      33
      29
      25
      35
      42
      33
      37
      20
      34
      24
      33
      29
      46
      42
      29
      30
      25
      21
      30
      32
      30
      22
      38
      27
      26
      32
      36
      25
      35
      29
      36
      29
      25
      23
      33
      29
      29
      35
      38
      31
      37
      37
      29
      30
      28
      26
      28
      22
      37
      37
      23
      26
      31
      27
      22
      32
      34
      21
      30
      43
      36
      37
      27
      30
      27
      30
      26
      22
      32
      24
      34
      29
      32
      33
      29
      35
      35
      24
      26
      27
      37
      33
      31
      42
      52
      94
     170
     303
     553
     951
    1505
    1913
    2233
    2135
    1506
     873
     465
     183
      81
      40
      33
      33
      32
      32
      27
      32
      21
      19
      32
      18
      30
      28
      20
      29
      33
      28
      31
      33
      26
      31
      26
      24
      22
      22
      17
      25
      26
      22
      31
      34
      28
      37
      24
      21
      22
      33
      32
      30
      32
      30
      28
      33
      28
      38
      26
      30
      21
      31
      29
      26
      22
      35
      27
      32
      28
      29
      24
      30
      37
      24
      25
      28
      31
      24
      21
      23
      19
      32
      25
      28
      26
      17
      32
      13
      18
      27
      27
      27
      21
      25
      28
      22
      26
      33
      26
      28
      32
      25
      27
      33
      33
      23
      32
      18
      33
      30
      27
      28
      25
      27
      25
      32
      30
      35
      31
      30
      32
      37
      27
      29
      22
      27
      35
      23
      27
      23
      22
      35
      21
      48
      31
      24
      16
      28
      26
      35
      36
      45
      63
      52
      88
     104
     137
     155
     120
      95
      65
      48
      27
      31
      24
      25
      22
      29
      33
      21
      37
      15
      32
      28
      32
      25
      31
      17
      20
      27
      39
      23
      32
      16
      24
      26
      16
      27
      34
      22
      34
      32
      22
      32
      31
      24
      35
      31
      29
      31
      29
      26
      30
      35
      23
      31
      28
      32
      29
      27
      30
      31
      24
      33
      20
      37
      23
      23
      31
      36
      39
      37
      25
      22
      34
      32
      26
      36
      29
      30
      23
      26
      25
      33
      24
      33
      34
      32
      26
      37
      35
      28
      25
      32
      31
      36
      32
      29
      32
      17
      29
      33
      20
      28
      22
      34
      33
      25
      30
      30
      30
      38
      23
      18
      22
      29
      20
      33
      42
      40
      32
      28
      38
      33
      20
      29
      33
      27
      24
      26
      21
      36
      19
      32
      32
      27
      31
      31
      33
      15
      36
      26
      28
      35
      24
      24
      34
      17
      35
      37
      21
      28
      30
      27
      42
      29
      39
      24
      30
      22
      35
      21
      29
      31
      27
      23
      21
      18
      20
      20
      20
      20
      19
      24
      25
      20
      22
      19
      21
      15
       9
      22
      23
      23
      25
       9
      25
      25
      13
      14
      21
      21
      21
      25
      21
      16
      18
      13
      23
      17
      21
      18
      15
      25
      24
      19
      23
      17
      20
      21
      18
      23
      22
      19
      41
      37
      50
      82
     114
     218
     354
     489
     545
     687
     573
     441
     306
     137
      79
      46
      34
      22
      16
      20
      14
      14
      22
      26
      37
      27
      17
      21
      15
       8
      20
      11
      12
      12
      22
      19
      19
      18
      20
      19
      15
      17
       9
      17
      12
      20
      11
      15
      18
      18
      18
      17
      17
       9
      17
      10
      10
      15
      14
      17
      15
      17
      11
      14
      27
      10
      20
      12
      10
      15
      19
      12
      22
      16
      15
      15
       9
       9
      19
      16
      14
      15
      25
      15
      16
       9
      11
      20
      10
       6
      15
      16
      16
      11
      19
      29
      31
      54
      64
     110
     165
     302
     381
     541
     551
     478
     357
     274
     116
      75
      38
      26
      15
      14
      14
      12
      15
      15
      10
       9
      10
      11
      14
      15
       9
      14
      10
       8
       9
       9
       7
      14
      10
      10
      10
      15
       7
      12
       8
      10
      16
      12
       8
       9
       8
       5
      10
       6
       4
      14
       4
      12
       5
       8
      10
      12
      11
      16
      16
       7
       9
       6
       8
       6
       5
      12
      12
      12
       8
       4
      12
      10
       7
       5
       3
       8
       6
       7
       8
      11
      13
       7
      12
      11
      14
       6
       4
       8
       5
      10
       4
       6
      11
      12
       9
       8
       9
      14
       7
       7
       3
       7
       8
       7
       4
      13
       7
       7
      10
       7
       4
       8
       6
       7
       9
       7
      11
       3
      11
       7
       5
       6
       7
       6
       6
       9
       5
       7
      11
       4
      11
       5
       7
       4
       5
       3
       6
       5
       7
       6
       5
       3
      11
       5
       4
       4
       2
       5
       8
       9
       4
       6
       5
       6
       6
       4
       2
       8
       8
       6
       5
       5
       5
       4
      12
       4
       5
       6
       9
       4
       6
       1
       5
       4
       2
       4
       3
       5
       2
       3
       6
       3
       4
       3
       4
       1
       5
       2
       2
       5
       7
       4
       2
       4
       4
       2
       2
       5
       2
       4
       5
       1
      10
       2
       5
       5
       6
       6
       3
       4
       6
       2
       1
       4
       3
       6
       7
       3
       5
       2
       5
       1
       4
       3
       8
       5
       7
       4
       5
       3
       7
       1
       2
       2
       5
       7
       6
       2
       3
       4
       2
       2
       6
       3
       1
       3
       4
       6
       2
       3
       5
       2
       4
       8
       3
       3
       4
       5
       3
       5
       3
       3
       3
       6
       2
       3
       6
       2
       4
       3
       6
       6
       3
       5
       1
       3
       3
       2
       4
       4
       4
       4
       7
       1
       3
       2
       3
       0
       2
       4
       2
       3
       2
       5
       5
       2
       2
       4
       6
       5
       3
       3
       2
       0
       6
       8
       4
       5
       3
       6
       6
       4
       5
       7
       1
       3
       4
       5
       3
       2
       4
       4
       7
       3
       1
       5
       3
       3
       3
       3
       4
       2
       0
       3
       6
       5
       7
       5
       5
       4
       7
       1
       2
       4
       2
       4
       2
       4
       6
       5
       2
       3
       4
       4
       5
       2
       6
       2
       1
       3
       2
       1
       3
       4
       4
       4
      13
      11
       6
      10
      18
       7
       4
       5
      11
       4
       1
       6
       4
       3
       6
       3
       4
       5
       6
       1
       6
       3
       3
       6
       4
       3
       2
       4
       6
       7
      12
      19
      24
      41
      85
     136
     236
     341
     555
     852
    1121
    1319
    1415
    1305
    1083
     707
     437
     192
      71
      27
      14
       2
       2
       0
       2
       3
       2
       0
       1
       2
       1
       3
       2
       3
       2
       2
       2
       2
       3
       1
       2
       1
       0
       1
       0
       1
       1
       1
       2
       1
       2
       2
       0
       4
       1
       4
       1
       2
       1
       1
       3
       2
       1
       1
       1
       1
       1
       1
       1
       0
       3
       1
       0
       0
       1
       1
       5
       3
       1
       0
       3
       0
       1
       0
       0
       2
       1
       1
       2
       0
       2
       0
       0
       3
       3
       2
       1
       1
       1
       1
       1
       2
       1
       1
       0
       2
       3
       1
       1
       3
       2
       0
       1
       0
       0
       1
       1
       2
       3
       3
       1
       1
       1
       4
       3
       3
       0
       2
       2
       0
       3
       0
       3
       2
       2
       1
       1
       2
       2
       0
       0
       2
       1
       0
       1
       3
       1
       0
       1
       0
       0
       1
       2
       1
       1
       2
       1
       2
       3
       1
       0
       1
       0
       1
       3
       3
       3
       0
       1
       1
       1
       0
       0
       7
       2
       2
       0
       1
       1
       3
       1
       1
       2
       0
       3
       1
       6
       0
       3
       0
       1
       2
       2
       1
       1
       0
       1
       0
       0
       3
       0
       3
       3
       2
       2
       4
       0
       1
       0
       2
       2
       4
       1
       1
       2
       0
       0
       1
       3
       1
       0
       5
       0
       1
       2
       0
       3
       1
       2
       2
       1
       2
       3
       2
       1
       0
       1
       1
       2
       1
       2
       1
       0
       0
       3
       2
       1
       1
       3
       0
       2
       2
       0
       1
       1
       2
       3
       1
       1
       4
       0
       1
       3
       1
       1
       4
       1
       2
       1
       0
       1
       0
       1
       2
       0
       2
       2
       2
       2
       1
       2
       1
       0
       0
       1
       2
       3
       1
       2
       3
       0
       0
       2
       1
       1
       0
       1
       1
       1
       0
       2
       0
       2
       1
       2
       6
       2
       1
       1
       0
       1
       1
       2
       1
       0
       1
       2
       1
       2
       0
       5
       1
       0
       2
       0
       0
       3
       2
       1
       2
       4
       4
       4
       3
       3
       2
       3
       2
       3
       3
       5
       3
       4
       2
       1
       2
       1
       2
       0
       0
       1
       2
       1
       0
       2
       1
       1
       0
       3
       3
       2
       1
       2
       2
       2
       1
       0
       0
       3
       1
       1
       1
       2
       0
       2
       2
       0
       2
       1
       2
       0
       0
       2
       2
       2
       3
       0
       4
       1
       1
       3
       1
       3
       1
       5
       0
       0
       6
       2
       2
       1
       1
       1
       0
       1
       0
       0
       2
       2
       1
       0
       2
       2
       0
       1
       2
       2
       3
       0
       1
       1
       0
       1
       1
       0
       0
       1
       3
       1
       2
       3
       0
       0
       1
       1
       3
       3
       1
       1
       1
       1
       3
       1
       1
       2
       0
       1
       1
       1
       0
       1
       1
       1
       0
       1
       0
       3
       3
       3
       1
       1
       1
       4
       1
       1
       0
       2
       0
       0
       1
       3
       0
       0
       0
       4
       1
       3
       0
       2
       3
       0
       2
       5
       1
       7
       9
       6
       4
       6
       6
       9
       0
       3
       2
       1
       2
       0
       5
       4
       6
       8
       2
       6
       2
       1
       3
       2
       1
       2
       0
       1
       0
       2
       0
       1
       1
       1
       0
       1
       1
       2
       2
       1
       1
       0
       2
       1
       3
       0
       1
       1
       0
       0
       2
       1
       1
       0
       2
       1
       2
       0
       3
       1
       2
       2
       0
       2
       2
       0
       1
       0
       0
       0
       0
       2
       0
       3
       1
       0
       2
       2
       3
       1
       1
       0
       2
       0
       1
       1
       0
       1
       0
       2
       0
       2
       1
       2
       0
       0
       1
       1
       1
       0
       2
       2
       0
       2
       1
       0
       0
       1
       1
       0
       0
       2
       0
       0
       0
       1
       2
       2
       0
       0
       4
       0
       1
       0
       2
       3
       5
       1
       0
       1
       1
       0
       2
       1
       0
       0
       1
       1
       3
       1
       1
       0
       1
       1
       0
       3
       1
       0
       0
       1
       3
       1
       0
       0
       1
       1
       1
       1
       2
       2
       1
       1
       0
       0
       4
       2
       0
       1
       0
       0
       0
       2
       3
       2
       1
       0
       1
       2
       2
       0
       1
       1
       0
       1
       1
       0
       1
       0
       1
       0
       1
       2
       2
       2
       0
       2
       2
       1
       0
       0
       1
       1
       1
       1
       0
       0
       0
       1
       1
       1
       2
       1
       0
       1
       2
       0
       1
       0
       0
       1
       1
       0
       1
       0
       0
       0
       4
       0
       2
       2
       1
       1
       1
       0
       1
       0
       0
       0
       0
       0
       0
       2
       0
       3
       1
       0
       1
       2
       2
       0
       1
       4
       2
       0
       2
       1
       0
       1
       2
       3
       0
       3
       2
       1
       2
       2
       0
       0
       0
       2
       3
       1
       0
       1
       1
       2
       0
       0
       0
       1
       1
       0
       0
       2
       3
       1
       0
       0
       0
       1
       2
       0
       1
       0
       0
       0
       0
       1
       1
       1
       2
       1
       0
       0
       1
       2
       0
       1
       0
       0
       0
       2
       3
       0
       1
       0
       0
       0
       1
       0
       0
       0
       0
       2
       0
       1
       1
       1
       2
       0
       0
       1
       3
       2
       2
       1
       2
       2
       1
       1
       2
       1
       0
       1
       0
       1
       0
       1
       0
       0
       1
       0
       2
       2
       0
       1
       2
       0
       0
       1
       4
       2
       0
       0
       1
       0
       0
       2
       2
       1
       0
       1
       0
       1
       1
       0
       2
       0
       1
       2
       1
       1
       0
       0
       1
       2
       0
       0
       0
       0
       2
       1
       0
       1
       1
       0
       1
       2
       0
       0
       0
       0
       0
       0
       2
       2
       0
       0
       4
       0
       1
       1
       0
       2
       0
       2
       0
       1
       2
       0
       0
       0
       1
       1
       3
       1
       0
       0
       0
       2
       0
       3
       2
       2
       1
       1
       2
       4
       0
       0
       1
       1
       0
       3
       2
       0
       1
       1
       1
       5
       1
       0
       0
       1
       1
       3
       1
       2
       4
       3
       3
       1
       1
       0
       1
       1
       2
       0
       1
       1
       1
       0
       0
       1
       1
       0
       1
       0
       1
       0
       0
       0
       1
       1
       0
       0
       1
       0
       1
       1
       2
       0
       0
       0
       1
       2
       0
       2
       1
       0
       1
       0
       0
       1
       1
       1
       0
       1
       0
       0
       1
       2
       1
       0
       0
       0
       0
       1
       1
       0
       1
       1
       2
       2
       0
       2
       1
       0
       0
       1
       1
       1
       0
       0
       3
       0
       1
       0
       0
       0
       0
       0
       2
       1
       0
       1
       2
       1
       0
       0
       0
       0
       0
       0
       2
       0
       2
       0
       0
       1
       1
       0
       1
       0
       1
       1
       0
       0
       1
       1
       0
       0
       0
       2
       0
       1
       3
       1
       0
       0
       0
       1
       0
       2
       1
       2
       0
       1
       3
       2
       0
       2
       0
       0
       0
       1
       1
       1
       1
       1
       1
       1
       0
       1
       0
       1
       2
       2
       2
       0
       2
       4
       2
       0
       4
       1
       2
       2
       4
       3
       1
       0
       1
       0
       1
       1
       0
       1
       1
       0
       0
       2
       2
       2
       2
       1
       0
       1
       0
       1
       0
       1
       1
       1
       1
       3
       0
       0
       0
       2
       2
       0
       0
       2
       0
       0
       1
       0
       0
       0
       0
       0
       0
       1
       1
       1
       0
       0
       0
       0
       1
       0
       0
       2
       2
       1
       3
       2
       1
       1
       1
       0
       1
       0
       1
       2
       0
       0
       1
       0
       1
       1
       0
       0
       1
       2
       0
       1
       0
       0
       0
       0
       0
       0
       1
       1
       4
       1
       2
       0
       2
       0
       0
       0
       2
       2
       0
       0
       1
       0
       0
       0
       1
       1
       0
       0
       1
       1
       1
       1
       1
       2
       0
       0
       2
       0
       1
       0
       0
       0
       0
       0
       1
       1
       0
       0
       2
       0
       1
       0
       1
       2
       1
       0
       0
       3
       2
       0
       2
       1
       0
       0
       0
       2
       1
       0
       0
       0
       4
       0
       0
       2
       0
       0
       1
       2
       0
       1
       1
       0
       1
       0
       0
       0
       1
       0
       0
       0
       2
       1
       0
       1
       1
       3
       0
       2
       2
       1
       0
       1
       1
       0
       1
       1
       1
       2
       0
       0
       3
       0
       2
       0
       0
       2
       2
       1
       2
       0
       0
       0
       1
       0
       1
       0
       1
       1
       0
       0
       0
       1
       0
       2
       0
       2
       2
       1
       0
       1
       1
       1
       0
       0
       0
       1
       0
       2
       0
       2
       1
       1
       3
       2
       2
       0
       4
       4
       1
       1
       3
       5
       3
       3
       2
       1
       1
       0
       3
       3
       1
       1
       0
       0
       0
       0
       0
       0
       0
       0
       0
       0
       0
       1
       2
       0
       0
       0
       0
       1
       0
       0
       1
       1
       0
       0
       0
       1
       0
       0
       0
       1
       0
       0
       1
       0
       0
       1
       1
       1
       1
       1
       0
       0
       0
       1
       0
       0
       0
       1
       1
       1
       1
       0
       0
       0
       1
       0
       0
       2
       0
       0
       0
       1
       0
       0
       0
       2
       1
       0
       0
       1
       1
       0
       1
       0
       0
       0
       1
       1
       2
       0
       0
       0
       0
       0
       0
       0
       1
       2
       0
       1
       0
       2
       1
       2
       1
       1
       0
       0
       0
       0
       0
       0
       0
       0
       2
       1
       0
       0
       1
       0
       1
       0
       1
       0
       0
       1
       0
       1
       0
       1
       0
       0
       0
       2
       1
       1
       0
       0
       1
       1
       0
       1
       0
       2
       1
       0
       0
       0
       0
       0
       3
       0
       1
       0
       0
       0
       0
       0
       2
       2
       2
       0
       0
       2
       0
       0
       0
       1
       0
       1
       1
       0
       1
       0
       1
       0
       1
       0
       2
       2
       0
       0
       0
       1
       0
       2
       2
       1
       2
       0
       2
       0
       2
       0
       0
       1
       0
       1
       0
       1
       0
       0
       2
       1
       1
       1
       1
       0
       0
       0
       0
       0
       2
       0
       1
       0
       0
       0
       1
       0
       1
       0
       1
       0
       1
       1
       2
       0
       0
       1
       1
       0
       1
       1
       1
       1
       0
       1
       1
       3
       2
       1
       0
       0
       0
       0
       0
       0
       0
       1
       0
       0
       2
       1
       0
       1
       2
       0
       1
       0
       0
       2
       3
       1
       0
       0
       0
       2
       0
       1
       3
       0
       1
       1
       1
       1
       1
       2
       2
       0
       0
       0
       1
       0
       0
       3
       0
       0
       0
       0
       1
       0
       0
       2
       1
       3
       0
       0
       1
       0
       1
       0
       0
       2
       0
       0
       0
       0
       1
       1
       1
       0
       3
       2
       1
       1
       2
       2
       1
       1
       0
       1
       1
       5
       0
       0
       0
       0
       1
       0
       2
       1
       0
       2
       1
       1
       0
       0
       0
       0
       0
       0
       1
       1
       1
       0
       0
       0
       2
       1
       0
       0
       0
       0
       0
       0
       0
       4
       0
       2
       0
       1
       1
       0
       1
       0
       0
       0
       2
       1
       1
       0
       2
       1
       0
       1
       0
       2
       2
       0
       0
       0
       4
       1
       1
       2
       1
       1
       2
       3
       0
       1
       1
       0
       0
       2
       0
       2
       1
       0
       0
       0
       0
       0
       0
       0
       0
       0
       2
       1
       2
       0
       0
       2
       0
       1
       0
       0
       0
       0
       1
       0
       1
       1
       0
       0
       1
       0
       0
       1
       1
       1
       0
       0
       0
       0
       1
       0
       0
       1
       0
       0
       2
       0
       1
       1
       0
       1
       1
       0
       0
       0
       0
       1
       1
       2
       0
       1
       3
       0
       1
       0
       0
       0
       1
       0
       1
       0
       0
       0
       0
       0
       2
       0
       1
       0
       0
       1
       0
       1
       1
       0
       3
       1
       1
       0
       0
       4
       1
       2
       2
       0
       2
       1
       0
       1
       0
       1
       2
       0
       1
       0
       0
       1
       3
       0
       0
       1
       1
       0
       2
       1
       0
       0
       1
       0
       5
       0
       0
       0
       1
       0
       0
       1
       0
       0
       1
       0
       0
       0
       0
       2
       0
       1
       1
       0
       2
       0
       0
       0
       0
       0
       0
       0
       1
       0
       1
       0
       0
       1
       0
       0
       0
       0
       1
       1
       0
       1
       0
       0
       2
       1
       1
       1
       1
       0
       1
       0
       0
       0
       1
       0
       0
       1
       0
       0
       1
       0
       0
       0
       0
       0
       0
       0
       1
       0
       1
       1
       2
       0
       1
       0
       0
       1
       0
       2
       1
       0
       1
       1
       0
       0
       2
       0
       1
       0
       1
       0
       1
       0
       0
       0
       1
       1
       0
       2
       1
       0
       0
       1
       1
       0
       0
       0
       0
       3
       0
       0
       1
       0
       0
       1
       0
       1
       0
       0
       0
       1
       1
       1
       1
       0
       1
       0
       0
       3
       0
       0
       0
       3
       0
       1
       0
       1
       0
       0
       2
       1
       2
       1
       0
       0
       0
       0
       0
       1
       0
       0
       0
       0
       0
       0
       0
       1
       0
       2
       1
       0
       1
       0
       0
       1
       1
       1
       0
       1
       0
       1
       0
       1
       1
       0
       0
       0
       0
       0
       1
       0
       0
       0
       2
       1
       0
       0
       0
       0
       0
       0
       1
       0
       1
       0
       1
       0
       0
       1
       0
       0
       0
       0
       1
       2
       0
       0
       0
       1
       0
       0
       0
       0
       0
       0
       1
       3
       1
       1
       0
       0
       1
       0
       0
       1
       0
       0
       0
       0
       1
       2
       1
       1
       0
       0
       0
       0
       0
       1
       0
       2
       0
       5
       0
       0
       0
       0
       0
       0
       0
       0
       1
       0
       0
       0
       0
       0
       0
       0
       0
       0
       1
       0
       0
       1
       0
       0
       0
       0
       1
       0
       0
       0
       0
       0
       0
       1
       0
       0
       0
       0
       1
       2
       0
       0
       0
       0
       1
       0
       0
       0
       1
       0
       0
       0
       0
       1
       0
       1
       0
       2
       0
       0
       0
       0
       0
       0
       0
       0
       0
       0
       0
       0
       0
       1
       0
       0
       0
       0
       1
       0
       0
       0
       0
       1
       0
       0
       2
       0
       0
       0
       1
       0
       1
       0
       0
       0
       0
       0
       1
       0
       0
       0
       1
       0
       0
       1
       0
       0
       0
       0
       0
       0
       1
       0
       1
       0
       0
       0
       1
       0
       0
       0
       0
       0
       0
       0
       0
       0
       0
       0
       0
       0
       0
       0
       0
       0
       0
       0
       0
       0
       0
       0
       0
       0
       0
       0
       0
       0
       1
       0
       0
       1
       0
       0
       0
       1
       0
       1
       0
       0
       0
       0
       1
       0
       0
       0
       1
       0
       1
       0
       0
       0
       0
       0
       0
       1
       0
       1
       0
       0
       1
       0
       1
       0
       0
       0
       1
       0
       0
       0
       1
       0
       1
       0
       0
       0
       0
       0
       0
       0
       0
       0
       0
       0
       0
       0
       1
       0
       0
       0
       0
       0
       0
       0
       0
       0
       0
       0
       1
       1
       0
       0
       0
       0
       0
       1
       0
       0
       0
       0
       1
       1
       0
       0
       0
       0
       0
       0
       2
       0
       0
       1
       0
       0
       0
       0
       0
       0
       0
       0
       1
       0
       0
       0
       0
       0
       1
       1
       0
       0
       1
       0
       0
       0
       0
       0
       1
       0
       0
       0
       1
       1
       0
       1
       0
       0
       0
       1
       0
       0
       1
       2
       0
       0
       0
       0
       1
       0
       1
       0
       0
       0
       0
       0
       0
       0
       0
       0
       1
       0
       1
       0
       0
       0
       0
       0
       0
       0
       1
       0
       0
       0
       0
       1
       1
       0
       0
       0
       0
       1
       2
       4
       4
       9
       7
       9
      11
      11
      12
      14
      18
      15
       7
       6
       3
       4
       2
       2
       0
       0
       0
       0
       0
       0
       1
       0
       0
       0
       0
       0
       0
       1
       0
       0
       0
       0
       0
       0
       0
       0
       0
       1
       1
       0
       0
       1
       0
       0
       0
       1
       2
       0
       0
       0
       0
       0
       0
       0
       0
       0
       1
       0
       0
       0
       0
       0
       0
       0
       0
       0
       0
       0
       0
       0
       0
       0
       0
       0
       1
       0
       0
       0
       1
       0
       0
       1
       0
       0
       1
       0
       0
       2
       0
       0
       1
       0
       0
       0
       0
       0
       0
       0
       1
       0
       0
       0
       0
       0
       1
       0
       0
       0
       0
       0
       0
       0
       0
       0
       1
       0
       0
       0
       0
       0
       0
       0
       0
       0
       0
       1
       1
       0
       0
       0
       1
       0
       0
       0
       1
       0
       0
       0
       1
       0
       0
       0
       1
       1
       1
       0
       2
       3
       1
       0
       1
       1
       0
       0
       0
       0
       0
       0
       0
       0
       0
       0
       0
       0
       1
       0
       0
       0
       0
       0
       0
       0
       0
       0
       0
       1
       0
       0
       1
       0
       0
       1
       0
       0
       1
       0
       2
       0
       0
       0
       0
       0
       0
       0
       0
       1
       0
       0
       0
       1
       1
       0
       0
       0
       0
       0
       1
       0
       0
       0
       0
       0
       1
       0
       0
       0
       0
       0
       0
       0
       0
       1
       0
       0
       0
       0
       0
       0
       0
       0
       0
       0
       0
       0
       0
       0
       1
       0
       0
       0
       0
       0
       1
       0
       0
       0
       0
       0
       1
       0
       0
       0
       0
       0
       0
       0
       1
       0
       1
       1
       0
       0
       1
       0
       1
       0
       0
       0
       0
       0
       0
       0
       1
       0
       0
       0
       0
       0
       1
       0
       0
       0
       1
       0
       0
       1
       0
       1
       0
       0
       0
       0
       0
       0
       1
       0
       2
       0
       0
       0
       0
       0
       0
       0
       0
       1
       1
       1
       0
       0
       0
       0
       1
       1
       0
       0
       0
       1
       0
       0
       0
       0
       0
       0
       0
       0
       0
       0
       0
       1
       0
       0
       0
       0
       0
       0
       0
       0
       0
       0
       0
       0
       1
       0
       0
       0
       0
       0
       0
       0
       0
       2
       1
       0
       0
       1
       0
       0
       0
       0
       0
       0
       1
       0
       0
       0
       0
       0
       0
       0
       1
       0
       0
       0
       1
       0
       0
       0
       1
       0
       0
       1
       0
       0
       0
       0
       0
       0
       0
       0
       1
       0
       0
       0
       0
       0
       0
       0
       0
       2
       0
       0
       0
       1
       0
       0
       0
       0
       2
       0
       0
       0
       0
       0
       0
       0
       0
       1
       0
       1
       0
       0
       0
       0
       0
       0
       0
       0
       0
       0
       0
       0
       0
       1
       0
       0
       0
       0
       0
       0
       0
       0
       0
       0
       0
       0
       0
       0
       1
       0
       0
       0
       0
       0
       0
       0
       0
       0
       0
       0
       0
       0
       0
       0
       0
       0
       0
       0
       0
       0
       0
       0
       0
       0
       0
       2
       0
       1
       1
       0
       0
       0
       0
       0
       0
       0
       0
       0
       0
       0
       0
       1
       0
       0
       0
       1
       1
       0
       0
       0
       0
       1
       0
       0
       0
       0
       0
       0
       0
       0
       0
       0
       1
       1
       0
       0
       0
       0
       0
       0
       0
       0
       0
       0
       0
       0
       0
       0
       0
       0
       0
       1
       0
       0
       1
       1
       1
       0
       0
       0
       0
       1
       0
       0
       0
       1
       0
       0
       0
       0
       0
       0
       0
       0
       1
       1
       0
       1
       0
       1
       0
       0
       1
       0
       0
       1
       0
       0
       1
       0
       1
       0
       0
       1
       0
       0
       0
       0
       0
       0
       1
       0
       1
       0
       0
       0
       0
       0
       0
       0
       1
       0
       0
       0
       0
       0
       0
       0
       0
       0
       0
       0
       0
       0
       0
       0
       0
       0
       0
       0
       0
       0
       0
       0
       0
       1
       0
       0
       1
       0
       0
       0
       0
       0
       0
       0
       0
       0
       0
       0
       0
       0
       0
       0
       0
       0
       0
       1
       0
       0
       0
       0
       0
       0
       0
       0
       0
       0
       0
       0
       0
       0
       1
       1
       0
       0
       1
       0
       0
       0
       0
       0
       1
       0
       0
       0
       0
       0
       2
       0
       0
       0
       0
       0
       0
       0
       0
       0
       1
       0
       0
       0
       0
       0
       0
       1
       0
       0
       0
       0
       0
       0
       0
       1
       0
       1
       0
       1
       1
       1
       0
       0
       0
       0
       0
       0
       0
       0
       0
       0
       0
       0
       0
       0
       0
       0
       0
       1
       0
       1
       0
       0
       0
       0
       0
       0
       0
       0
       0
       0
       0
       0
       0
       1
       0
       0
       0
       0
       0
       0
       1
       0
       0
       0
       0
       0
       0
       0
       0
       0
       2
       0
       0
       0
       0
       0
       0
       0
       0
       0
       0
       0
       0
       1
       0
       0
       0
       1
       0
       0
       0
       0
       0
       0
       0
       0
       0
       0
       0
       0
       0
       0
       0
       1
       0
       0
       0
       0
       0
       0
       0
       0
       0
       1
       0
       0
       1
       0
       0
       0
       0
       0
       0
       0
       1
       0
       0
       0
       0
       1
       0
       0
       0
       2
       0
       0
       0
       0
       1
       0
       0
       0
       0
       2
       0
       0
       0
       1
       0
       0
       1
       0
       0
       0
       0
       0
       0
       1
       0
       0
       0
       0
       0
       0
       1
       0
       0
       0
       0
       0
       0
       0
       0
       0
       0
       1
       0
       0
       0
       0
       1
       0
       0
       0
       0
       0
       0
       0
       1
       0
       0
       0
       0
       0
       1
       0
       0
       0
       0
       0
       0
       0
       0
       0
       0
       0
       0
       0
       0
       0
       0
       0
       0
       0
       1
       0
       0
       0
       0
       0
       0
       0
       0
       0
       1
       0
       0
       0
       0
       0
       1
       0
       0
       0
       0
       0
       0
       0
       0
       0
       0
       0
       0
       0
       0
       0
       1
       0
       0
       0
       0
       0
       0
       0
       0
       0
       0
       0
       0
       0
       1
       0
       0
       0
       0
       1
       0
       0
       0
       0
       0
       0
       0
       0
       0
       0
       0
       0
       0
       1
       0
       0
       0
       0
       0
       0
       0
       0
       0
       0
       2
       0
       0
       0
       0
       1
       4
       1
       0
       0
       0
       1
       1
       1
       1
       2
       0
       0
       0
       0
       0
       1
       0
       0
       0
       1
       0
       0
       0
       0
       1
       0
       0
       0
       0
       0
       1
       0
       0
       0
       0
       0
       0
       0
       0
       0
       0
       0
       1
       0
       0
       0
       0
       1
       0
       0
       1
       1
       0
       2
       0
       0
       0
       0
       0
       0
       0
       0
       0
       1
       0
       0
       0
       0
       0
       0
       1
       0
       0
       0
       0
       0
       0
       0
       0
       0
       0
       0
       0
       0
       0
       0
       0
       0
       0
       0
       0
       1
       0
       0
       0
       0
       0
       1
       0
       0
       0
       0
       0
       0
       1
       0
       0
       0
       0
       0
       0
       0
       0
       2
       0
       0
       0
       0
       0
       0
       0
       0
       0
       0
       0
       0
       0
       0
       0
       0
       0
       0
       0
       0
       0
       0
       0
       0
       0
       0
       0
       0
       0
       0
       0
       0
       1
       0
       0
       0
       0
       0
       0
       0
       0
       0
       0
       0
       0
       0
       0
       0
       0
       0
       0
       1
       0
       0
       0
       0
       0
       0
       0
       0
       0
       0
       0
       0
       0
       1
       0
       0
       1
       1
       0
       0
       0
       1
       1
       0
       0
       0
       0
       0
       0
       1
       0
       0
       1
       0
       0
       0
       0
       0
       0
       0
       0
       0
       0
       0
       0
       0
       0
       0
       0
       0
       0
       0
       0
       0
       0
       0
       0
       0
       0
       0
       0
       0
       1
       0
       0
       0
       0
       0
       0
       0
       0
       0
       0
       0
       0
       1
       0
       0
       0
       0
       0
       0
       0
       1
       0
       0
       0
       0
       0
       0
       0
       0
       0
       0
       0
       1
       0
       0
       0
       0
       0
       0
       0
       0
       0
       0
       0
       0
       0
       1
       0
       0
       0
       0
       0
       0
       0
       0
       0
       1
       0
       0
       0
       0
       0
       0
       1
       0
       0
       0
       0
       0
       0
       0
       0
       0
       0
       0
       0
       0
       0
       0
       0
       0
       0
       1
       0
       0
       0
       1
       0
       0
       0
       0
       0
       0
       0
       0
       0
       0
       1
       0
       0
       0
       0
       0
       0
       0
       0
       0
       0
       0
       0
       0
       0
       0
       0
       0
       0
       0
       0
       0
       1
       1
       0
       0
       0
       0
       0
       0
       0
       0
       0
       0
       0
       1
       0
       0
       0
       0
       0
       0
       0
       1
       0
       0
       0
       0
       0
       0
       1
       0
       0
       0
       0
       0
       0
       0
       0
       0
       1
       0
       0
       1
       0
       1
       0
       0
       2
       0
       1
       0
       0
       0
       0
       0
       0
       1
       0
       0
       0
       0
       0
       0
       1
       0
       0
       1
       0
       1
       0
       0
       0
       0
       0
       0
       0
       0
       0
       0
       0
       0
       0
       1
       0
       0
       0
       2
       0
       0
       0
       0
       0
       0
       0
       0
       0
       0
       0
       1
       0
       0
       0
       1
       0
       0
       0
       0
       1
       0
       0
       0
       0
       0
       0
       0
       0
       0
       0
       0
       0
       0
       0
       0
       0
       0
       1
       0
       0
       0
       0
       0
       0
       0
       0
       0
       0
       1
       0
       0
       0
       0
       1
       0
       0
       0
       0
       0
       1
       0
       0
       0
       0
       0
       0
       0
       0
       0
       0
       0
       0
       0
       1
       0
       0
       0
       0
       1
       0
       0
       0
       0
       0
       0
       0
       0
       0
       0
       0
       0
       0
       0
       0
       0
       0
       0
       0
       0
       0
       0
       0
       0
       0
       0
       0
       0
       0
       0
       0
       0
       0
       0
       0
       0
       0
       0
       0
       1
       1
       1
       0
       0
       1
       0
       0
       0
       0
       0
       0
       0
       0
       0
       0
       1
       0
       0
       0
       0
       0
       0
       0
       0
       0
       1
       0
       0
       0
       0
       0
       0
       0
       0
       0
       0
       1
       0
       0
       0
       0
       0
       0
       0
       0
       0
       0
       0
       0
       0
       0
       0
       0
       0
       0
       0
       0
       0
       0
       0
       0
       0
       0
       0
       1
       0
       0
       0
       1
       0
       0
       0
       0
       0
       0
       0
       0
       0
       0
       0
       0
       0
       0
       0
       0
       0
       0
       1
       0
       0
       0
       0
       0
       0
       0
       0
       0
       0
       0
       0
       0
       0
       0
       0
       0
       0
       0
       0
       0
       1
       0
       0
       0
       0
       0
       0
       0
       0
       0
       0
       0
       0
       0
       0
       0
       1
       0
       1
       0
       0
       1
       0
       0
       0
       0
       0
       0
       0
       1
       0
       0
       1
       0
       0
       0
       0
       0
       0
       0
       0
       0
       0
       0
       0
       0
       0
       0
       0
       0
       0
       0
       0
       0
       0
       0
       0
       0
       0
       1
       0
       0
       1
       0
       0
       0
       0
       0
       0
       0
       0
       0
       0
       0
       0
       0
       0
       0
       0
       0
       0
       0
       0
       0
       0
       0
       0
       0
       0
       0
       0
       0
       0
       0
       0
       0
       0
       0
       1
       0
       0
       1
       0
       0
       0
       0
       0
       0
       1
       0
       0
       0
       0
       0
       0
       0
       0
       0
       0
       0
       0
       0
       0
       0
       0
       0
       0
       0
       0
       0
       0
       0
       0
       0
       0
       0
       0
       1
       0
       0
       0
       0
       0
       0
       0
       0
       0
       0
       0
       0
       0
       0
       1
       0
       0
       0
       0
       0
       0
       0
       1
       0
       0
       0
       0
       0
       0
       0
       0
       0
       1
       0
       0
       0
       0
       0
       0
       0
       0
       0
       0
       0
       0
       0
       1
       0
       0
       0
       0
       0
       0
       0
       0
       0
       0
       0
       0
       0
       0
       0
       1
       0
       0
       0
       0
       0
       0
       0
       1
       0
       0
       0
       0
       0
       0
       0
       0
       0
       1
       0
       0
       0
       0
       0
       0
       0
       0
       0
       0
       0
       0
       0
       0
       1
       0
       0
       0
       0
       0
       0
       0
       0
       0
       0
       0
       0
       0
       0
       0
       0
       0
       1
       0
       0
       0
       0
       0
       0
       0
       0
       1
       0
       1
       0
       0
       0
       0
       0
       0
       0
       0
       0
       1
       0
       1
       0
       0
       0
       1
       0
       0
       0
       0
       0
       0
       0
       0
       1
       0
       0
       1
       0
       0
       0
       0
       0
       0
       0
       0
       0
       0
       0
       0
       0
       0
       0
       0
       0
       0
       0
       0
       0
       0
       0
       1
       0
       1
       0
       0
       0
       1
       0
       0
       0
       0
       0
       0
       0
       0
       0
       0
       0
       1
       0
       0
       1
       0
       0
       0
       0
       0
       0
       0
       0
       0
       0
       0
       0
       0
       0
       0
       0
       0
       0
       0
       0
       0
       1
       0
       0
       0
       0
       0
       0
       0
       0
       0
       0
       1
       0
       0
       0
       0
       0
       0
       1
       0
       0
       0
       0
       1
       0
       0
       0
       0
       0
       0
       0
       0
       0
       0
       1
       1
       0
       0
       0
       0
       0
       0
       0
       1
       0
       0
       0
       0
       0
       0
       0
       0
       0
       1
       0
       0
       0
       0
       0
       0
       0
       0
       0
       0
       0
       0
       0
       0
       0
       0
       0
       0
       0
       0
       0
       0
       0
       1
       0
       0
       1
       0
       1
       0
       0
       0
       1
       0
       0
       1
       0
       1
       0
       0
       0
       0
       0
       0
       0
       0
       0
       0
       0
       0
       0
       0
       0
       0
       0
       0
       0
       0
       0
       0
       0
       1
       0
       0
       0
       0
       0
       0
       0
       1
       0
       0
       0
       0
       0
       0
       0
       0
       1
       0
       0
       0
       0
       0
       0
       0
       0
       0
       0
       0
       0
       0
       0
       0
       0
       0
       0
       0
       0
       0
       1
       1
       0
       0
       0
       0
       0
       0
       0
       0
       0
       0
       0
       0
       0
       0
       0
       0
       0
       0
       0
       0
       0
       0
       0
       0
       0
       0
       0
       0
       1
       0
       0
       1
       0
       0
       0
       0
       0
       0
       0
       0
       0
       1
       0
       0
       0
       0
       0
       0
       0
       0
       0
       0
       0
       0
       0
       0
       0
       0
       0
       0
       0
       0
       0
       1
       0
       0
       0
       1
       0
       0
       1
       0
       0
       1
       0
       0
       0
       0
       0
       0
       0
       0
       0
       0
       0
       0
       0
       0
       0
       0
       0
       0
       0
       0
       0
       0
       0
       0
       0
       0
       0
       0
       0
       0
       0
       0
       0
       0
       0
       0
       0
       0
       0
       0
       0
       0
       0
       0
       0
       0
       0
       0
       0
       0
       0
       0
       0
       0
       0
       0
       0
       0
       0
       0
       0
       0
       0
       0
       0
       0
       0
       0
       0
       0
       0
       0
       0
       0
       0
       0
       0
       0
       0
       0
       0
       0
       0
       0
       0
       0
       0
       0
       0
       0
       0
       0
       0
       0
       0
       0
       0
       0
       0
       0
       0
       0
       0
       0
       0
       0
       0
       0
       0
       0
       0
       0
       0
       0
       0
       0
       0
       0
       0
       0
       0
       0
       0
       0
       0
       0
       0
       0
       0
       0
       0
       0
       0
       0
       0
$ROI:
2
1704 1746
2831 2841
$PRESETS:
None
0
0
$ENER_FIT:
0.128636 0.383659
$MCA_CAL:
3
1.286363E-001 3.836592E-001 7.451575E-008 keV
$SHAPE_CAL:
3
2.602834E+000 5.205996E-004 5.222647E-007
