$SPEC_ID:
Cs137
$SPEC_REM:
DET# 2
DETDESC# DETECTOR 2
AP# Maestro Version 7.01
$DATE_MEA:
02/22/2017 17:47:49
$MEAS_TIM:
61707 61899
$DATA:
0 8191
       0
       0
       0
       0
       0
       0
       0
       0
       0
       0
       0
       0
       0
       0
       0
       0
       0
       0
       0
       0
       0
       0
       0
       0
       0
       0
       0
       0
       0
       0
       0
       0
       0
       0
       0
       0
       0
       0
       0
       0
       0
       0
       0
       0
       0
       0
       0
       0
       0
       0
       0
       0
       0
       0
       0
       0
       0
       0
       0
       0
       0
       0
       0
       0
       0
       0
       0
       0
       0
       0
       0
       0
       0
       0
       0
       0
       0
       0
       0
       0
       0
       0
       0
       0
       0
       0
       0
       0
       0
       0
       0
       0
       0
       0
       0
      64
     382
    3842
    6160
    6157
    6142
    6250
    6178
    6121
    6126
    6074
    6120
    6079
    6093
    6111
    6000
    5997
    6070
    6101
    6092
    6114
    5957
    6135
    5946
    6209
    6239
    6300
    6224
    6213
    6303
    6304
    6262
    6390
    6334
    6508
    6323
    6468
    6425
    6490
    6510
    6593
    6679
    6456
    6833
    6657
    6794
    6710
    6652
    6722
    6855
    6940
    6909
    6905
    7056
    7031
    7273
    7259
    7481
    7550
    7710
    7735
    7690
    7798
    7879
    7624
    7674
    7871
    7870
    8193
    8448
    8432
    8094
    8042
    8063
    8089
    8152
    8166
    8126
    8236
    8332
    8331
    8269
    8333
    8138
    8336
    8355
    8551
    8691
    8740
    8727
    8947
    9424
   11441
   19181
   31765
   30100
   17703
   11573
   16374
   35317
   52320
   38459
   16904
    8842
    7570
    7378
    7306
    7283
    7226
    7378
    7256
    7295
    7258
    7433
    7597
    7538
    7344
    7438
    7644
    7425
    7516
    7727
    8242
    9886
   14976
   21861
   23578
   17554
   10597
    8139
    8213
    9825
   12311
   11755
    9388
    7767
    7109
    7207
    7135
    7115
    7182
    7258
    7156
    7261
    7302
    7658
    7881
    7593
    7557
    7459
    7137
    7328
    7287
    7202
    7285
    7381
    7366
    7287
    7373
    7342
    7389
    7480
    7409
    7419
    7497
    7459
    7432
    7575
    7317
    7531
    7460
    7493
    7444
    7431
    7437
    7639
    7566
    7672
    7745
    7724
    7824
    7701
    7699
    7777
    7753
    7791
    7745
    7791
    7807
    7839
    7878
    7919
    7950
    7903
    7965
    7986
    8027
    7993
    8063
    8025
    8193
    8025
    8153
    8148
    8148
    8138
    8110
    8083
    8168
    8339
    8267
    8047
    8292
    8225
    8311
    8299
    8333
    8308
    8218
    8332
    8281
    8525
    8360
    8371
    8308
    8517
    8363
    8434
    8406
    8276
    8372
    8434
    8580
    8531
    8283
    8398
    8574
    8513
    8640
    8419
    8442
    8607
    8593
    8496
    8382
    8446
    8519
    8386
    8634
    8568
    8537
    8669
    8549
    8381
    8316
    8584
    8328
    8544
    8453
    8442
    8493
    8621
    8519
    8515
    8393
    8510
    8673
    8471
    8579
    8542
    8529
    8666
    8786
    8677
    8615
    8613
    8606
    8466
    8586
    8721
    8786
    8530
    8589
    8595
    8509
    8507
    8467
    8443
    8637
    8640
    8586
    8296
    8580
    8561
    8592
    8531
    8579
    8560
    8595
    8602
    8821
    8599
    8493
    8658
    8640
    8994
    8738
    8738
    8879
    8788
    8719
    8731
    8735
    8708
    8766
    8822
    8900
    8859
    8688
    8921
    9047
    8964
    8895
    8894
    8797
    8914
    8938
    8985
    8808
    8689
    8932
    9046
    9009
    8795
    8781
    8831
    8941
    8993
    9012
    9267
    9088
    9095
    9121
    9170
    9258
    9302
    9313
    9441
    9579
    9688
    9802
    9851
    9994
   10280
   10130
   10113
   10448
   10346
   10334
   10517
   10616
   10457
   10674
   10509
   10607
   10554
   10490
   10532
   10418
   10563
   10663
   10533
   10408
   10388
   10495
   10381
   10375
   10326
   10390
   10531
   10178
   10351
   10173
   10352
   10041
   10144
   10103
   10106
   10213
   10409
   10125
    9878
    9993
    9901
    9929
    9796
    9893
    9634
    9837
    9749
    9607
    9718
    9933
    9786
    9826
    9964
    9499
    9978
    9839
    9689
    9612
    9836
    9725
    9491
    9699
    9646
    9800
    9914
    9666
    9879
    9903
   10132
   10048
    9897
    9896
   10117
   10145
   10197
   10264
   10353
   10295
   10209
   10572
   10162
   10299
   10415
   10352
   10355
   10419
   10326
   10215
   10050
   10219
   10144
   10142
   10129
   10164
    9920
   10102
   10016
   10029
    9764
   10091
    9920
    9942
    9834
    9839
    9811
    9704
    9808
    9819
    9482
    9746
    9643
    9723
    9720
    9707
    9643
    9435
    9767
    9573
    9549
    9578
    9469
    9721
    9561
    9558
    9482
    9477
    9493
    9626
    9449
    9471
    9485
    9500
    9498
    9407
    9528
    9476
    9450
    9414
    9564
    9581
    9541
    9298
    9454
    9585
    9451
    9596
    9504
    9458
    9489
    9652
    9621
    9468
    9708
    9664
    9694
    9522
    9755
    9683
    9780
    9628
    9620
    9626
    9710
    9501
    9987
   10280
   10789
   10359
    9926
    9706
    9684
    9518
    9608
    9484
    9824
    9399
    9473
    9606
    9442
    9386
    9204
    9288
    9142
    9204
    9348
    9227
    9274
    9141
    9204
    8917
    9054
    8880
    8978
    8940
    8893
    8894
    8717
    8848
    8528
    8651
    8622
    8279
    8320
    8463
    8311
    8350
    8229
    8249
    8049
    8081
    7870
    8055
    8111
    7855
    7763
    7873
    7756
    7633
    7647
    7402
    7571
    7559
    7517
    7333
    7366
    7171
    7269
    7089
    7092
    7187
    7176
    7112
    7047
    7063
    7075
    6851
    6893
    6892
    6709
    6841
    6728
    6761
    6677
    6580
    6492
    6576
    6590
    6447
    6530
    6502
    6619
    6581
    6391
    6382
    6323
    6298
    6277
    6355
    6328
    6311
    6360
    6237
    6358
    6238
    6361
    6292
    6327
    6329
    6280
    6194
    6162
    6163
    6277
    6296
    6085
    6181
    6285
    6084
    6079
    6025
    6115
    6135
    6227
    6174
    6103
    6044
    6197
    6076
    5977
    6010
    6157
    6027
    5995
    6077
    5994
    6103
    6123
    5844
    6076
    6130
    6150
    5885
    5958
    6040
    6083
    5948
    6048
    5917
    6044
    5970
    6013
    5970
    5909
    5936
    5916
    6032
    5976
    5944
    5918
    5983
    6050
    6040
    5968
    6179
    5916
    5975
    5962
    5728
    6002
    5903
    5898
    5924
    5985
    6048
    6002
    6170
    5962
    5875
    5926
    6010
    6104
    5846
    5989
    5933
    6038
    5966
    6076
    5906
    5893
    6083
    5858
    5964
    5990
    6158
    5973
    5990
    6002
    5961
    6033
    5982
    6020
    6072
    5946
    5936
    6071
    6134
    6065
    5826
    5994
    5995
    5987
    6059
    6060
    5900
    5994
    5945
    6008
    6016
    6032
    6129
    6169
    6015
    6017
    5942
    6031
    5927
    5945
    6139
    5774
    6129
    6006
    5898
    6034
    5975
    5918
    6006
    6014
    5988
    5839
    6013
    5959
    5956
    6043
    6073
    5993
    6027
    5910
    6042
    5928
    5971
    6028
    5918
    5940
    6099
    5882
    5944
    5849
    5880
    5848
    5950
    5868
    5952
    5982
    6031
    5926
    5977
    5812
    5764
    5872
    5812
    5634
    5651
    5581
    5525
    5553
    5444
    5424
    5392
    5171
    4993
    5010
    4891
    4872
    4833
    4776
    4467
    4481
    4466
    4484
    4408
    4417
    4433
    4291
    4188
    4298
    4309
    4299
    4188
    4013
    4050
    4002
    4062
    4060
    4049
    4021
    3904
    3918
    4000
    3955
    3887
    3817
    3830
    3780
    3867
    3787
    3834
    3794
    3788
    3707
    3783
    3722
    3632
    3609
    3746
    3662
    3627
    3723
    3663
    3686
    3642
    3619
    3571
    3571
    3443
    3540
    3552
    3482
    3389
    3513
    3481
    3440
    3506
    3388
    3345
    3465
    3400
    3343
    3334
    3305
    3354
    3396
    3309
    3301
    3348
    3288
    3313
    3290
    3281
    3298
    3306
    3233
    3166
    3296
    3085
    3169
    3089
    3278
    3113
    3137
    3114
    3240
    3177
    3114
    3119
    3057
    3089
    3024
    2939
    3103
    3096
    3056
    2931
    3035
    2941
    3087
    2927
    2970
    2983
    2988
    3018
    2949
    2924
    2907
    2929
    2834
    2882
    2852
    2879
    2801
    2993
    3298
    4752
    9243
   16960
   23685
   22793
   14615
    7160
    3815
    2896
    2859
    3006
    4059
    7097
   12899
   18421
   18516
   12850
    6574
    3497
    2804
    2620
    2598
    2608
    2518
    2602
    2532
    2556
    2620
    2522
    2487
    2439
    2541
    2503
    2535
    2537
    2439
    2510
    2429
    2494
    2372
    2436
    2406
    2429
    2486
    2411
    2396
    2395
    2362
    2383
    2395
    2420
    2364
    2324
    2347
    2317
    2366
    2366
    2319
    2331
    2397
    2311
    2201
    2293
    2284
    2356
    2218
    2242
    2290
    2321
    2317
    2207
    2164
    2245
    2236
    2239
    2179
    2197
    2252
    2195
    2153
    2239
    2186
    2192
    2151
    2175
    2104
    2258
    2256
    2193
    2237
    2157
    2208
    2155
    2113
    2241
    2190
    2192
    2176
    2219
    2120
    2139
    2114
    2197
    2153
    2182
    2183
    2099
    2100
    2060
    2135
    2138
    2049
    2134
    2189
    2127
    2045
    2101
    2107
    2079
    2089
    2123
    2120
    2122
    2057
    2097
    2072
    2094
    1995
    2045
    2113
    2035
    2101
    2062
    2069
    2094
    2139
    2072
    2051
    2044
    2067
    2039
    2089
    2080
    2015
    2098
    2127
    2077
    2030
    2052
    2037
    2024
    2059
    1987
    2081
    1979
    2046
    2081
    2050
    2014
    2026
    1994
    2013
    2008
    2097
    2025
    2078
    2029
    1972
    1980
    1968
    1943
    1976
    1986
    2026
    1972
    1937
    1969
    1935
    1978
    1958
    2019
    1986
    2012
    1951
    2073
    1946
    2068
    1955
    2029
    1979
    2065
    2067
    2005
    1971
    1977
    1985
    2032
    1941
    1966
    2049
    2062
    2022
    1975
    1959
    1977
    1907
    1963
    1933
    2001
    1986
    1971
    1954
    1955
    1957
    2021
    1927
    1949
    1917
    2032
    1931
    1959
    1975
    2015
    1947
    1895
    2028
    1886
    1960
    1922
    2015
    1992
    2016
    2035
    2310
    2666
    2936
    2951
    2605
    2284
    2007
    1890
    1922
    1933
    1913
    1887
    1972
    1870
    1940
    1922
    2144
    2726
    4755
    8960
   15091
   19873
   18231
   12105
    5913
    3011
    2133
    1902
    1931
    1893
    2011
    1986
    1964
    1964
    1914
    1881
    2012
    1958
    1860
    1895
    1868
    1960
    1934
    1897
    1880
    1920
    1937
    1881
    1927
    1884
    1892
    1947
    1922
    1907
    1958
    1944
    1878
    1902
    1969
    2044
    1981
    2022
    2010
    1956
    2039
    2023
    1991
    2004
    1970
    2002
    2022
    1982
    2113
    2125
    2215
    2228
    2383
    2722
    3003
    3861
    5401
    8271
   13219
   22427
   36572
   56923
   84128
  115383
  143545
  160013
  158445
  138003
  108498
   77172
   50999
   31491
   18611
   11266
    6719
    4485
    3120
    2552
    2159
    1994
    1894
    1762
    1726
    1736
    1727
    1712
    1649
    1619
    1640
    1673
    1714
    1720
    1590
    1711
    1642
    1633
    1706
    1651
    1701
    1701
    1631
    1671
    1656
    1618
    1670
    1721
    1611
    1658
    1693
    1691
    1638
    1627
    1695
    1750
    1651
    1678
    1652
    1650
    1633
    1728
    1666
    1659
    1615
    1706
    1689
    1623
    1651
    1676
    1641
    1645
    1568
    1702
    1730
    1710
    1564
    1618
    1656
    1666
    1612
    1718
    1633
    1574
    1689
    1589
    1684
    1719
    1694
    1589
    1667
    1665
    1663
    1769
    1710
    1573
    1673
    1701
    1679
    1644
    1669
    1745
    1664
    1748
    1656
    1725
    1723
    1682
    1699
    1668
    1615
    1641
    1704
    1717
    1612
    1740
    1664
    1689
    1706
    1646
    1672
    1684
    1720
    1663
    1657
    1703
    1672
    1705
    1627
    1717
    1745
    1715
    1689
    1742
    1750
    1645
    1646
    1749
    1671
    1760
    1696
    1728
    1666
    1754
    1663
    1686
    1781
    1713
    1664
    1664
    1725
    1701
    1787
    1693
    1729
    1717
    1726
    1713
    1795
    1728
    1779
    1745
    1720
    1717
    1696
    1784
    1763
    1717
    1762
    1808
    1668
    1763
    1744
    1702
    1812
    1808
    1748
    1703
    1734
    1704
    1729
    1796
    1779
    1796
    1734
    1797
    1845
    1725
    1810
    1677
    1814
    1782
    1790
    1807
    1788
    1780
    1847
    1791
    1775
    1718
    1750
    1778
    1779
    1802
    1877
    1839
    1774
    1771
    1765
    1770
    1773
    1804
    1897
    1819
    1731
    1846
    1752
    1825
    1823
    1872
    1819
    1851
    1755
    1750
    1833
    1797
    1790
    1756
    1866
    1933
    1909
    1790
    1901
    1885
    1893
    1838
    1835
    1854
    1865
    1800
    1841
    1856
    1828
    1903
    1906
    1952
    1855
    1850
    1834
    1883
    1830
    1907
    1908
    1874
    1963
    1861
    1877
    1852
    1882
    1922
    1829
    1889
    1917
    1933
    1908
    1923
    1892
    1931
    1868
    1857
    2004
    1980
    1941
    1926
    1892
    1970
    1935
    1912
    1894
    2010
    1990
    2001
    2018
    1993
    1954
    1972
    1989
    2009
    2017
    1936
    2032
    1966
    2044
    1919
    2059
    2016
    2046
    2044
    2056
    2013
    2063
    2103
    1927
    1999
    2035
    2034
    2013
    1934
    2009
    1977
    2087
    2096
    2034
    2118
    2035
    2056
    2097
    2123
    2082
    2025
    2182
    2113
    2134
    2082
    2103
    2218
    2096
    2129
    2087
    2168
    2219
    2162
    2122
    2150
    2189
    2144
    2108
    2160
    2121
    2100
    2179
    2220
    2093
    2106
    2164
    2280
    2230
    2297
    2163
    2240
    2216
    2205
    2240
    2286
    2246
    2281
    2224
    2217
    2219
    2193
    2217
    2295
    2388
    2267
    2226
    2293
    2274
    2263
    2381
    2315
    2249
    2307
    2346
    2359
    2350
    2358
    2363
    2332
    2369
    2325
    2414
    2380
    2357
    2266
    2414
    2467
    2315
    2409
    2500
    2393
    2449
    2541
    2510
    2451
    2463
    2349
    2442
    2377
    2376
    2500
    2511
    2548
    2435
    2469
    2469
    2549
    2488
    2623
    2506
    2418
    2541
    2615
    2545
    2445
    2567
    2451
    2622
    2550
    2599
    2527
    2654
    2472
    2640
    2611
    2566
    2591
    2614
    2649
    2716
    2607
    2616
    2728
    2612
    2679
    2686
    2658
    2678
    2633
    2649
    2730
    2752
    2705
    2839
    2766
    2709
    2738
    2771
    2788
    2795
    2808
    2818
    2829
    2832
    2886
    2776
    2921
    2885
    2848
    2873
    2725
    2805
    2913
    2780
    2881
    2761
    2876
    2769
    2945
    2835
    2868
    2995
    2827
    2934
    2844
    2925
    2911
    2904
    2884
    2846
    2831
    2923
    2872
    2908
    2897
    2879
    2912
    2894
    2876
    2967
    2911
    2949
    2910
    2972
    2822
    2820
    2972
    2861
    2943
    2967
    2898
    2974
    2845
    2920
    2912
    2909
    2894
    2826
    2815
    2796
    2948
    2796
    2699
    2803
    2825
    2825
    2702
    2700
    2717
    2647
    2696
    2667
    2578
    2561
    2520
    2337
    2387
    2287
    2226
    2187
    2166
    2118
    2050
    2013
    2082
    2061
    1957
    1978
    1935
    1958
    1891
    1856
    1858
    1874
    1889
    1873
    1823
    1835
    1708
    1818
    1793
    1735
    1831
    1688
    1702
    1776
    1737
    1756
    1792
    1703
    1900
    2066
    2454
    2535
    2869
    2699
    2352
    1951
    1744
    1658
    1659
    1627
    1665
    1608
    1627
    1595
    1639
    1571
    1651
    1599
    1549
    1464
    1624
    1530
    1485
    1512
    1458
    1495
    1443
    1443
    1496
    1479
    1433
    1413
    1406
    1424
    1431
    1420
    1405
    1422
    1422
    1403
    1390
    1395
    1361
    1436
    1382
    1325
    1355
    1381
    1322
    1325
    1335
    1319
    1319
    1302
    1329
    1292
    1345
    1247
    1257
    1237
    1259
    1259
    1286
    1280
    1245
    1255
    1190
    1249
    1163
    1201
    1181
    1164
    1169
    1181
    1233
    1127
    1166
    1119
    1159
    1162
    1108
    1225
    1272
    1371
    1669
    2058
    2356
    2547
    2206
    1715
    1432
    1163
    1210
    1113
    1057
    1031
    1089
    1088
    1032
    1058
    1134
    1021
    1068
    1046
    1100
    1196
    1510
    2017
    2830
    4105
    4618
    4382
    3449
    2292
    1489
    1151
     973
     937
     913
     913
     968
     954
     901
     963
     890
     894
     875
     921
     936
     823
     872
     871
     809
     849
     788
     856
     871
     755
     823
     865
     805
     843
     832
     826
     761
     760
     791
     817
     817
     749
     760
     729
     775
     758
     718
     711
     690
     753
     714
     674
     719
     706
     671
     659
     676
     658
     631
     669
     674
     609
     600
     636
     630
     612
     579
     602
     617
     534
     602
     555
     560
     597
     541
     587
     586
     600
     524
     510
     490
     532
     510
     516
     469
     459
     477
     482
     465
     502
     415
     473
     452
     473
     451
     470
     485
     491
     454
     411
     484
     459
     434
     396
     442
     434
     402
     445
     432
     440
     416
     395
     350
     403
     396
     412
     381
     393
     393
     386
     388
     379
     367
     396
     354
     353
     360
     376
     357
     367
     360
     366
     349
     350
     343
     309
     346
     329
     297
     313
     327
     296
     303
     297
     325
     286
     319
     297
     280
     286
     324
     315
     299
     273
     250
     290
     268
     263
     274
     252
     258
     267
     277
     254
     249
     248
     253
     263
     271
     269
     252
     283
     265
     261
     234
     245
     223
     261
     283
     253
     254
     248
     254
     230
     238
     254
     241
     282
     239
     246
     234
     234
     228
     246
     244
     226
     228
     217
     206
     226
     223
     216
     225
     227
     223
     222
     217
     200
     245
     234
     262
     238
     218
     218
     222
     236
     248
     240
     231
     213
     206
     249
     215
     232
     226
     234
     232
     197
     227
     202
     237
     205
     231
     243
     209
     208
     226
     245
     223
     222
     220
     217
     229
     196
     243
     221
     213
     222
     217
     205
     207
     206
     191
     203
     213
     222
     207
     207
     236
     194
     228
     226
     197
     216
     224
     202
     212
     195
     216
     222
     209
     171
     207
     208
     205
     239
     216
     207
     205
     190
     184
     213
     215
     220
     212
     198
     213
     212
     203
     204
     180
     209
     192
     222
     203
     205
     218
     205
     241
     204
     202
     197
     252
     259
     261
     241
     231
     231
     190
     195
     186
     219
     219
     215
     186
     203
     225
     197
     229
     221
     200
     188
     221
     190
     198
     226
     233
     215
     199
     220
     210
     203
     217
     226
     218
     194
     196
     243
     209
     235
     250
     328
     434
     695
    1135
    1605
    2049
    2215
    1916
    1411
     822
     462
     334
     278
     262
     242
     231
     271
     279
     293
     258
     325
     278
     298
     337
     380
     583
    1042
    2261
    5447
   12072
   25363
   49183
   86213
  130295
  164950
  170003
  138332
   88563
   44596
   17779
    5677
    1598
     579
     378
     394
     325
     243
     182
     106
      91
      63
      84
      89
      67
      79
      78
      74
      71
      69
      71
      81
      81
      72
      67
      85
      60
      66
      77
      62
      76
      65
      59
      76
      64
      80
      69
      79
      76
      59
      66
      66
      65
      65
      63
      71
      65
      76
      75
      65
      78
      59
     108
     143
     242
     476
     977
    2067
    3921
    6907
   10671
   13995
   14751
   12550
    8503
    4487
    1924
     720
     234
     103
      69
      48
      52
      43
      43
      43
      50
      42
      49
      45
      64
      43
      43
      53
      51
      46
      45
      37
      41
      41
      55
      45
      40
      41
      41
      43
      53
      41
      45
      62
      47
      78
      65
      73
      60
      60
      57
      62
      38
      53
      51
      43
      46
      54
      40
      49
      34
      45
      45
      51
      57
      38
      39
      50
      43
      40
      37
      52
      33
      39
      47
      40
      46
      37
      43
      48
      53
      42
      47
      45
      39
      51
      42
      40
      46
      32
      45
      49
      34
      44
      47
      44
      59
      33
      49
      60
      46
      35
      55
      51
      53
      38
      55
      46
      34
      52
      30
      37
      38
      41
      41
      57
      38
      42
      54
      35
      42
      38
      40
      41
      34
      33
      48
      48
      45
      36
      48
      35
      49
      47
      44
      50
      45
      35
      42
      46
      46
      49
      40
      32
      40
      33
      48
      37
      32
      44
      45
      39
      28
      42
      41
      36
      31
      27
      46
      31
      41
      38
      30
      34
      29
      44
      34
      38
      30
      33
      34
      36
      45
      49
      35
      41
      46
      43
      54
      35
      40
      47
      32
      46
      51
      47
      38
      33
      45
      42
      38
      33
      38
      36
      34
      34
      45
      38
      36
      34
      29
      39
      33
      43
      26
      27
      35
      44
      41
      32
      30
      43
      33
      46
      46
      49
      45
      42
      33
      48
      36
      43
      25
      33
      49
      43
      44
      32
      35
      40
      42
      54
      39
      34
      48
      42
      35
      44
      43
      49
      45
      29
      31
      30
      39
      32
      39
      31
      36
      42
      36
      45
      47
      29
      39
      36
      46
      24
      42
      42
      29
      42
      29
      40
      43
      41
      36
      33
      44
      30
      35
      50
      45
      41
      36
      37
      34
      46
      49
      39
      33
      21
      39
      34
      40
      45
      45
      37
      49
      40
      35
      37
      36
      40
      25
      37
      40
      30
      42
      35
      38
      30
      42
      39
      29
      48
      45
      34
      44
      36
      37
      37
      32
      40
      40
      36
      35
      45
      44
      36
      37
      41
      48
      38
      30
      40
      38
      40
      40
      34
      33
      34
      32
      37
      41
      47
      47
      30
      41
      37
      38
      34
      47
      37
      33
      33
      42
      33
      44
      33
      31
      37
      32
      30
      32
      42
      44
      34
      32
      40
      40
      43
      35
      37
      30
      38
      30
      32
      31
      45
      34
      29
      24
      47
      23
      44
      41
      37
      38
      33
      43
      43
      38
      30
      27
      27
      43
      37
      30
      40
      30
      40
      37
      28
      30
      36
      49
      37
      34
      39
      39
      33
      33
      45
      18
      33
      29
      37
      28
      33
      28
      30
      35
      51
      32
      26
      24
      44
      31
      37
      33
      42
      33
      22
      32
      32
      43
      39
      34
      36
      32
      32
      33
      35
      31
      30
      47
      34
      47
      33
      34
      39
      30
      35
      35
      42
      40
      37
      32
      28
      27
      42
      28
      37
      45
      38
      24
      29
      32
      35
      28
      34
      33
      40
      35
      41
      27
      28
      38
      31
      38
      40
      38
      29
      27
      30
      32
      45
      30
      42
      33
      33
      44
      28
      32
      36
      37
      45
      30
      37
      47
      37
      43
      34
      37
      43
      25
      35
      31
      32
      32
      28
      33
      32
      25
      38
      23
      33
      36
      41
      44
      43
      43
      61
      46
      39
      35
      37
      34
      38
      37
      26
      42
      36
      30
      37
      30
      24
      30
      26
      50
      41
      33
      32
      31
      41
      28
      35
      28
      27
      32
      41
      29
      28
      28
      33
      26
      29
      21
      23
      34
      31
      32
      33
      37
      35
      26
      37
      34
      31
      42
      31
      37
      36
      33
      28
      37
      19
      28
      36
      25
      24
      26
      41
      33
      30
      27
      30
      36
      24
      40
      29
      34
      32
      27
      38
      30
      43
      31
      38
      27
      24
      38
      30
      28
      32
      35
      24
      29
      41
      26
      35
      39
      35
      24
      29
      25
      32
      26
      37
      26
      31
      33
      32
      29
      35
      28
      25
      26
      34
      28
      31
      24
      33
      29
      30
      32
      33
      32
      26
      42
      45
      30
      29
      22
      30
      14
      37
      32
      31
      29
      31
      30
      26
      27
      26
      36
      36
      38
      21
      34
      32
      38
      27
      34
      41
      20
      28
      31
      35
      29
      34
      36
      32
      36
      30
      31
      29
      33
      36
      43
      19
      32
      37
      26
      36
      45
      32
      38
      29
      32
      28
      37
      25
      34
      34
      36
      39
      26
      32
      30
      22
      33
      33
      41
      33
      32
      35
      44
      33
      29
      43
      47
      36
      56
      65
      44
      61
      62
      71
      70
      69
      46
      55
      32
      31
      27
      28
      36
      27
      28
      29
      29
      26
      44
      39
      30
      29
      42
      35
      31
      31
      17
      30
      32
      31
      31
      38
      39
      27
      29
      24
      37
      34
      24
      21
      37
      27
      38
      38
      27
      34
      32
      24
      32
      28
      23
      29
      23
      37
      31
      34
      26
      37
      28
      35
      24
      29
      33
      27
      24
      24
      21
      31
      33
      30
      25
      15
      37
      28
      33
      27
      24
      41
      22
      29
      36
      31
      32
      27
      25
      41
      35
      30
      43
      23
      32
      34
      41
      39
      33
      28
      24
      30
      25
      29
      34
      19
      28
      24
      31
      27
      32
      35
      17
      30
      37
      39
      35
      28
      28
      30
      30
      32
      36
      37
      29
      36
      32
      22
      37
      26
      18
      21
      29
      35
      29
      31
      26
      37
      25
      30
      30
      28
      41
      22
      21
      38
      28
      23
      20
      23
      27
      25
      25
      19
      33
      36
      27
      20
      38
      29
      32
      26
      27
      19
      21
      36
      27
      29
      32
      23
      26
      22
      28
      33
      28
      27
      33
      29
      31
      29
      30
      27
      31
      37
      38
      40
      52
      77
      80
      86
     105
      77
      77
      37
      30
      41
      29
      32
      26
      35
      25
      25
      23
      22
      39
      30
      29
      37
      24
      20
      34
      28
      29
      25
      26
      34
      25
      32
      26
      39
      35
      30
      27
      25
      26
      30
      26
      25
      21
      30
      28
      21
      29
      38
      27
      27
      20
      29
      30
      16
      30
      25
      30
      20
      28
      27
      32
      25
      30
      25
      37
      28
      39
      34
      29
      36
      27
      29
      30
      37
      35
      29
      28
      40
      28
      28
      21
      13
      18
      25
      27
      32
      31
      25
      25
      28
      24
      31
      23
      33
      33
      26
      24
      39
      22
      29
      37
      35
      35
      33
      25
      29
      35
      31
      35
      23
      32
      35
      27
      29
      27
      18
      40
      27
      30
      29
      39
      18
      25
      22
      27
      40
      33
      28
      43
      38
      37
      42
      62
      51
      57
      52
      53
      38
      49
      38
      42
      40
      36
      30
      26
      23
      31
      38
      28
      32
      26
      36
      30
      29
      31
      27
      39
      33
      35
      26
      37
      27
      34
      39
      32
      39
      26
      47
      31
      30
      41
      36
      32
      31
      26
      25
      21
      33
      31
      33
      22
      31
      33
      37
      28
      35
      32
      36
      28
      35
      31
      39
      38
      21
      32
      27
      30
      28
      30
      41
      29
      29
      35
      36
      34
      37
      36
      30
      25
      28
      32
      33
      43
      28
      30
      22
      29
      30
      30
      28
      36
      39
      30
      24
      30
      26
      41
      30
      33
      37
      32
      41
      29
      33
      33
      25
      31
      39
      29
      29
      40
      37
      21
      42
      27
      21
      39
      25
      32
      30
      27
      31
      20
      33
      40
      30
      29
      35
      25
      39
      35
      22
      32
      29
      26
      32
      34
      38
      41
      29
      26
      32
      36
      37
      34
      39
      28
      33
      37
      29
      23
      19
      35
      31
      33
      35
      28
      43
      29
      46
      36
      30
      35
      34
      33
      23
      22
      28
      36
      35
      38
      38
      34
      24
      26
      32
      37
      21
      36
      34
      26
      29
      29
      39
      32
      39
      38
      21
      20
      41
      33
      25
      27
      36
      34
      28
      37
      42
      33
      42
      38
      39
      37
      33
      32
      28
      25
      30
      35
      30
      34
      37
      35
      37
      37
      27
      25
      27
      34
      43
      31
      32
      38
      28
      28
      31
      41
      37
      32
      37
      23
      26
      28
      29
      46
      40
      33
      32
      37
      34
      28
      34
      37
      30
      34
      26
      31
      30
      32
      41
      31
      36
      35
      46
      34
      38
      33
      34
      41
      22
      28
      27
      29
      34
      33
      38
      27
      32
      29
      27
      27
      37
      28
      35
      37
      27
      33
      32
      28
      36
      27
      37
      27
      38
      35
      36
      35
      49
      56
      49
      38
      36
      24
      31
      40
      26
      29
      41
      39
      40
      23
      30
      27
      42
      40
      39
      36
      41
      37
      36
      34
      39
      25
      26
      34
      31
      33
      34
      40
      43
      31
      27
      32
      36
      38
      29
      55
      28
      25
      29
      36
      39
      25
      38
      28
      35
      26
      23
      32
      31
      31
      49
      39
      39
      26
      55
      45
      31
      27
      38
      37
      30
      39
      38
      36
      41
      54
      59
      48
      60
      48
      49
      48
      39
      26
      20
      35
      23
      32
      27
      34
      23
      39
      29
      39
      27
      38
      36
      47
      38
      48
      30
      36
      35
      34
      30
      27
      31
      42
      30
      41
      23
      31
      32
      40
      39
      32
      34
      35
      40
      37
      34
      37
      30
      32
      42
      43
      41
      37
      40
      33
      33
      35
      44
      37
      35
      42
      24
      26
      33
      23
      26
      26
      40
      30
      32
      38
      35
      40
      33
      39
      31
      32
      21
      22
      41
      35
      22
      31
      25
      46
      22
      28
      32
      30
      37
      38
      30
      31
      20
      21
      45
      23
      27
      33
      33
      33
      24
      30
      18
      25
      40
      31
      40
      33
      30
      31
      32
      35
      34
      38
      31
      27
      25
      36
      28
      31
      28
      32
      34
      36
      34
      33
      24
      35
      32
      25
      37
      27
      37
      26
      23
      35
      27
      32
      39
      29
      34
      34
      33
      27
      28
      33
      25
      30
      25
      23
      36
      32
      32
      28
      35
      35
      38
      23
      34
      30
      26
      29
      32
      24
      34
      25
      28
      33
      29
      24
      33
      24
      25
      26
      29
      32
      30
      29
      22
      42
      26
      24
      26
      32
      24
      31
      31
      26
      41
      31
      33
      41
      31
      29
      28
      38
      28
      37
      33
      21
      24
      37
      20
      35
      27
      30
      24
      38
      30
      26
      16
      27
      29
      28
      28
      27
      32
      46
      19
      25
      37
      25
      31
      30
      26
      36
      22
      22
      19
      26
      23
      31
      18
      21
      31
      26
      29
      27
      36
      22
      21
      26
      30
      18
      25
      23
      33
      28
      22
      23
      26
      30
      36
      36
      24
      25
      25
      19
      26
      25
      27
      27
      30
      29
      29
      40
      29
      31
      36
      31
      36
      34
      25
      33
      29
      37
      29
      27
      21
      32
      21
      28
      32
      35
      39
      32
      24
      45
      33
      32
      26
      28
      25
      28
      28
      41
      21
      32
      38
      22
      31
      23
      30
      29
      26
      18
      29
      30
      28
      26
      34
      33
      24
      38
      24
      24
      30
      23
      27
      21
      25
      27
      29
      26
      27
      21
      22
      25
      21
      24
      40
      29
      20
      30
      21
      27
      24
      26
      31
      36
      21
      29
      20
      36
      23
      31
      35
      33
      17
      34
      24
      35
      33
      26
      23
      20
      28
      23
      33
      35
      38
      25
      31
      31
      30
      19
      30
      26
      33
      22
      22
      31
      22
      28
      24
      26
      27
      25
      34
      31
      24
      35
      31
      30
      31
      14
      28
      18
      30
      29
      33
      25
      26
      25
      29
      22
      23
      20
      16
      25
      25
      24
      20
      21
      17
      26
      16
      17
      23
      22
      19
      23
      18
      31
      33
      35
      49
      54
      58
      71
      85
      78
      47
      45
      24
      18
      18
      29
      22
      19
      16
      18
      15
      28
      13
      18
      17
      19
      13
      10
      22
      18
      28
      19
      14
      16
      14
      20
      18
      23
      16
      24
      18
      17
      15
      15
      16
      20
      17
      22
      12
      13
      20
      22
      16
      21
       7
      18
      20
      26
      12
      17
      14
      19
      14
      15
      10
      21
      15
      10
      21
      14
      15
      20
      19
      15
      11
      18
      17
      18
      14
      13
      14
      13
      18
      17
      17
       9
       7
      15
      27
      15
      21
      24
      24
      18
      23
      22
      29
      31
      39
      55
      74
      76
      88
      84
      67
      66
      36
      38
      18
      13
      15
      17
      21
      19
      15
      13
      15
      12
      11
      10
      21
      10
      19
      14
      10
      16
      14
      18
      15
      11
      14
      13
      14
      11
      12
       7
      14
      16
       8
       9
      11
      11
      11
       6
      12
      24
      13
      10
      13
      15
      16
      10
      12
      16
      13
      16
      14
      13
      12
      16
      13
       6
      13
      10
       8
      19
      15
       7
       7
      17
       6
      13
      14
      12
      12
      18
      17
       8
       8
      16
      10
      16
      12
      11
      17
      11
       8
      10
      17
      13
      10
      13
      13
       8
      14
      16
      19
      13
      16
      10
      10
      14
       6
      10
       7
      10
      12
      11
      10
      10
      11
       6
      10
       8
      13
       7
       6
       8
      15
       6
       9
      13
      11
       9
      11
      12
      10
      11
      12
       9
       7
       6
       7
      12
       9
      18
      23
      28
      36
      64
      76
     114
     171
     225
     309
     353
     453
     530
     512
     473
     355
     274
     188
     108
      44
      23
      19
      12
       8
       4
       6
       8
       6
       4
       9
      10
       9
      17
       5
       8
       7
       9
      11
       9
       8
      10
       9
       7
       8
       6
       9
       6
       9
      11
      12
      10
      11
      11
       5
       9
       6
       9
      11
       7
       3
       7
       7
       6
       6
       5
       9
       5
       8
      10
       7
       4
       5
       4
       8
      14
       8
       5
      10
       5
       5
       5
       4
       4
       4
      14
       5
      16
      12
      19
      29
      45
      61
      50
      79
      71
      92
      75
      68
      71
      34
      27
      14
       4
       6
       6
       7
       8
       7
       6
       5
       9
       5
       9
       5
       6
       6
       7
       7
       4
       6
       6
       7
       6
       3
       6
       5
       5
       5
       6
       4
       7
       9
       6
       5
       7
       5
       6
       6
       6
       6
       5
       6
       3
      10
      13
       9
       6
       4
      10
       6
       4
      11
       4
       4
       7
       4
       8
       3
       4
       4
       2
       7
       9
       8
       5
       6
       1
       7
       6
       5
       5
       4
       5
       5
       4
       8
       7
       9
       3
       6
       9
       8
       4
       4
       6
       7
       5
       8
       7
       7
       2
       5
      13
       4
       1
       7
       4
       7
       5
       9
       8
       4
       4
       2
       8
       5
       4
       1
       4
       5
       3
       3
       6
       6
       7
       4
       6
      11
       5
       4
      10
       4
       4
       3
       6
       5
       6
       2
       3
       5
       6
       6
       3
       4
       4
       3
       6
       4
       3
       8
       6
       6
       3
       4
       4
       7
       4
       4
       4
       6
       6
       3
       4
       8
       5
       6
       5
       7
       3
      11
       5
       5
       9
       5
       6
       7
       4
       5
       9
       8
       5
       1
       2
       4
       4
       4
       8
       8
       4
       6
       4
       7
       5
       7
       3
       4
       5
       9
       9
       3
       5
       5
       3
       4
       3
       4
       7
       2
       5
       5
       5
       7
       8
       7
      10
       2
       4
       6
      10
       8
       7
       4
       6
       6
       4
      10
       5
       6
       9
       9
      21
      23
      39
      71
      71
     130
     182
     255
     338
     495
     598
     692
     687
     732
     643
     508
     342
     227
     146
      72
      39
      10
      12
       3
       6
       5
       2
       5
       5
       6
       2
      11
       6
       7
      17
      11
      20
      31
      33
      37
      51
      47
      49
      43
      34
      26
      20
      13
      10
       5
       3
       2
       3
       6
       5
       2
       3
       4
       6
       1
       3
       6
       1
       3
       3
       1
       3
       7
       5
       9
       4
       4
       4
       5
       2
       4
       6
       2
       4
       3
       2
       0
       3
       8
       5
       1
       6
       1
       5
       3
       2
       5
       6
       5
       2
       4
       4
       6
       1
       5
       4
       4
       2
       6
       4
       5
       5
       2
       4
       3
       2
       3
       1
       5
       6
       3
       1
       4
       5
       3
       1
       4
       1
       4
       7
       0
       2
       4
       5
       5
       8
       8
       4
       5
       6
       4
       3
       2
       2
       6
       1
       7
       3
       1
       5
       3
       4
       8
       3
       3
       2
       3
       1
       4
       5
       2
       5
       6
       0
       2
       1
       5
       4
       2
       2
       2
       3
       0
       4
       6
       7
       2
       6
       4
       7
       5
       1
      10
       5
       2
       4
       0
       4
       4
       2
       2
       3
       3
       3
       7
       2
       5
       6
       4
       7
       4
       3
       4
       4
       5
       1
       3
       5
       0
       2
       6
       1
       0
       2
       2
       6
       3
       3
       6
       4
       5
       5
       1
       5
       1
       2
       5
       5
       3
       5
       3
       6
       4
       0
       6
       6
       0
       3
       4
       7
       4
       4
       3
       3
       3
       5
       2
       4
       4
       5
       6
       5
       3
       1
       1
       4
       1
       1
       0
       3
       5
       4
       5
       2
       2
       1
       2
       6
       3
       2
       3
       4
       3
       0
       2
       1
       3
       2
       2
       1
       2
       4
       3
       1
       4
       2
       4
       2
       0
       3
       2
       1
       2
       5
       5
       5
       6
       6
       4
       6
       3
       7
       3
       2
       5
       4
       1
       4
       2
       2
       5
       2
       2
       1
       3
       2
       3
       0
       6
       5
       5
       3
       5
       2
       2
       4
       1
       0
       1
       5
       4
       3
       5
       1
       1
       3
       2
       4
       1
       1
       3
       4
       4
       3
       4
       4
       4
       7
       3
       2
       5
       2
       5
       2
       2
       1
       3
       8
       3
       3
       2
       4
       2
       3
       5
       2
       7
       4
       1
       4
       2
       1
       6
       5
       1
       4
       4
       3
       3
      10
       3
       4
       1
       4
       0
       4
       3
       3
       4
       5
       5
       5
       1
       6
       0
       1
       4
       4
       3
       5
       2
       1
       5
       2
       1
       2
       1
       1
       3
       3
       4
       1
       2
       3
       1
       2
       5
       3
       1
       2
       4
       0
       3
       2
       1
       5
       4
       1
       2
       3
       0
       1
       2
       1
       3
       4
       4
       1
       3
       5
       6
       2
       5
       3
       3
       4
       2
       6
       4
       5
       4
       3
       4
       1
       4
       2
       4
       3
       5
       3
       6
       2
       2
       1
       1
       5
       1
       7
       3
       3
       4
       1
       2
       3
       4
       4
       1
       3
       4
       6
       1
       1
       1
       3
       7
       1
       2
       5
       1
       0
       2
       5
       3
       0
       7
       3
       3
       2
       6
       4
       1
       1
       3
       2
       8
       1
       2
       2
       1
       2
       0
       6
       4
       4
       3
       4
       3
       3
       1
       2
       4
       3
       4
       5
       4
       2
       2
       3
       5
       6
       7
       3
       1
       5
       4
       7
       2
       4
       2
       4
       4
       4
       5
       4
       2
       3
       3
       1
       4
       5
       4
       2
       2
       4
       4
       5
       1
       4
       2
       4
       5
       1
       5
       2
       4
       4
       1
       1
       1
       1
       4
       6
       2
       4
       0
       3
       0
       4
       2
       4
       1
       1
       2
       2
       2
       1
       3
       6
       3
       3
       1
       3
       5
       7
       4
       3
       1
       2
       2
       2
       3
       4
       2
       2
       1
       7
       5
       1
       4
       4
       1
       2
       4
       2
       5
       1
       1
       5
       3
       2
       4
       2
       5
       2
       3
       0
       6
       0
       5
       0
       1
       4
       1
       4
       5
       1
       6
       4
       4
       2
       1
       3
       1
       3
       2
       4
       4
       4
       0
       4
       2
       3
       5
       2
       2
       5
       2
       2
       2
       4
       3
       2
       5
       4
       1
       0
       2
       4
       4
       1
       4
       3
       5
       4
       1
       1
       3
       2
       1
       3
       1
       2
       7
       4
       5
       2
       2
       2
       2
       1
       1
       2
       1
       3
       3
       2
       2
       0
       4
       6
       3
       6
       4
       3
       1
       1
       2
       3
       4
       3
       5
       3
       4
       3
       4
       3
       2
       6
       5
       2
       2
       4
       5
       4
       2
       2
       2
       1
       2
       1
       7
       2
       3
       4
       3
       3
       4
       3
       4
       3
       2
       5
       3
       3
       2
       4
       4
       2
       3
       2
       1
       3
       5
       2
       1
       1
       3
       3
       5
       5
       2
       4
       1
       2
       1
       5
       1
       4
       3
       3
       5
       4
       2
       2
       2
       4
       3
       0
       2
       2
       3
       1
       2
       5
       4
       2
       3
       5
       2
       5
       2
       6
       3
       2
       1
       2
       6
       4
       2
       2
       0
       1
       0
       2
       3
       2
       2
       1
       4
       1
       2
       1
       5
       1
       2
       0
       5
       1
       4
       4
       3
       1
       4
       4
       2
       3
       1
       3
       1
       2
       5
       4
       1
       3
       0
       2
       3
       1
       4
       3
       6
       2
       2
       4
       5
       3
       4
       2
       2
       6
       3
       5
       2
       2
       3
       2
       1
       2
       1
       2
       1
       2
       1
       0
       2
       1
       1
       2
       6
       4
       3
       0
       0
       4
       2
       3
       3
       1
       0
       2
       4
       3
       3
       3
       3
       3
       2
       4
       6
       3
       3
       4
       5
       1
       1
       4
       1
       1
       3
       1
       3
       0
       1
       2
       2
       4
       4
       3
       2
       5
       5
       6
       2
       2
       1
       4
       4
       2
       1
       1
       2
       5
       4
       2
       4
       5
       3
       4
       4
       3
       4
       2
       4
       4
       5
       4
       1
       4
       2
       2
       1
       1
       2
       2
       3
       3
       3
       1
       2
       2
       1
       3
       2
       1
       1
       3
       0
       2
       3
       0
       1
       2
       3
       3
       3
       4
       0
       5
       3
       2
       2
       2
       5
       3
       1
       2
       4
       2
       4
       3
       3
       5
       1
       3
       1
       3
       4
       1
       0
       1
       0
       4
       5
       0
       3
       5
       2
       3
       2
       6
       2
       1
       4
       3
       3
       5
       3
       2
       6
       2
       2
       2
       7
       2
       2
       2
       2
       5
       3
       5
       4
       3
       2
       2
       3
       4
       2
       3
       4
       4
       2
       1
       0
       4
       4
       0
       1
       0
       2
       3
       0
       6
       2
       3
       2
       2
       2
       1
       0
       5
       2
       3
       2
       2
       2
       5
       5
       3
       1
       1
       2
       5
       1
       2
       3
       2
       2
       4
       4
       1
       2
       1
       4
       3
       2
       7
       1
       6
       2
       3
       4
       2
       3
       7
       5
       0
       3
       2
       0
       5
       3
       2
       2
       2
       3
       2
       3
       3
       1
       2
       3
       0
       3
       1
       2
       1
       5
       2
       1
       5
       3
       1
       2
       2
       2
       3
       4
       3
       4
       4
       4
       7
       3
       1
       2
       6
       1
       1
       2
       4
       1
       2
       1
       3
       2
       1
       3
       4
       2
       0
       4
       3
       4
       3
       5
       2
       4
       4
       3
       0
       1
       2
       1
       0
       1
       2
       2
       1
       2
       2
       1
       0
       3
       3
       4
       1
       1
       4
       3
       1
       2
       2
       2
       2
       0
       2
       1
       1
       2
       1
       0
       2
       2
       0
       5
       1
       1
       7
       1
       2
       4
       1
       1
       4
       4
       2
       2
       0
       4
       0
       3
       2
       2
       3
       3
       1
       2
       2
       5
       3
       1
       5
       1
       1
       3
       2
       3
       6
       4
       1
       5
       3
       4
       0
       4
       1
       4
       1
       9
       0
       3
       1
       1
       0
       2
       1
       4
       1
       3
       1
       2
       1
       4
       0
       3
       3
       2
       2
       1
       1
       3
       3
       2
       0
       2
       4
       5
       3
       0
       2
       2
       4
       0
       2
       5
       2
       4
       2
       2
       2
       5
       2
       6
       4
       4
       6
       6
       4
       8
       3
       4
       5
       0
       3
       5
       1
       0
       0
       3
       4
       1
       4
       4
       3
       1
       2
       0
       3
       0
       6
       0
       5
       0
       4
       2
       1
       0
       2
       2
       3
       5
       4
       1
       3
       0
       2
       2
       1
       3
       2
       1
       1
       0
       0
       1
       0
       2
       2
       4
       2
       5
       0
       0
       1
       2
       5
       2
       5
       3
       0
       4
       0
       2
       5
       2
       1
       2
       1
       1
       4
       4
       1
       3
       1
       3
       4
       2
       4
       3
       3
       1
       4
       6
       1
       1
       0
       0
       2
       3
       3
       4
       4
       2
       3
       0
       4
       4
       1
       1
       2
       3
       0
       3
       3
       3
       0
       4
       3
       4
       4
       4
       2
       2
       1
       3
       3
       1
       3
       0
       1
       1
       2
       2
       1
       5
       0
       5
       0
       2
       3
       3
       2
       4
       1
       2
       4
       4
       2
       3
       5
       1
       4
       4
       2
       0
       4
       1
       0
       0
       2
       2
       2
       2
       2
       2
       2
       3
       4
       4
       4
       3
       0
       2
       5
       3
       1
       1
       6
       1
       0
       0
       1
       2
       2
       3
       2
       1
       1
       2
       2
       1
       2
       0
       4
       2
       1
       2
       1
       0
       4
       1
       3
       4
       0
       3
       1
       1
       1
       1
       4
       4
       0
       3
       0
       3
       1
       3
       3
       1
       1
       0
       2
       1
       7
       4
       0
       2
       0
       2
       4
       1
       2
       4
       1
       0
       3
       1
       4
       1
       3
       2
       1
       2
       5
       2
       2
       1
       1
       5
       2
       1
       1
       1
       0
       1
       1
       3
       3
       5
       6
       3
       3
       2
       6
       4
       3
       2
       1
       4
       0
       2
       2
       0
       0
       3
       3
       0
       3
       4
       1
       2
       4
       1
       3
       3
       2
       1
       5
       1
       3
       2
       2
       4
       3
       3
       1
       4
       3
       0
       2
       2
       1
       1
       0
       2
       3
       1
       3
       2
       1
       4
       3
       3
       2
       0
       1
       2
       2
       2
       2
       2
       0
       2
       1
       2
       3
       1
       2
       2
       3
       4
       2
       1
       1
       1
       4
       1
       2
       2
       4
       3
       2
       4
       2
       3
       1
       2
       3
       1
       5
       2
       3
       1
       1
       3
       0
       1
       3
       2
       3
       1
       2
       4
       0
       2
       1
       1
       2
       2
       3
       3
       2
       3
       2
       3
       2
       3
       2
       5
       3
       2
       2
       2
       0
       1
       3
       3
       1
       0
       2
       2
       3
       3
       4
       1
       1
       3
       2
       4
       2
       3
       2
       2
       0
       2
       0
       0
       0
       2
       3
       3
       1
       1
       4
       4
       0
       2
       1
       0
       2
       4
       1
       5
       3
       1
       1
       2
       1
       2
       3
       1
       2
       2
       0
       0
       2
       0
       2
       3
       1
       3
       5
       1
       1
       2
       0
       2
       1
       3
       2
       1
       2
       3
       0
       1
       3
       2
       1
       2
       5
       0
       0
       2
       1
       3
       2
       0
       2
       0
       2
       1
       3
       2
       2
       2
       2
       4
       1
       2
       1
       5
       2
       3
       3
       3
       2
       2
       2
       1
       2
       1
       2
       3
       2
       2
       2
       0
       5
       1
       1
       4
       1
       3
       1
       1
       3
       3
       0
       1
       1
       4
       4
       4
       1
       0
       3
       2
       0
       2
       5
       4
       2
       1
       1
       1
       1
       5
       2
       2
       4
       1
       2
       2
       1
       2
       0
       3
       1
       0
       1
       2
       0
       3
       6
       3
       2
       0
       0
       3
       1
       2
       2
       4
       3
       2
       1
       3
       2
       3
       1
       1
       0
       2
       2
       2
       0
       3
       2
       1
       1
       3
       3
       0
       1
       0
       1
       1
       2
       2
       1
       2
       0
       1
       0
       3
       3
       1
       4
       2
       2
       1
       0
       2
       1
       1
       0
       4
       1
       2
       2
       1
       1
       2
       0
       2
       1
       0
       2
       2
       3
       2
       1
       3
       0
       2
       0
       0
       3
       3
       2
       3
       2
       0
       5
       3
       4
       4
       1
       1
       3
       2
       0
       1
       1
       2
       4
       1
       3
       1
       0
       0
       3
       0
       1
       1
       0
       2
       2
       0
       0
       4
       1
       0
       2
       4
       1
       5
       2
       1
       0
       1
       0
       2
       0
       2
       1
       2
       4
       2
       0
       1
       2
       6
       3
       0
       1
       3
       2
       0
       1
       2
       0
       2
       0
       2
       1
       2
       0
       1
       2
       2
       0
       2
       2
       2
       1
       1
       2
       1
       0
       1
       0
       1
       0
       0
       0
       1
       1
       3
       0
       2
       0
       2
       5
       0
       1
       2
       0
       3
       3
       3
       2
       2
       0
       2
       3
       0
       4
       4
       0
       2
       3
       2
       2
       1
       0
       3
       2
       0
       2
       2
       0
       1
       2
       3
       1
       2
       1
       2
       1
       1
       2
       1
       0
       2
       0
       2
       3
       1
       4
       1
       0
       1
       0
       1
       2
       6
       3
       6
       5
       9
       7
      13
       9
      11
       4
       8
       6
       7
       7
       4
       1
       8
       1
       1
       0
       2
       1
       2
       1
       1
       4
       0
       0
       2
       1
       2
       3
       2
       1
       1
       0
       1
       1
       2
       0
       0
       1
       1
       1
       2
       1
       2
       1
       2
       0
       0
       2
       1
       1
       1
       1
       0
       1
       0
       3
       1
       0
       2
       0
       2
       1
       2
       2
       2
       1
       1
       0
       3
       1
       2
       1
       2
       1
       2
       2
       3
       0
       1
       2
       4
       2
       2
       1
       2
       2
       1
       1
       1
       1
       0
       1
       0
       3
       3
       0
       1
       0
       3
       0
       0
       3
       4
       1
       1
       3
       5
       2
       0
       0
       2
       3
       1
       1
       2
       1
       2
       1
       0
       0
       3
       1
       1
       0
       1
       3
       1
       2
       2
       2
       0
       3
       0
       3
       2
       2
       1
       1
       1
       2
       2
       2
       1
       3
       1
       0
       2
       0
       1
       5
       1
       0
       2
       1
       1
       0
       3
       1
       1
       1
       1
       1
       0
       1
       2
       3
       1
       1
       6
       1
       0
       4
       2
       0
       1
       1
       1
       1
       2
       2
       0
       0
       2
       1
       1
       0
       2
       2
       1
       2
       1
       4
       1
       1
       2
       3
       1
       1
       1
       0
       1
       1
       5
       1
       2
       3
       0
       2
       3
       2
       0
       5
       2
       0
       1
       3
       3
       3
       3
       0
       0
       0
       0
       2
       1
       2
       3
       0
       1
       2
       0
       1
       0
       3
       1
       1
       0
       1
       0
       5
       2
       3
       1
       0
       3
       0
       1
       1
       3
       3
       2
       1
       1
       0
       0
       1
       0
       1
       2
       1
       1
       2
       0
       1
       2
       0
       1
       1
       0
       0
       1
       0
       2
       2
       1
       2
       3
       1
       3
       2
       1
       2
       2
       2
       1
       2
       0
       0
       4
       2
       5
       1
       4
       3
       2
       2
       2
       2
       0
       0
       1
       0
       0
       2
       1
       1
       2
       2
       3
       4
       2
       3
       3
       5
       3
       3
       1
       2
       3
       1
       5
       0
       3
       2
       2
       3
       2
       0
       1
       0
       1
       2
       2
       1
       0
       3
       1
       0
       3
       1
       5
       2
       1
       3
       0
       4
       0
       2
       1
       1
       0
       1
       2
       4
       1
       2
       1
       0
       2
       2
       1
       2
       3
       2
       0
       3
       4
       2
       5
       2
       2
       1
       1
       2
       2
       3
       1
       1
       0
       2
       2
       0
       1
       3
       1
       4
       1
       1
       0
       2
       1
       1
       2
       0
       1
       2
       1
       2
       1
       1
       3
       4
       1
       3
       2
       2
       1
       3
       1
       3
       1
       2
       3
       0
       1
       1
       2
       0
       3
       0
       1
       1
       0
       1
       0
       3
       1
       0
       1
       1
       2
       1
       2
       4
       2
       0
       1
       0
       1
       1
       2
       2
       2
       2
       2
       0
       0
       0
       2
       1
       0
       2
       2
       1
       0
       1
       2
       1
       1
       3
       3
       3
       1
       0
       2
       1
       2
       1
       0
       1
       0
       2
       3
       0
       0
       2
       2
       0
       1
       0
       1
       3
       2
       1
       3
       0
       2
       1
       4
       1
       1
       1
       0
       2
       3
       3
       1
       1
       0
       1
       2
       3
       0
       3
       0
       1
       0
       2
       1
       1
       1
       0
       1
       2
       0
       2
       2
       1
       0
       2
       3
       1
       1
       0
       0
       0
       3
       2
       0
       2
       1
       1
       2
       0
       0
       1
       2
       1
       3
       4
       1
       1
       3
       2
       1
       1
       2
       0
       5
       1
       0
       1
       0
       4
       5
       1
       1
       1
       3
       1
       1
       2
       1
       0
       0
       1
       0
       4
       1
       2
       3
       0
       1
       3
       4
       1
       1
       1
       3
       2
       0
       2
       0
       1
       1
       1
       1
       0
       1
       1
       0
       1
       0
       4
       0
       1
       3
       4
       1
       0
       0
       2
       4
       3
       0
       0
       2
       3
       1
       3
       1
       0
       1
       1
       1
       0
       0
       2
       3
       0
       4
       0
       3
       2
       1
       1
       1
       4
       3
       0
       1
       1
       2
       2
       0
       5
       3
       0
       1
       2
       1
       1
       1
       0
       2
       3
       0
       3
       2
       4
       1
       1
       0
       0
       0
       0
       2
       1
       0
       3
       1
       0
       1
       4
       3
       2
       1
       1
       1
       0
       3
       1
       4
       1
       1
       4
       2
       2
       3
       1
       1
       1
       0
       2
       1
       0
       0
       0
       2
       2
       1
       0
       1
       0
       4
       2
       0
       0
       0
       2
       2
       1
       0
       3
       0
       1
       0
       3
       1
       1
       0
       0
       2
       2
       1
       2
       2
       2
       4
       2
       0
       3
       4
       2
       2
       5
       2
       2
       0
       3
       1
       2
       0
       3
       1
       2
       2
       0
       1
       2
       1
       2
       3
       1
       1
       1
       2
       1
       0
       1
       3
       1
       2
       1
       2
       2
       1
       1
       3
       0
       3
       1
       2
       0
       1
       3
       3
       1
       0
       3
       0
       2
       1
       1
       0
       3
       2
       1
       1
       2
       0
       1
       2
       1
       0
       2
       0
       2
       2
       3
       1
       0
       1
       2
       1
       1
       1
       0
       3
       1
       2
       3
       0
       1
       1
       0
       0
       0
       2
       3
       2
       2
       5
       2
       2
       2
       2
       1
       1
       3
       1
       2
       1
       2
       0
       2
       0
       1
       1
       0
       1
       0
       4
       1
       4
       1
       1
       0
       1
       2
       2
       1
       0
       3
       0
       0
       0
       2
       0
       3
       2
       1
       0
       1
       0
       2
       0
       0
       0
       0
       0
       0
       2
       1
       0
       0
       2
       2
       1
       2
       1
       1
       1
       1
       0
       0
       1
       2
       1
       4
       1
       0
       1
       2
       0
       0
       2
       1
       1
       3
       1
       1
       1
       2
       2
       1
       0
       2
       1
       1
       5
       2
       3
       0
       0
       1
       0
       0
       0
       1
       3
       1
       0
       1
       0
       1
       3
       0
       3
       0
       2
       1
       3
       1
       1
       1
       2
       2
       2
       1
       0
       1
       1
       2
       1
       2
       0
       1
       1
       1
       1
       0
       0
       1
       1
       1
       0
       1
       1
       1
       1
       0
       0
       1
       2
       1
       3
       2
       1
       1
       1
       4
       3
       0
       0
       0
       2
       1
       1
       2
       2
       3
       2
       3
       0
       4
       1
       1
       1
       1
       2
       0
       1
       0
       1
       1
       1
       0
       0
       2
       1
       1
       2
       2
       2
       2
       1
       0
       1
       1
       2
       4
       0
       3
       3
       0
       0
       2
       4
       2
       1
       1
       2
       5
       2
       0
       2
       0
       1
       1
       0
       3
       0
       1
       3
       5
       1
       0
       0
       0
       0
       1
       2
       1
       3
       2
       1
       1
       1
       2
       1
       2
       0
       2
       0
       0
       2
       1
       1
       0
       0
       0
       1
       1
       2
       2
       2
       1
       4
       0
       0
       0
       1
       0
       0
       0
       1
       1
       1
       3
       0
       0
       1
       0
       2
       2
       0
       2
       1
       3
       0
       2
       1
       2
       0
       1
       2
       0
       3
       1
       0
       1
       0
       0
       1
       2
       2
       3
       4
       2
       1
       0
       2
       1
       4
       0
       1
       2
       1
       0
       0
       2
       1
       1
       3
       1
       0
       2
       3
       3
       1
       1
       0
       0
       1
       3
       2
       2
       3
       0
       4
       2
       1
       0
       1
       0
       3
       0
       1
       1
       1
       3
       3
       2
       0
       1
       2
       0
       2
       1
       2
       1
       2
       1
       0
       3
       1
       0
       0
       1
       0
       1
       0
       2
       2
       1
       1
       1
       2
       0
       2
       1
       1
       0
       1
       0
       2
       1
       1
       1
       1
       0
       1
       1
       0
       1
       0
       3
       0
       1
       1
       1
       3
       1
       3
       2
       4
       2
       1
       0
       2
       1
       4
       1
       1
       0
       0
       3
       3
       3
       1
       1
       2
       3
       2
       1
       1
       2
       1
       4
       0
       1
       0
       4
       1
       3
       1
       4
       1
       0
       1
       1
       1
       3
       0
       0
       0
       2
       2
       2
       2
       2
       1
       0
       2
       0
       0
       3
       1
       1
       0
       2
       2
       3
       1
       1
       1
       0
       0
       0
       0
       0
       0
       0
       0
       0
       0
       0
       0
       0
       0
       0
       0
       0
       0
       0
       0
       0
       0
       0
       0
       0
       0
       0
       0
       0
       0
       0
       0
       0
       0
       0
       0
       0
       0
       0
       0
       0
       0
       0
       0
       0
       0
       0
       0
       0
       0
       0
       0
       0
       0
       0
       0
       0
       0
       0
       0
       0
       0
       0
       0
       0
       0
       0
       0
       0
       0
       0
       0
       0
       0
       0
       0
       0
       0
       0
       0
       0
       0
       0
       0
       0
       0
       0
       0
       0
       0
       0
       0
       0
       0
       0
       0
       0
       0
       0
       0
       0
       0
       0
       0
       0
       0
       0
       0
       0
       0
       0
       0
       0
       0
       0
       0
       0
       0
       0
       0
       0
       0
       0
       0
       0
       0
       0
       0
       0
$ROI:
1
3632 3701
$PRESETS:
None
0
0
$ENER_FIT:
0.061538 0.383912
$MCA_CAL:
3
6.153812E-002 3.839118E-001 -1.308350E-008 keV
$SHAPE_CAL:
3
2.658138E+000 1.161020E-003 5.669507E-008
