$SPEC_ID:
Cs137
$SPEC_REM:
DET# 2
DETDESC# DETECTOR 2
AP# Maestro Version 7.01
$DATE_MEA:
02/23/2017 20:15:07
$MEAS_TIM:
46902 46990
$DATA:
0 8191
       0
       0
       0
       0
       0
       0
       0
       0
       0
       0
       0
       0
       0
       0
       0
       0
       0
       0
       0
       0
       0
       0
       0
       0
       0
       0
       0
       0
       0
       0
       0
       0
       0
       0
       0
       0
       0
       0
       0
       0
       0
       0
       0
       0
       0
       0
       0
       0
       0
       0
       0
       0
       0
       0
       0
       0
       0
       0
       0
       0
       0
       0
       0
       0
       0
       0
       0
       0
       0
       0
       0
       0
       0
       0
       0
       0
       0
       0
       0
       0
       0
       0
       0
       0
       0
       0
       0
       0
       0
       0
       0
       0
       0
       0
       0
      37
     211
    1755
    2805
    2769
    2795
    2745
    2737
    2787
    2718
    2662
    2756
    2846
    2663
    2674
    2670
    2616
    2809
    2688
    2777
    2686
    2643
    2771
    2771
    2801
    2765
    3012
    2943
    2793
    2884
    2852
    2935
    2934
    2883
    2900
    2979
    3007
    2933
    2875
    2983
    2969
    2951
    3026
    3052
    3147
    3047
    3113
    3215
    3154
    3099
    3218
    3167
    3331
    3252
    3250
    3430
    3522
    3545
    3594
    3584
    3718
    3706
    3705
    3678
    3675
    3630
    3625
    3584
    3785
    3933
    4239
    3773
    3623
    3706
    3760
    3749
    3774
    3797
    3692
    3732
    3747
    3825
    3835
    3902
    3884
    4000
    3983
    4015
    4067
    4160
    4108
    4446
    5458
    9782
   16074
   15463
    8893
    5398
    8130
   18060
   27116
   19874
    8653
    4123
    3482
    3400
    3507
    3271
    3322
    3326
    3313
    3398
    3369
    3397
    3414
    3419
    3333
    3453
    3547
    3487
    3633
    3566
    3797
    4598
    7377
   10675
   11871
    8531
    5164
    3802
    3753
    4699
    6067
    5749
    4461
    3774
    3365
    3260
    3411
    3338
    3295
    3355
    3378
    3307
    3470
    3579
    3909
    3748
    3567
    3457
    3414
    3496
    3458
    3462
    3536
    3524
    3520
    3612
    3586
    3779
    3732
    3814
    3938
    3869
    3889
    3880
    3935
    3979
    4174
    4036
    4096
    4041
    4229
    4205
    4108
    4213
    4196
    4206
    4269
    4270
    4324
    4148
    4222
    4262
    4337
    4364
    4347
    4306
    4270
    4223
    4275
    4300
    4239
    4055
    4161
    4066
    3964
    4073
    4148
    3947
    3836
    4114
    4017
    3997
    4090
    3965
    4000
    3927
    4056
    4070
    4051
    4045
    4155
    4181
    4079
    4156
    4034
    4199
    4283
    4169
    4209
    4314
    4118
    4198
    4212
    4168
    4259
    4281
    4191
    4298
    4277
    4217
    4110
    4327
    4217
    4214
    4208
    4228
    4177
    4183
    4229
    4184
    4265
    4233
    4203
    4289
    4052
    4115
    4207
    4290
    4284
    4229
    4128
    4110
    4270
    4167
    4086
    4165
    4134
    4271
    4065
    4107
    3992
    4016
    3952
    4082
    4023
    4079
    3994
    3873
    3823
    3997
    3960
    3877
    3814
    4075
    3878
    3952
    3850
    3823
    3911
    3809
    3787
    3820
    3779
    3806
    3747
    3748
    3728
    3639
    3787
    3748
    3809
    3742
    3700
    3800
    3646
    3747
    3706
    3814
    3690
    3744
    3566
    3686
    3519
    3608
    3720
    3734
    3677
    3680
    3571
    3528
    3562
    3677
    3618
    3574
    3672
    5026
   13193
   35746
   57161
   48623
   22209
    7374
    3804
    3450
    3566
    3386
    3441
    3424
    3486
    3395
    3420
    3458
    3466
    3445
    3506
    3464
    3491
    3454
    3546
    3539
    3576
    3563
    3488
    3573
    3671
    3664
    3727
    3695
    3745
    3780
    3984
    3974
    4053
    4019
    4126
    4160
    4206
    4196
    4284
    4351
    4625
    4373
    4231
    4143
    4104
    4082
    4060
    4203
    3997
    4180
    4192
    4095
    4072
    4062
    4079
    4136
    3983
    4034
    4108
    3968
    4194
    4064
    3936
    4049
    3987
    3995
    4137
    4186
    4032
    4070
    4010
    3903
    3935
    3930
    4010
    3928
    4029
    4097
    3948
    3907
    3862
    3992
    3968
    3791
    3869
    3821
    3937
    3935
    3824
    3706
    3788
    3783
    3848
    3768
    3815
    3927
    3785
    3733
    3825
    3890
    3850
    3956
    3813
    3896
    3751
    3752
    3868
    3781
    3801
    3789
    3844
    3844
    3852
    3832
    3843
    3836
    3763
    3833
    3859
    3835
    3901
    3712
    3776
    3841
    3731
    3656
    3736
    3706
    3842
    3759
    3667
    3694
    3671
    3724
    3694
    3712
    3818
    3709
    3611
    3704
    3647
    3642
    3586
    3735
    3595
    3640
    3673
    3665
    3714
    3553
    3640
    3645
    3614
    3610
    3633
    3544
    3571
    3558
    3609
    3500
    3639
    3537
    3501
    3631
    3537
    3587
    3438
    3532
    3498
    3445
    3471
    3521
    3517
    3506
    3556
    3468
    3458
    3560
    3533
    3528
    3497
    3455
    3471
    3489
    3575
    3507
    3465
    3466
    3565
    3467
    3445
    3508
    3463
    3457
    3490
    3455
    3523
    3517
    3531
    3486
    3518
    3429
    3480
    3460
    3530
    3530
    3495
    3547
    3571
    3523
    3397
    3432
    3385
    3455
    3426
    3460
    3446
    3441
    3545
    3518
    3495
    3493
    3494
    3454
    3401
    3383
    3466
    3409
    3421
    3456
    3432
    3456
    3373
    3347
    3289
    3444
    3422
    3304
    3462
    3409
    3335
    3299
    3249
    3298
    3271
    3381
    3355
    3271
    3265
    3302
    3252
    3297
    3111
    3192
    3242
    3184
    3215
    3149
    3092
    3120
    3066
    3132
    3152
    3076
    3079
    3166
    3078
    3158
    3057
    3034
    2977
    3130
    3011
    2972
    3024
    3035
    2973
    2996
    2925
    2842
    2839
    2836
    2959
    2950
    2877
    2883
    3171
    4732
    9097
   15679
   18472
   13797
    7197
    3689
    3019
    2773
    2775
    2749
    2737
    2797
    2633
    2710
    2697
    2658
    2689
    2717
    2663
    2703
    2643
    2680
    2672
    2599
    2766
    2564
    2581
    2663
    2634
    2633
    2625
    2601
    2608
    2582
    2534
    2518
    2589
    2655
    2540
    2510
    2553
    2617
    2565
    2540
    2624
    2452
    2492
    2630
    2487
    2584
    2641
    2579
    2646
    2517
    2626
    2426
    2552
    2511
    2512
    2411
    2491
    2516
    2466
    2488
    2566
    2549
    2465
    2539
    2463
    2552
    2439
    2487
    2509
    2427
    2483
    2509
    2516
    2477
    2491
    2483
    2563
    2506
    2443
    2576
    2527
    2546
    2531
    2494
    2490
    2482
    2454
    2479
    2569
    2530
    2458
    2450
    2491
    2507
    2480
    2599
    2522
    2547
    2620
    2558
    2537
    2585
    2513
    2481
    2567
    2514
    2468
    2548
    2510
    2489
    2480
    2559
    2509
    2553
    2627
    2527
    2619
    2544
    2506
    2528
    2608
    2656
    2577
    2516
    2586
    2550
    2551
    2538
    2603
    2542
    2591
    2674
    2649
    2571
    2596
    2540
    2596
    2555
    2572
    2548
    2683
    2639
    2571
    2542
    2593
    2528
    2597
    2618
    2584
    2580
    2556
    2516
    2593
    2602
    2583
    2531
    2549
    2601
    2606
    2491
    2571
    2512
    2482
    2462
    2487
    2600
    2403
    2512
    2528
    2520
    2457
    2474
    2406
    2411
    2321
    2351
    2303
    2305
    2252
    2094
    2129
    2045
    2076
    1932
    1952
    1843
    1869
    1817
    1845
    1755
    1860
    1819
    1757
    1747
    1623
    1736
    1744
    1653
    1670
    1697
    1632
    1660
    1609
    1708
    1634
    1692
    1671
    1655
    1693
    1593
    1530
    1586
    1537
    1544
    1584
    1553
    1504
    1522
    1477
    1489
    1508
    1423
    1537
    1453
    1448
    1427
    1437
    1413
    1541
    1419
    1492
    1397
    1444
    1396
    1385
    1452
    1430
    1381
    1427
    1319
    1432
    1406
    1366
    1399
    1435
    1360
    1384
    1422
    1364
    1314
    1301
    1305
    1352
    1287
    1326
    1307
    1308
    1257
    1290
    1290
    1330
    1310
    1314
    1301
    1306
    1228
    1316
    1248
    1205
    1250
    1157
    1271
    1294
    1158
    1196
    1222
    1188
    1266
    1197
    1151
    1169
    1229
    1164
    1149
    1204
    1160
    1105
    1183
    1132
    1117
    1140
    1163
    1200
    1139
    1155
    1024
    1126
    1079
    1089
    1100
    1080
    1066
    1082
    1026
    1088
    1090
    1076
    1093
    1060
    1067
    1048
    1057
     982
    1037
    1030
    1066
     947
    1032
    1055
    1026
    1080
     999
     954
     977
     936
    1044
     960
     999
     960
     982
     983
     953
     956
     934
     955
     925
     978
     935
     966
     962
     980
     928
     963
     882
     951
     949
     899
     927
     865
     920
     923
     884
     908
     891
     892
     885
     861
     864
     851
     881
     871
     877
     874
     897
     899
     926
     857
     862
     873
     816
     847
     788
     839
     803
     871
     840
     806
     808
     827
     809
     816
     781
     838
     799
     817
     845
     810
     855
     849
     848
     812
     787
     777
     811
     782
     764
     808
     814
     766
     831
     805
     831
     839
     789
     745
     776
     793
     783
     779
     828
     837
     786
     809
     773
     714
     783
     791
     801
     810
     766
     838
     822
     796
     707
     755
     794
     752
     766
     754
     716
     796
     800
     819
     751
     743
     753
     732
     742
     741
     772
     764
     784
     749
     739
     736
     776
     750
     780
     723
     777
     787
     721
     770
     733
     728
     745
     761
     721
     672
     737
     754
     803
     734
     732
     682
     669
     716
     687
     718
     715
     722
     719
     728
     781
     723
     705
     764
     756
     721
     720
     725
     740
     742
     751
     683
     711
     741
     694
     788
     720
     679
     706
     713
     701
     690
     692
     697
     727
     763
     717
     680
     728
     689
     691
     688
     717
     682
     711
     670
     707
     649
     692
     714
     692
     682
     708
     677
     662
     731
     662
     732
     677
     668
     669
     697
     696
     676
     729
     680
     709
     709
     719
     776
     942
    1212
    1444
    1485
    1174
     894
     731
     683
     701
     704
     670
     690
     649
     645
     672
     699
     692
     663
     610
     677
     707
     672
     656
     679
     653
     687
     666
     709
     645
     680
     667
     672
     760
     674
     696
     690
     685
     665
     707
     697
     681
     637
     654
     679
     654
     655
     710
     691
     723
     661
     701
     698
     684
     651
     652
     695
     702
     699
     668
     635
     690
     731
     695
     715
     700
     725
     678
     726
     665
     728
     717
     677
     770
     767
     738
     796
     902
     992
    1232
    1581
    2296
    3715
    6104
   10354
   16996
   27130
   40046
   55241
   69208
   77069
   76875
   67478
   52784
   37834
   24745
   15326
    8934
    5228
    3096
    1938
    1287
     940
     778
     701
     583
     662
     590
     527
     575
     537
     563
     552
     526
     527
     539
     525
     512
     530
     508
     526
     552
     543
     518
     530
     583
     528
     514
     550
     507
     506
     541
     543
     521
     550
     488
     536
     556
     531
     495
     548
     553
     528
     496
     488
     481
     512
     522
     512
     490
     527
     528
     515
     472
     504
     487
     509
     525
     539
     585
     534
     534
     482
     505
     497
     535
     548
     517
     494
     505
     480
     551
     538
     481
     526
     503
     491
     482
     536
     524
     502
     519
     510
     492
     531
     514
     506
     506
     528
     498
     488
     538
     503
     536
     508
     524
     473
     514
     555
     487
     509
     475
     490
     489
     507
     503
     468
     501
     499
     495
     501
     473
     521
     517
     532
     510
     511
     517
     521
     519
     487
     495
     527
     512
     517
     493
     513
     509
     473
     514
     509
     526
     492
     498
     510
     516
     493
     538
     528
     543
     509
     463
     525
     556
     547
     497
     491
     545
     493
     494
     511
     518
     492
     483
     525
     557
     521
     475
     519
     549
     483
     489
     478
     472
     495
     538
     489
     496
     526
     524
     509
     489
     503
     518
     522
     516
     518
     521
     543
     515
     522
     513
     537
     543
     549
     596
     499
     543
     510
     521
     533
     518
     486
     527
     513
     509
     516
     506
     514
     517
     483
     526
     550
     540
     548
     496
     521
     446
     541
     511
     512
     507
     569
     584
     541
     499
     544
     550
     521
     509
     525
     530
     532
     537
     529
     503
     584
     530
     543
     517
     518
     522
     507
     472
     520
     516
     524
     499
     515
     547
     526
     505
     500
     554
     562
     566
     575
     549
     546
     555
     499
     537
     562
     516
     545
     523
     528
     512
     561
     518
     570
     543
     525
     594
     538
     513
     554
     553
     534
     522
     539
     553
     546
     552
     552
     549
     557
     556
     534
     545
     565
     536
     530
     552
     480
     574
     556
     577
     518
     563
     506
     529
     513
     545
     544
     565
     531
     528
     480
     529
     538
     543
     541
     517
     558
     513
     527
     567
     563
     490
     550
     580
     526
     536
     525
     553
     517
     537
     560
     550
     525
     559
     540
     510
     542
     530
     533
     564
     574
     540
     541
     533
     527
     554
     526
     504
     579
     599
     572
     509
     566
     514
     548
     527
     573
     515
     548
     531
     591
     559
     613
     547
     546
     563
     501
     568
     518
     535
     595
     556
     560
     552
     579
     572
     587
     582
     587
     579
     546
     523
     511
     599
     544
     587
     577
     561
     619
     580
     576
     536
     599
     609
     586
     580
     583
     581
     603
     564
     600
     539
     594
     581
     561
     567
     588
     579
     525
     581
     585
     592
     619
     573
     658
     615
     605
     635
     618
     653
     579
     608
     554
     617
     575
     616
     612
     587
     589
     613
     609
     605
     574
     608
     619
     639
     591
     614
     620
     603
     613
     606
     606
     680
     662
     641
     596
     628
     625
     638
     609
     674
     695
     633
     663
     605
     633
     650
     659
     665
     655
     636
     632
     612
     594
     595
     628
     637
     652
     640
     622
     611
     644
     625
     582
     629
     659
     569
     647
     645
     627
     639
     631
     566
     649
     630
     611
     623
     591
     621
     620
     664
     646
     624
     649
     596
     610
     605
     613
     636
     644
     636
     599
     675
     608
     613
     627
     653
     604
     628
     643
     620
     670
     666
     618
     602
     626
     618
     605
     630
     691
     650
     634
     588
     671
     638
     631
     662
     610
     630
     632
     665
     660
     665
     653
     620
     618
     666
     661
     668
     668
     641
     648
     686
     659
     646
     632
     624
     644
     649
     673
     668
     686
     622
     663
     655
     676
     674
     671
     672
     619
     710
     664
     685
     648
     683
     683
     681
     658
     662
     680
     677
     718
     699
     691
     694
     719
     695
     673
     706
     676
     674
     713
     658
     668
     686
     737
     682
     667
     719
     711
     668
     707
     688
     719
     695
     711
     711
     756
     753
     711
     673
     676
     678
     669
     666
     674
     729
     715
     751
     656
     699
     720
     697
     640
     734
     663
     668
     718
     753
     710
     710
     705
     751
     661
     735
     704
     723
     685
     703
     744
     699
     678
     673
     696
     732
     744
     681
     726
     691
     711
     733
     716
     754
     793
     744
     732
     712
     745
     766
     763
     710
     735
     742
     676
     753
     725
     747
     707
     703
     737
     693
     719
     706
     708
     740
     704
     759
     705
     759
     745
     750
     738
     744
     694
     757
     774
     766
     750
     773
     709
     755
     725
     704
     727
     734
     746
     751
     731
     730
     679
     691
     722
     703
     717
     737
     707
     747
     661
     653
     648
     680
     665
     628
     694
     601
     625
     631
     576
     633
     610
     590
     603
     596
     580
     590
     569
     520
     572
     533
     554
     508
     528
     530
     553
     547
     561
     512
     536
     526
     491
     559
     543
     514
     539
     552
     550
     551
     530
     501
     514
     538
     496
     524
     517
     498
     514
     517
     522
     503
     480
     496
     502
     553
     566
     536
     525
     517
     508
     536
     554
     587
     568
     586
     533
     531
     547
     519
     479
     457
     515
     486
     483
     531
     510
     490
     495
     505
     460
     483
     428
     494
     498
     484
     480
     456
     478
     485
     496
     477
     475
     451
     489
     469
     460
     422
     443
     463
     470
     475
     441
     480
     446
     446
     444
     451
     478
     480
     462
     455
     449
     441
     446
     441
     470
     466
     461
     438
     454
     434
     439
     476
     445
     478
     444
     462
     423
     438
     447
     462
     407
     399
     417
     465
     446
     436
     414
     439
     432
     403
     456
     444
     418
     406
     461
     437
     426
     432
     432
     434
     411
     427
     419
     435
     392
     435
     407
     411
     432
     410
     414
     408
     397
     401
     400
     436
     452
     419
     406
     411
     407
     412
     423
     381
     407
     414
     425
     424
     445
     427
     410
     426
     416
     387
     405
     417
     418
     367
     367
     400
     429
     388
     369
     397
     388
     368
     447
     407
     358
     413
     402
     355
     411
     384
     389
     400
     356
     392
     360
     420
     378
     387
     345
     366
     360
     372
     382
     379
     351
     348
     386
     373
     385
     383
     366
     378
     364
     365
     365
     397
     353
     355
     361
     371
     379
     383
     401
     359
     344
     385
     317
     357
     346
     320
     366
     324
     365
     361
     369
     356
     359
     342
     344
     339
     356
     332
     389
     327
     350
     342
     357
     346
     329
     353
     337
     338
     368
     340
     389
     339
     348
     333
     333
     336
     345
     329
     359
     351
     335
     371
     348
     415
     475
     734
    1058
    1734
    2529
    3434
    3780
    3365
    2501
    1503
     838
     481
     371
     338
     352
     334
     349
     324
     332
     328
     320
     318
     362
     332
     342
     300
     349
     356
     318
     341
     346
     349
     357
     323
     326
     347
     321
     333
     337
     314
     324
     335
     333
     340
     330
     377
     369
     337
     325
     307
     320
     320
     350
     346
     329
     337
     330
     359
     290
     291
     352
     337
     307
     333
     328
     345
     310
     322
     304
     330
     302
     304
     336
     330
     319
     321
     337
     310
     341
     345
     316
     327
     309
     347
     332
     347
     347
     296
     324
     350
     277
     337
     313
     312
     347
     360
     340
     334
     325
     308
     317
     290
     365
     373
     406
     413
     479
     540
     576
     520
     481
     388
     341
     310
     332
     315
     335
     302
     327
     332
     332
     337
     330
     307
     348
     361
     340
     358
     294
     355
     329
     343
     336
     342
     307
     332
     308
     323
     316
     329
     316
     348
     396
     466
     647
     931
    1445
    1924
    2516
    2732
    2521
    1739
    1068
     648
     434
     340
     343
     305
     330
     332
     305
     299
     298
     299
     278
     330
     319
     299
     330
     285
     284
     308
     308
     311
     308
     328
     281
     319
     273
     290
     345
     317
     323
     321
     285
     282
     297
     306
     322
     332
     307
     276
     308
     323
     299
     321
     312
     312
     292
     302
     285
     317
     307
     325
     289
     288
     333
     317
     307
     334
     319
     308
     304
     319
     319
     304
     320
     301
     323
     334
     336
     343
     340
     336
     350
     298
     303
     321
     327
     271
     336
     304
     322
     329
     332
     316
     303
     319
     305
     333
     347
     356
     433
     553
     889
    1602
    3086
    5711
   10039
   16681
   23742
   28868
   29122
   23752
   15689
    8150
    3429
    1417
     583
     410
     305
     298
     301
     336
     306
     322
     274
     321
     284
     286
     292
     293
     289
     311
     307
     282
     291
     319
     317
     289
     320
     304
     306
     294
     277
     290
     286
     288
     305
     325
     326
     316
     304
     301
     308
     337
     332
     322
     362
     342
     372
     362
     318
     327
     303
     321
     328
     298
     295
     299
     300
     298
     326
     321
     317
     293
     314
     293
     287
     314
     284
     332
     308
     289
     294
     308
     336
     307
     302
     321
     332
     321
     308
     354
     312
     346
     337
     298
     301
     323
     326
     331
     314
     306
     291
     308
     333
     305
     284
     316
     308
     297
     295
     338
     326
     292
     315
     311
     353
     312
     352
     325
     289
     306
     349
     314
     327
     321
     350
     320
     317
     343
     302
     338
     342
     339
     315
     350
     286
     345
     322
     339
     348
     353
     353
     338
     381
     404
     499
     532
     692
     836
     917
     828
     703
     577
     454
     392
     362
     315
     362
     300
     342
     379
     362
     348
     314
     304
     331
     315
     343
     366
     337
     343
     380
     350
     338
     331
     353
     353
     343
     300
     313
     364
     343
     360
     341
     357
     316
     359
     329
     345
     323
     372
     377
     351
     348
     358
     326
     384
     367
     367
     373
     331
     359
     372
     372
     348
     363
     353
     358
     385
     379
     349
     353
     368
     391
     374
     335
     388
     352
     368
     404
     412
     373
     376
     335
     348
     378
     364
     391
     356
     398
     397
     353
     373
     358
     380
     381
     376
     370
     329
     373
     380
     370
     396
     353
     380
     391
     398
     368
     415
     367
     368
     377
     365
     404
     414
     366
     386
     382
     388
     377
     372
     393
     384
     382
     399
     401
     341
     367
     371
     408
     394
     386
     399
     394
     399
     366
     400
     413
     381
     378
     382
     373
     392
     401
     393
     409
     352
     366
     387
     396
     378
     369
     387
     396
     387
     371
     361
     386
     392
     386
     353
     326
     333
     335
     295
     285
     320
     318
     337
     325
     329
     285
     306
     302
     302
     286
     279
     292
     242
     271
     248
     289
     267
     264
     230
     241
     260
     225
     264
     246
     237
     254
     255
     276
     247
     230
     250
     228
     226
     208
     229
     218
     233
     230
     222
     245
     220
     226
     242
     233
     233
     217
     247
     222
     239
     256
     242
     271
     326
     386
     552
     841
    1186
    1674
    2317
    2743
    2687
    2269
    1657
     928
     552
     361
     269
     214
     231
     216
     189
     206
     252
     235
     249
     236
     268
     204
     213
     207
     202
     213
     189
     202
     216
     203
     209
     209
     182
     192
     176
     191
     189
     193
     188
     217
     191
     199
     196
     182
     215
     204
     195
     176
     182
     193
     212
     209
     184
     197
     180
     191
     167
     193
     176
     175
     193
     191
     191
     213
     172
     161
     194
     196
     168
     203
     194
     182
     175
     167
     185
     158
     169
     177
     176
     161
     188
     163
     170
     171
     167
     165
     172
     181
     184
     194
     240
     309
     426
     596
     956
    1483
    2138
    2789
    3182
    3257
    2759
    1855
    1137
     620
     374
     204
     154
     160
     169
     154
     166
     161
     156
     142
     158
     164
     142
     147
     160
     128
     164
     107
     122
     137
     168
     135
     146
     118
     135
     135
     133
     146
     132
     141
     111
     128
     123
     122
     116
     120
     122
     126
     121
     132
     137
     101
     137
     122
     120
     135
     132
     118
     133
     114
     123
     146
     117
     112
     120
     106
     114
     107
      94
     115
     104
     122
     104
     113
     112
     103
     103
      85
     101
      86
      91
      94
     120
      93
     113
     101
      99
      98
      95
     108
      94
     113
      92
     105
      92
      87
      92
      89
      68
      78
     108
      87
      75
      79
      96
     100
      81
      73
      79
      80
      67
      92
      79
      76
      75
      71
      80
      80
      75
      79
      73
      70
      79
      53
      76
      61
      76
      87
      58
      74
      71
      67
      73
      78
      79
      69
      64
      65
      56
      60
      50
      63
      69
      72
      68
      62
      70
      77
      73
      82
      63
      73
      78
      56
      52
      56
      51
      40
      60
      52
      53
      62
      69
      76
      69
      73
      55
      70
      54
      57
      47
      53
      59
      53
      58
      51
      48
      49
      53
      57
      49
      43
      53
      41
      48
      51
      59
      52
      45
      37
      54
      50
      50
      58
      42
      36
      50
      50
      50
      63
      43
      51
      51
      48
      54
      47
      33
      42
      38
      34
      49
      51
      47
      58
      38
      40
      60
      35
      48
      30
      43
      50
      45
      37
      43
      49
      36
      44
      34
      54
      51
      36
      40
      40
      44
      51
      45
      50
      39
      28
      47
      43
      34
      50
      42
      46
      39
      36
      34
      41
      28
      47
      47
      35
      35
      50
      37
      34
      46
      36
      42
      39
      44
      38
      45
      49
      38
      44
      37
      34
      27
      42
      39
      36
      32
      49
      40
      37
      34
      30
      48
      32
      38
      41
      44
      41
      40
      29
      49
      42
      41
      43
      36
      30
      38
      39
      52
      39
      42
      47
      47
      45
      37
      42
      47
      50
      61
      61
      48
      72
      86
      78
      91
      81
      59
      46
      46
      39
      50
      37
      30
      48
      43
      42
      30
      40
      38
      35
      29
      39
      32
      42
      43
      39
      46
      35
      39
      39
      39
      37
      42
      38
      41
      38
      36
      43
      33
      45
      44
      48
      39
      34
      34
      34
      40
      50
      35
      38
      41
      39
      28
      32
      41
      50
      42
      43
      63
      65
      79
      88
      64
      85
      72
      48
      41
      32
      40
      52
      57
      45
      47
      45
      52
      49
      49
      62
      40
      47
      50
      54
      53
      48
      60
      57
      57
      71
      86
     130
     216
     385
     731
    1213
    2175
    3441
    5684
    8923
   12629
   16507
   19049
   19315
   15970
   11863
    7157
    3740
    1661
     645
     255
      77
      43
      28
      24
      18
      30
      17
      20
      30
      19
      16
      22
      18
      15
      22
      10
      13
      18
      13
      18
      17
      17
      16
      25
      17
      14
      20
      16
      19
      15
      14
      22
      19
      14
      11
      16
      20
      15
      18
      23
      23
      15
      17
      19
      10
      15
      17
      19
      24
      25
      11
      14
      19
      13
      18
      13
      20
      28
      11
      10
      17
      20
      17
       9
      12
      13
      14
      24
      15
      13
      10
      18
      18
      21
      12
      14
       7
      26
      13
      20
      15
      15
      23
      14
      14
      20
      14
      18
       6
      13
      22
      16
      12
      14
      16
      19
      15
      17
      14
      19
      18
      21
      21
      25
      18
      22
      17
      16
      18
      18
      17
      21
       8
      20
      12
      27
      24
      12
      23
      20
      16
      16
      11
      20
      11
      15
      16
      19
      14
      17
      14
      11
       8
      19
      11
      20
      21
      10
      18
      12
      15
      19
      12
      17
      16
      21
      15
      12
      15
      16
      10
      20
       9
      17
       7
      20
      17
      12
      18
      15
      12
       7
      10
      13
       8
      13
      17
      16
      20
      15
      13
      14
      15
      11
      11
      22
      17
      19
       7
      23
      14
      10
      18
      22
      15
      15
      13
      17
      19
      12
      20
      18
      19
      11
       8
      18
      14
      15
      17
      14
       9
      14
      11
      12
      15
       7
       9
      12
      11
      12
      18
      20
      13
      21
      12
      14
      12
      21
      16
      17
      10
      12
      11
      15
      15
      14
      16
       9
       9
      16
      11
      19
      17
      14
      13
      14
      13
      16
      13
      16
      14
      12
       9
      18
      14
      10
      17
      17
      11
      12
      16
      14
      12
      12
       9
      20
      17
      14
      15
      15
       7
      12
      21
      11
      16
      10
      11
      13
      18
      16
      20
      15
      13
      21
      12
      11
      12
      12
      13
      17
      15
      13
      11
       9
      17
      19
       9
      16
      13
      12
      13
      16
      14
      14
      12
       9
      13
      10
      18
      10
      14
      14
      10
      16
      18
      12
      24
      22
      19
      26
      29
      29
      22
      34
      29
      21
      27
      39
      31
      33
      30
      25
      19
      20
      13
      13
      14
      16
      10
      11
      17
      13
      15
      10
      10
      13
      14
      23
      16
      18
      18
      11
      11
      14
      15
      14
      16
      14
      16
      13
      14
      17
      14
      15
       9
      11
       9
      12
      12
      11
       8
       6
      20
      11
      12
      14
       6
      13
       7
      21
       8
      13
      16
      10
      19
      19
      21
      33
      38
      27
      29
      25
      18
      23
      17
      18
      18
      19
      11
      11
      17
      11
      15
      17
      11
      15
       9
      14
      14
      13
      18
      12
      15
      10
       7
       8
      16
      13
      14
      18
       7
      10
      14
      17
      11
       9
      13
       6
      11
      16
      13
      12
      14
      14
      12
      11
      12
       9
      10
      10
      12
      12
      17
      14
      12
      12
      10
       8
      12
      12
      17
      12
      10
      15
      17
      15
      14
      15
      11
       9
      13
      12
      21
      13
      14
      17
      22
      14
      14
      25
      28
      45
      63
      54
      60
      77
      69
      74
      61
      55
      48
      28
      26
      26
      21
      33
      30
      22
      30
      44
      25
      29
      34
      13
      25
      11
      14
       9
      14
       8
      11
      12
      11
       6
       6
      15
      14
      15
      17
      10
      17
       7
      14
      17
      13
      12
      21
      12
      12
      13
       6
      10
      10
       9
       8
      17
       9
      24
       9
      18
      10
      11
      12
      19
      11
      15
       7
       8
      17
      11
      14
      11
      21
       7
       7
      16
      11
      11
      18
      11
      14
      10
      10
      11
      11
      10
       8
      16
      17
      11
       7
       7
       9
      13
      11
      12
       7
      14
      11
      11
       6
       8
      12
      11
      13
       9
       7
      10
      11
       9
      18
      11
       7
      12
      13
       9
      10
       8
      17
      15
       9
      15
      10
      16
       9
      10
      15
      10
      16
       9
      12
       9
       9
      13
       7
      10
      11
      11
       9
      14
      14
      18
      10
      16
       9
      14
      13
       8
      17
      12
      11
      11
       9
       3
      10
       8
       7
      13
      13
      11
      14
      14
      12
       7
       7
       9
      10
      13
      16
      15
      16
       7
       6
       7
       9
      14
      13
      12
       8
       6
      12
       5
      11
      17
      11
       8
      17
       5
      13
       8
      10
      18
      10
      11
       7
       8
      14
       6
      14
      10
      12
      19
      15
      10
       8
       7
      11
      16
       9
      10
       5
       5
      15
       7
      14
      12
      11
      16
      12
       9
       7
      15
      10
       9
      11
      10
      10
      12
       8
       8
      11
      13
       9
      12
      12
      13
       5
      10
       9
      12
       5
      14
      10
      16
      18
      12
      15
       9
       7
      10
       8
      15
      10
      15
       6
       8
       6
       8
       9
      11
       5
       9
      18
       5
       4
      12
       8
      13
      12
       6
      14
      10
       6
      10
       7
      10
      10
       6
      15
       9
      16
       9
      12
       5
      10
       8
      13
       7
      10
       7
       6
      10
      15
      13
       5
       8
       8
      10
       6
       3
      10
      11
      12
      12
      14
      13
      11
       5
      11
      13
      12
      10
       9
       9
      10
       7
      12
      10
       7
      10
       7
       7
      12
       9
       4
       7
       8
      10
       4
       7
      12
      12
       7
      11
       9
       7
      11
      15
       4
       9
       6
       7
       7
       4
       9
      11
      10
       6
      10
       5
      13
       5
       7
       4
       6
       8
       7
      10
       9
       6
      16
      11
      13
      12
       7
      12
       4
       6
      13
      13
      13
       7
       5
      12
       7
       6
       8
      13
      10
       8
      14
       6
      16
      12
       6
      14
       5
      11
       7
      12
      10
       8
      11
       9
       9
      10
       7
      11
       4
      11
      13
       8
      13
      11
       5
       8
       5
      14
       4
       8
      10
       9
       8
      10
       9
       8
       7
       8
       8
       4
       8
       6
      11
       8
       6
       8
      12
       2
      11
      14
       9
       8
       7
       4
       4
      10
       7
       5
      11
      11
      17
      10
       5
       7
       8
       9
       6
      13
       7
      10
      12
       8
      13
      13
      18
      23
      24
      17
      13
      20
      17
      23
      15
      14
      19
      13
      13
       6
       8
       6
       5
      11
       5
       5
       8
      10
       7
       9
      10
       6
       5
      10
      11
       5
       6
      10
       3
       9
       6
       9
      10
       6
       3
       9
       8
       9
      10
      10
       1
       5
       7
      10
       7
      10
       3
       6
       8
       6
       8
       6
      15
       6
       7
       6
       7
       9
      11
      10
      10
       7
      12
       8
      11
       7
       6
      10
       9
       9
       7
      10
      13
       6
       6
       6
      14
       7
       8
       3
       8
       8
       8
       8
       6
       9
      17
       4
       7
       9
       5
       8
       7
       9
       6
       8
       7
       8
       8
      10
       7
      10
       9
       2
      15
       7
       5
       5
       4
      10
       6
      10
       7
       7
       5
       7
       9
       9
       8
       4
       8
       9
       9
       7
       6
       8
       7
       5
       7
      11
       6
       6
       7
       3
       8
       8
      10
      12
       5
       7
      11
       8
       7
       6
      10
       4
       5
      12
      14
       9
       8
      14
      10
      11
       7
      16
      15
      11
      18
      26
      21
      24
      17
      18
      10
      21
      17
      14
      11
       6
       7
       6
       6
      10
       6
      13
      12
       7
       6
       3
      10
      10
       8
       9
       7
       5
       5
       6
       7
       8
       4
      10
       9
      11
       6
       5
       4
      11
       6
       7
       9
      14
      12
      14
       4
       8
       7
       4
       9
       6
       4
       6
       1
      11
       6
       5
      10
       6
       4
       6
      11
       9
       9
       6
       5
      12
       7
       5
       9
       9
       8
      11
       5
       7
       4
       6
       5
      10
       8
       8
      10
       5
       3
       4
       5
       9
       8
      12
       9
       8
       4
      10
       8
       8
      11
      12
      10
       6
      14
       4
       5
       6
       5
       7
       8
       8
       6
       9
       7
      15
       5
       8
       7
       4
       5
       7
       7
       4
      10
       9
      11
       9
       9
       8
       8
       9
       9
       6
      10
       3
       8
      14
       7
       9
       9
       7
      10
       6
       9
      10
       8
       9
       8
      10
       5
       7
       8
       7
       8
       7
       9
       6
      11
       5
       2
       6
      11
      11
       8
       5
      10
      11
       7
       5
       6
       7
       7
       7
       9
       9
       5
       7
       9
      10
       5
       6
       7
       6
       7
       7
       9
       7
       9
       8
       8
      11
       3
       7
       5
       5
       7
       5
       4
       4
       5
       8
       9
       5
       8
       6
       7
       7
       6
      11
      10
       6
       7
       9
       8
       8
       6
       9
       9
      10
       5
       3
       5
      12
       3
      10
       8
       4
       7
       8
      12
      10
       7
       5
      13
       8
      11
      10
      10
       8
       5
      12
      13
      21
      29
      25
      36
      41
      40
      53
      45
      50
      44
      35
      42
      25
      14
      11
      10
       9
       9
      14
       7
       6
       5
       9
       6
       8
       8
       6
       8
      10
       7
       5
      11
       4
       4
       6
       6
       7
       6
       8
       9
       6
       7
       9
       5
       9
       9
       3
       7
       7
       6
       7
      11
       5
       7
       1
       4
       5
      10
       8
       3
       5
       8
       5
       5
       4
       7
       5
       4
      10
       9
       6
       3
       5
       7
       5
       4
       6
       6
       5
       6
      12
      10
       6
       5
       3
       3
       9
       8
      11
      10
       5
       3
       9
       5
       4
       8
       3
       7
       5
      10
       6
       2
       4
       8
       9
       8
       2
       7
      10
       4
       7
       9
       8
       8
      12
       5
       5
       8
       7
       4
       7
       7
       6
      12
       6
       6
       7
      10
       7
       5
       7
       7
       3
       5
      10
       8
      13
       7
       3
       5
       9
      13
      10
       9
       7
       6
       5
       7
       9
       3
       6
       6
       8
       7
      10
      14
      12
      11
       2
       9
       4
      13
       7
       5
       7
       8
       4
      10
      13
       5
       6
      10
      11
       9
       9
      10
      13
       6
       3
      10
      11
       8
       8
      10
       8
       4
      13
      10
       3
      11
       4
       6
       5
      12
      10
       8
       4
       7
       8
       5
       9
       6
       6
       7
       9
       6
       6
       5
      11
       7
       5
       7
       8
      11
       4
       3
       6
       6
      10
       3
      14
      13
       5
       8
       6
       2
       8
       7
      13
       7
       4
       8
       5
       3
       6
       6
       9
      14
       5
       4
       5
       4
       3
       7
      12
       7
      12
       6
      13
       8
       6
       9
       7
       8
      11
      10
      10
      13
       3
       3
      15
      10
       6
       4
       8
      10
       8
       6
       5
       8
       9
       9
       6
       6
       6
      11
      10
       7
       7
      13
      12
      13
      10
      11
       5
       3
      10
       5
       7
       6
       7
       6
      13
       7
       3
       4
       7
       6
       9
       8
      11
       6
       5
       6
       3
       9
       7
       7
       6
       9
       6
       7
       9
       7
       3
       8
       5
       9
       3
      12
       7
       6
       6
       4
       5
      10
       9
      11
       9
       8
       7
      11
       4
       5
       6
       7
       2
       8
       6
       8
       4
       4
       9
       7
       4
      11
      11
       5
       5
      10
       9
       8
       9
       4
       6
       4
       8
       7
       5
       8
       5
       6
       7
      11
       4
      11
       7
       7
       3
       5
       7
      15
      19
       9
       4
       7
       4
       9
       9
       8
       4
       9
       7
       5
      10
       5
       3
       9
       6
       8
      12
       5
       7
       7
      10
       7
       8
       6
       7
       8
      10
       8
       9
      13
       7
       7
       7
      15
       3
       4
       5
      11
      10
       7
      10
      12
       8
      10
       9
       6
       2
       6
       7
       2
       8
      10
       6
      10
      13
       5
       5
       9
      10
       6
      11
       8
      10
       6
      11
      13
       5
      12
       8
       8
       7
      11
       7
       7
       9
       5
      10
      11
      13
      11
      14
       7
       9
       7
       9
       9
      11
      10
      12
       5
      11
       9
       9
       8
       8
       7
       9
       6
      10
       8
       5
      12
      14
      14
      12
       6
       5
      10
       6
      11
      15
      11
      11
      10
      10
       7
       9
      11
       7
      12
       8
       8
       6
      12
       5
       9
       5
      11
       6
       6
       7
      12
       8
       5
       6
       7
       8
       4
       7
       8
       1
       8
       6
       4
       4
       6
      10
       7
       7
       4
       3
       5
       6
       5
      10
       8
       9
       8
       6
       5
       1
       4
       8
       7
       5
       5
       7
      11
       4
       7
       6
       5
       1
       2
       4
      12
       9
       3
       5
       5
       4
       6
      11
       4
      12
      10
      10
       6
       7
       9
       3
       6
       3
       9
       6
       6
       5
       7
       8
       5
       4
       8
       6
       6
       3
       6
       4
       4
       6
       7
       6
       4
      12
       4
       8
       7
       4
       8
       8
       7
       7
       4
       7
       6
       4
       2
       5
       2
       4
       8
       1
       6
       5
       6
       8
       6
       8
       5
       5
       6
       7
       5
       4
      12
       6
       5
       9
       8
       3
       7
      11
       4
       4
       4
       9
       4
       2
       4
       6
       5
       5
       6
       5
       9
       6
       3
       5
       5
       2
       6
       6
       5
      12
       4
       3
       4
       6
      10
       5
       5
       9
       5
       7
       2
       2
       8
       3
       3
       3
       8
       5
       7
       3
       3
       3
       5
       9
       7
       3
       4
       5
       7
       6
       6
       6
       4
       3
       5
       3
       5
       4
       3
       4
       4
       5
       2
       3
       2
       6
       3
       7
       6
       5
       9
       7
       6
       5
       4
       5
       8
       5
       5
       5
       4
       6
       4
       3
       2
       4
       4
       2
       6
       6
       6
       2
       7
       4
       2
       3
       4
       3
       9
       6
       1
       3
       8
       2
       2
       7
       5
       7
       5
       6
       6
       6
       4
       7
       5
       4
       3
       8
       3
       1
       3
       6
       7
       2
       4
       5
       8
       7
       6
       3
       4
       1
       4
       5
       1
       3
       5
       4
       6
       2
       4
       4
       4
       7
       3
       7
       2
       4
       5
       3
       4
       1
       5
       2
       5
       3
       3
       8
       3
       6
       3
       3
       1
       3
       3
       6
       1
       4
       4
       1
       3
       6
       2
       3
       3
       4
       2
       3
       3
       1
       1
       2
       3
       3
       3
       3
       4
       6
       3
       0
       0
       3
       5
       5
       1
       2
       2
       2
       1
       5
       2
       6
       4
       4
       3
       4
       5
       4
       3
       4
       0
       2
       2
       3
       2
       0
       2
       1
       2
       2
       3
       3
       3
       3
       5
       2
       5
       2
       0
       2
       6
       4
       2
       2
       5
       6
       1
       3
       2
       2
       1
       1
       0
       2
       1
       0
       2
       5
       2
       4
       5
       0
       2
       3
       3
       3
       1
       1
       2
       1
       4
       1
       3
       1
       2
       4
       1
       2
       1
       3
       3
       2
       3
       1
       0
       5
       2
       3
       1
       7
       1
       6
       4
       4
       4
       3
       0
       2
       1
       2
       3
       3
       4
       4
       0
       4
       4
       8
       3
       2
       2
       1
       6
       2
       2
       5
       1
       0
       3
       2
       5
       1
       3
       5
       3
       3
       1
       4
       5
       1
       2
       3
       1
       1
       1
       3
       3
       2
       7
       2
       3
       3
       3
       1
       0
       0
       2
       2
       4
       0
       2
       1
       1
       1
       5
       2
       4
       3
       2
       1
       5
       2
       2
       0
       1
       2
       5
       2
       0
       3
       0
       3
       2
       4
       5
       1
       3
       2
       2
       5
       2
       0
       5
       1
       3
       6
       3
       3
       3
       2
       0
       2
       1
       4
       2
       3
       3
       4
       2
       2
       1
       3
       1
       4
       2
       3
       3
       2
       1
       0
       2
       1
       1
       2
       0
       6
       4
       0
       3
       0
       3
       3
       2
       1
       1
       1
       1
       3
       3
       3
       6
       6
       4
       4
       3
       3
       2
       4
       3
       3
       2
       2
       6
       3
       2
       1
       5
       2
       3
       1
       4
       2
       5
       4
       2
       1
       2
       2
       1
       1
       3
       3
       3
       5
       9
      10
      14
      21
      27
      33
      34
      54
      97
      94
     120
     158
     173
     192
     191
     176
     161
     128
      86
      61
      31
      21
      11
       6
       7
       5
       2
       1
       1
       2
       2
       1
       1
       3
       1
       2
       0
       3
       3
       3
       4
       1
       0
       4
       3
       1
       1
       1
       2
       4
       2
       2
       3
       2
       4
       4
       4
       2
       2
       3
       0
       1
       1
       2
       3
       0
       1
       2
       0
       0
       3
       4
       3
       1
       2
       2
       2
       0
       2
       2
       1
       3
       0
       1
       1
       2
       3
       1
       0
       1
       5
       3
       3
       0
       2
       1
       2
       2
       1
       0
       2
       2
       2
       0
       2
       4
       2
       1
       1
       0
       2
       2
       1
       0
       1
       3
       1
       4
       0
       2
       1
       1
       5
       1
       1
       0
       1
       2
       3
       2
       3
       3
       0
       1
       4
       1
       1
       3
       4
       3
       3
       3
       5
       1
       4
       6
       1
       7
       3
       3
      10
       4
      10
      16
      15
      22
      15
      26
      16
      16
      10
       9
       7
       1
       3
       2
       2
       4
       1
       2
       2
       2
       1
       5
       1
       2
       2
       2
       3
       3
       3
       2
       4
       1
       3
       5
       2
       1
       1
       1
       0
       1
       3
       3
       0
       1
       2
       2
       0
       6
       0
       0
       2
       2
       1
       4
       2
       2
       1
       1
       2
       3
       1
       2
       1
       2
       1
       1
       1
       3
       4
       0
       1
       2
       0
       0
       2
       0
       2
       2
       1
       0
       1
       0
       3
       1
       2
       2
       4
       2
       3
       3
       4
       3
       3
       1
       2
       2
       3
       1
       5
       1
       1
       2
       3
       0
       2
       2
       2
       3
       1
       2
       0
       3
       2
       1
       0
       3
       0
       1
       3
       2
       3
       3
       1
       1
       1
       0
       3
       6
       1
       4
       2
       3
       3
       3
       1
       1
       2
       1
       0
       2
       2
       0
       1
       3
       2
       1
       1
       2
       2
       2
       0
       0
       3
       2
       1
       2
       1
       1
       1
       1
       4
       2
       2
       2
       4
       0
       1
       1
       3
       3
       1
       0
       2
       1
       1
       3
       3
       3
       2
       4
       1
       3
       2
       3
       0
       0
       2
       1
       1
       0
       1
       3
       2
       2
       3
       1
       4
       0
       1
       1
       1
       1
       2
       1
       1
       3
       0
       3
       0
       1
       0
       3
       1
       4
       3
       4
       1
       1
       6
       1
       0
       0
       1
       2
       4
       2
       2
       0
       2
       0
       3
       1
       4
       0
       1
       2
       1
       2
       0
       1
       2
       2
       1
       1
       1
       0
       0
       1
       6
       0
       2
       3
       2
       4
       1
       1
       0
       1
       2
       2
       2
       1
       0
       1
       1
       1
       3
       1
       1
       2
       4
       1
       3
       2
       2
       2
       1
       1
       2
       2
       2
       5
       1
       3
       0
       1
       2
       1
       2
       0
       2
       1
       0
       2
       2
       0
       2
       1
       2
       2
       0
       1
       0
       5
       1
       2
       3
       1
       2
       2
       0
       1
       1
       3
       4
       1
       0
       2
       0
       1
       2
       3
       2
       3
       2
       4
       2
       1
       2
       0
       2
       2
       1
       5
       3
       2
       0
       0
       2
       2
       0
       0
       5
       3
       2
       2
       2
       1
       0
       2
       0
       0
       0
       2
       2
       6
       4
       0
       1
       1
       0
       3
       0
       4
       0
       3
       1
       1
       1
       1
       3
       1
       2
       3
       0
       0
       1
       1
       1
       2
       2
       0
       0
       3
       1
       0
       0
       1
       0
       6
       0
       2
       1
       0
       1
       2
       1
       1
       2
       2
       2
       1
       3
       2
       2
       2
       2
       1
       1
       3
       0
       1
       1
       1
       2
       0
       1
       0
       1
       2
       0
       0
       0
       0
       3
       0
       2
       0
       3
       1
       0
       1
       0
       1
       3
       3
       1
       2
       2
       2
       3
       0
       1
       4
       3
       5
       0
       1
       1
       0
       0
       1
       2
       1
       3
       2
       0
       1
       0
       2
       3
       0
       1
       2
       0
       0
       3
       1
       2
       3
       3
       1
       0
       3
       1
       1
       3
       1
       2
       2
       0
       1
       2
       2
       0
       4
       2
       0
       3
       0
       1
       1
       2
       0
       4
       2
       2
       1
       3
       0
       4
       1
       3
       0
       0
       1
       3
       1
       1
       1
       4
       1
       2
       0
       1
       2
       2
       0
       4
       3
       1
       0
       1
       5
       1
       2
       2
       1
       1
       1
       1
       2
       2
       3
       0
       0
       5
       0
       5
       2
       2
       0
       4
       2
       2
       2
       1
       1
       2
       0
       1
       1
       0
       4
       2
       1
       2
       0
       2
       1
       1
       1
       2
       1
       0
       0
       0
       1
       3
       0
       0
       3
       0
       0
       4
       1
       2
       0
       3
       2
       4
       0
       1
       1
       0
       3
       2
       1
       0
       1
       3
       1
       2
       3
       1
       1
       0
       0
       1
       2
       1
       0
       1
       6
       1
       1
       0
       2
       3
       0
       0
       0
       1
       0
       0
       1
       1
       1
       1
       1
       3
       2
       0
       2
       0
       1
       6
       1
       3
       1
       0
       0
       0
       1
       1
       2
       1
       2
       1
       1
       5
       1
       0
       4
       0
       1
       1
       4
       2
       3
       1
       2
       2
       4
       1
       1
       3
       0
       0
       2
       0
       2
       1
       2
       3
       1
       1
       0
       3
       1
       1
       0
       1
       1
       2
       2
       2
       1
       1
       1
       2
       1
       0
       2
       0
       0
       1
       1
       3
       0
       1
       4
       2
       2
       0
       1
       3
       2
       1
       0
       1
       2
       1
       1
       0
       1
       1
       1
       0
       0
       1
       2
       0
       4
       3
       0
       3
       1
       2
       1
       2
       0
       1
       2
       0
       1
       3
       1
       0
       0
       0
       2
       2
       0
       1
       0
       1
       2
       2
       4
       0
       2
       5
       2
       1
       0
       1
       2
       0
       2
       2
       0
       2
       0
       2
       2
       0
       0
       0
       1
       0
       0
       2
       1
       0
       1
       1
       2
       3
       0
       1
       2
       0
       0
       2
       1
       1
       2
       5
       0
       2
       2
       1
       0
       5
       5
       0
       2
       1
       1
       0
       2
       3
       1
       1
       1
       2
       1
       1
       1
       3
       0
       1
       0
       1
       0
       0
       0
       0
       2
       1
       1
       1
       2
       3
       2
       2
       0
       0
       0
       3
       2
       1
       2
       5
       3
       1
       1
       5
       3
       4
       6
       6
       4
      12
      12
       6
       2
      11
       6
       3
       5
       5
       1
       4
       4
       0
       1
       1
       1
       2
       1
       2
       1
       3
       4
       3
       1
       1
       1
       1
       1
       1
       3
       1
       0
       2
       1
       1
       0
       0
       0
       1
       0
       0
       2
       0
       4
       1
       1
       1
       1
       0
       0
       2
       2
       0
       1
       1
       2
       1
       2
       1
       2
       0
       3
       1
       1
       0
       2
       2
       0
       1
       1
       0
       1
       1
       0
       0
       2
       2
       4
       2
       0
       1
       0
       0
       1
       1
       2
       0
       1
       3
       0
       2
       0
       1
       3
       1
       2
       3
       3
       0
       1
       2
       2
       2
       3
       0
       2
       1
       1
       2
       1
       2
       0
       4
       1
       1
       1
       2
       3
       2
       2
       1
       0
       2
       1
       0
       0
       1
       2
       3
       1
       2
       0
       1
       0
       0
       3
       1
       1
       2
       0
       1
       2
       1
       0
       1
       0
       0
       1
       0
       2
       2
       2
       0
       2
       1
       0
       0
       2
       1
       2
       0
       1
       0
       0
       1
       1
       2
       0
       1
       0
       2
       0
       1
       0
       0
       0
       1
       2
       0
       3
       3
       0
       1
       3
       3
       0
       1
       1
       2
       1
       0
       2
       0
       2
       2
       0
       0
       1
       2
       1
       4
       2
       0
       1
       2
       2
       3
       1
       2
       0
       0
       1
       0
       1
       1
       1
       4
       0
       1
       1
       0
       1
       3
       2
       3
       1
       0
       0
       1
       4
       2
       2
       2
       0
       0
       1
       0
       2
       0
       0
       2
       0
       0
       7
       0
       5
       0
       0
       2
       2
       0
       1
       2
       2
       1
       2
       4
       4
       0
       3
       1
       0
       2
       5
       0
       2
       1
       3
       1
       0
       2
       1
       3
       2
       2
       0
       2
       1
       3
       1
       0
       2
       1
       0
       1
       1
       4
       2
       1
       1
       2
       1
       3
       1
       1
       1
       2
       1
       0
       0
       2
       0
       2
       2
       1
       1
       2
       0
       0
       0
       0
       2
       3
       2
       2
       1
       0
       1
       0
       0
       1
       0
       1
       3
       0
       2
       1
       1
       0
       1
       0
       0
       0
       0
       0
       2
       1
       1
       0
       2
       2
       0
       2
       0
       0
       1
       1
       1
       0
       2
       1
       0
       1
       1
       0
       1
       2
       0
       2
       1
       0
       1
       1
       1
       1
       0
       0
       0
       0
       1
       1
       3
       1
       1
       0
       3
       0
       2
       2
       3
       0
       2
       1
       1
       0
       2
       0
       3
       2
       1
       2
       0
       0
       2
       2
       1
       1
       1
       2
       1
       0
       1
       1
       1
       2
       3
       0
       2
       0
       1
       0
       3
       2
       1
       1
       1
       1
       0
       3
       0
       1
       0
       1
       0
       0
       1
       1
       2
       1
       3
       3
       1
       0
       3
       1
       1
       1
       1
       1
       3
       0
       0
       2
       1
       1
       0
       2
       1
       3
       0
       0
       1
       2
       0
       0
       1
       3
       4
       0
       0
       3
       0
       0
       0
       2
       0
       1
       1
       1
       1
       1
       2
       1
       1
       2
       1
       0
       1
       0
       3
       2
       0
       0
       2
       1
       3
       2
       2
       2
       0
       2
       1
       0
       2
       0
       0
       0
       0
       1
       1
       0
       0
       1
       4
       1
       0
       1
       4
       0
       1
       0
       3
       0
       3
       1
       1
       0
       0
       1
       0
       0
       2
       0
       1
       1
       1
       0
       2
       1
       1
       0
       0
       1
       1
       2
       1
       2
       1
       0
       0
       3
       0
       1
       2
       0
       4
       0
       0
       3
       0
       0
       0
       2
       1
       2
       1
       1
       2
       2
       0
       0
       1
       1
       1
       1
       0
       0
       5
       0
       1
       2
       2
       2
       1
       2
       0
       1
       0
       1
       1
       2
       0
       1
       1
       2
       2
       1
       1
       2
       3
       1
       0
       0
       1
       0
       1
       3
       3
       0
       0
       0
       0
       1
       2
       0
       0
       0
       0
       1
       0
       0
       1
       2
       0
       0
       1
       2
       2
       3
       0
       2
       3
       0
       3
       0
       1
       3
       4
       0
       1
       2
       2
       3
       0
       1
       1
       0
       1
       0
       1
       3
       1
       0
       1
       0
       1
       1
       1
       1
       1
       0
       2
       2
       0
       0
       2
       0
       1
       0
       0
       0
       1
       1
       1
       0
       0
       0
       2
       0
       3
       0
       0
       0
       2
       0
       3
       0
       2
       1
       0
       0
       2
       1
       0
       1
       0
       1
       0
       0
       0
       0
       2
       0
       1
       3
       2
       1
       2
       1
       2
       2
       4
       2
       0
       0
       0
       0
       2
       1
       0
       0
       0
       1
       0
       1
       2
       2
       2
       0
       0
       1
       1
       0
       1
       2
       2
       1
       0
       2
       0
       1
       0
       1
       1
       1
       2
       0
       1
       0
       0
       0
       3
       1
       0
       1
       0
       0
       2
       2
       1
       2
       2
       0
       0
       1
       1
       1
       0
       0
       2
       1
       1
       3
       1
       2
       0
       0
       0
       0
       0
       0
       2
       1
       0
       0
       2
       0
       2
       0
       1
       1
       0
       1
       0
       0
       1
       2
       1
       1
       1
       1
       0
       2
       1
       2
       2
       1
       0
       3
       0
       2
       1
       1
       1
       1
       1
       0
       1
       0
       2
       2
       0
       3
       3
       0
       1
       1
       1
       1
       0
       2
       2
       0
       0
       1
       0
       0
       1
       2
       0
       0
       1
       1
       0
       2
       2
       2
       0
       1
       0
       1
       1
       4
       0
       2
       1
       0
       1
       1
       1
       2
       1
       1
       1
       0
       0
       2
       1
       0
       2
       0
       1
       1
       1
       1
       2
       0
       0
       2
       0
       1
       2
       0
       0
       1
       3
       1
       0
       2
       2
       0
       3
       0
       2
       0
       2
       0
       2
       1
       1
       2
       0
       1
       1
       3
       1
       1
       3
       0
       1
       0
       0
       2
       0
       1
       3
       1
       1
       2
       0
       1
       2
       1
       2
       2
       2
       0
       1
       2
       1
       1
       1
       0
       1
       0
       0
       1
       2
       3
       4
       0
       1
       0
       0
       1
       1
       1
       2
       0
       2
       2
       0
       3
       2
       2
       1
       3
       0
       0
       0
       2
       3
       1
       2
       2
       0
       0
       0
       2
       1
       5
       0
       0
       2
       1
       1
       1
       2
       1
       2
       3
       0
       1
       0
       1
       1
       3
       2
       0
       0
       1
       2
       2
       1
       1
       0
       0
       3
       0
       2
       3
       1
       2
       2
       0
       1
       1
       1
       1
       2
       4
       2
       1
       1
       1
       1
       0
       3
       0
       0
       1
       1
       0
       1
       0
       2
       0
       1
       0
       1
       0
       1
       3
       1
       0
       1
       1
       0
       2
       1
       0
       1
       0
       0
       0
       3
       0
       3
       0
       0
       1
       1
       1
       2
       0
       2
       0
       1
       1
       1
       0
       2
       2
       1
       0
       0
       2
       1
       0
       0
       1
       1
       0
       1
       0
       3
       0
       2
       1
       1
       2
       2
       0
       1
       1
       2
       0
       1
       0
       1
       3
       1
       2
       0
       2
       1
       1
       3
       0
       4
       0
       1
       0
       2
       0
       0
       0
       1
       0
       1
       2
       0
       3
       1
       1
       0
       2
       3
       0
       0
       0
       4
       0
       2
       1
       1
       2
       1
       0
       0
       0
       1
       1
       1
       0
       1
       0
       1
       1
       2
       1
       1
       1
       0
       0
       2
       0
       1
       1
       1
       2
       1
       2
       0
       0
       1
       1
       0
       0
       1
       0
       0
       0
       0
       0
       1
       0
       0
       1
       1
       1
       2
       2
       1
       0
       1
       0
       0
       1
       0
       0
       2
       0
       0
       0
       1
       2
       1
       1
       0
       0
       1
       0
       0
       1
       0
       2
       1
       0
       1
       1
       0
       0
       1
       3
       3
       0
       1
       0
       1
       0
       0
       2
       1
       0
       0
       1
       1
       1
       1
       2
       2
       1
       3
       0
       1
       1
       1
       1
       1
       0
       1
       0
       1
       1
       3
       2
       2
       1
       0
       0
       1
       1
       0
       1
       0
       1
       1
       1
       0
       1
       0
       1
       3
       2
       2
       3
       1
       1
       0
       0
       1
       0
       1
       0
       0
       0
       0
       0
       0
       0
       0
       0
       0
       0
       0
       0
       0
       0
       0
       0
       0
       0
       0
       0
       0
       0
       0
       0
       0
       0
       0
       0
       0
       0
       0
       0
       0
       0
       0
       0
       0
       0
       0
       0
       0
       0
       0
       0
       0
       0
       0
       0
       0
       0
       0
       0
       0
       0
       0
       0
       0
       0
       0
       0
       0
       0
       0
       0
       0
       0
       0
       0
       0
       0
       0
       0
       0
       0
       0
       0
       0
       0
       0
       0
       0
       0
       0
       0
       0
       0
       0
       0
       0
       0
       0
       0
       0
       0
       0
       0
       0
       0
       0
       0
       0
       0
       0
       0
       0
       0
       0
       0
       0
       0
       0
       0
       0
       0
       0
       0
       0
       0
       0
       0
       0
       0
       0
       0
       0
       0
       0
       0
$ROI:
1
3632 3701
$PRESETS:
None
0
0
$ENER_FIT:
0.061538 0.383912
$MCA_CAL:
3
6.153812E-002 3.839118E-001 -1.308350E-008 keV
$SHAPE_CAL:
3
2.658138E+000 1.161020E-003 5.669507E-008
