$SPEC_ID:
Cs137
$SPEC_REM:
DET# 2
DETDESC# DETECTOR 2
AP# Maestro Version 7.01
$DATE_MEA:
03/01/2017 17:41:55
$MEAS_TIM:
66039 66095
$DATA:
0 8191
       0
       0
       0
       0
       0
       0
       0
       0
       0
       0
       0
       0
       0
       0
       0
       0
       0
       0
       0
       0
       0
       0
       0
       0
       0
       0
       0
       0
       0
       0
       0
       0
       0
       0
       0
       0
       0
       0
       0
       0
       0
       0
       0
       0
       0
       0
       0
       0
       0
       0
       0
       0
       0
       0
       0
       0
       0
       0
       0
       0
       0
       0
       0
       0
       0
       0
       0
       0
       0
       0
       0
       0
       0
       0
       0
       0
       0
       0
       0
       0
       0
       0
       0
       0
       0
       0
       0
       0
       0
       0
       0
       0
       0
       1
       0
       1
      87
    1055
    1578
    1576
    1603
    1614
    1654
    1669
    1583
    1626
    1688
    1622
    1603
    1675
    1645
    1677
    1666
    1631
    1645
    1673
    1684
    1814
    1732
    1862
    1825
    1748
    1683
    1684
    1765
    1741
    1721
    1934
    1711
    1698
    1740
    1804
    1780
    1781
    1856
    1795
    1872
    1914
    1884
    1872
    1878
    1800
    1879
    1885
    1873
    1891
    1972
    1950
    1988
    1996
    2110
    2027
    2064
    2153
    2188
    2161
    2101
    2218
    2145
    2199
    2174
    2303
    2712
    2760
    2423
    2202
    2220
    2232
    2258
    2304
    2229
    2336
    2309
    2279
    2266
    2310
    2384
    2286
    2419
    2340
    2383
    2416
    2466
    2517
    2602
    3357
    6064
    9042
    7354
    4109
    3168
    5580
   11908
   14152
    8373
    3335
    2198
    2035
    2042
    2020
    2073
    1988
    1965
    1958
    2008
    1992
    2007
    2071
    2127
    2056
    2000
    2083
    2051
    2072
    2147
    2452
    3421
    5277
    6605
    5627
    3556
    2382
    2254
    2454
    3291
    3443
    2867
    2166
    1982
    1896
    1899
    1980
    2017
    2053
    1978
    1934
    2101
    2371
    2632
    2568
    2175
    2059
    1945
    1985
    2021
    1965
    1945
    1939
    1999
    2040
    2000
    1940
    2045
    2019
    2051
    2015
    1994
    2065
    2003
    2033
    2077
    2016
    2011
    2063
    2059
    2121
    2071
    2090
    2217
    2108
    2265
    2109
    2089
    2102
    2129
    2123
    2094
    2102
    2135
    2168
    2154
    2163
    2103
    2206
    2081
    2159
    2197
    2178
    2139
    2123
    2162
    2147
    2168
    2174
    2238
    2176
    2194
    2179
    2259
    2183
    2154
    2233
    2131
    2160
    2257
    2219
    2176
    2208
    2341
    2240
    2253
    2279
    2238
    2258
    2270
    2322
    2319
    2344
    2203
    2196
    2286
    2222
    2334
    2261
    2279
    2285
    2256
    2315
    2278
    2277
    2303
    2327
    2268
    2303
    2261
    2348
    2300
    2301
    2311
    2292
    2233
    2341
    2209
    2290
    2342
    2311
    2210
    2233
    2324
    2284
    2365
    2222
    2279
    2295
    2321
    2265
    2241
    2398
    2263
    2376
    2443
    2346
    2255
    2275
    2283
    2239
    2298
    2252
    2266
    2382
    2359
    2270
    2247
    2219
    2289
    2204
    2330
    2324
    2341
    2306
    2291
    2301
    2276
    2316
    2310
    2357
    2394
    2306
    2284
    2288
    2328
    2394
    2346
    2291
    2294
    2320
    2336
    2403
    2359
    2313
    2408
    2392
    2328
    2349
    2227
    2362
    2378
    2312
    2312
    2464
    2399
    2349
    2374
    2351
    2419
    2285
    2407
    2408
    2350
    2437
    2461
    2432
    2347
    2368
    2460
    2446
    2347
    2428
    2375
    2423
    2371
    2392
    2410
    2434
    2432
    2393
    2480
    2553
    2593
    2544
    2597
    2595
    2724
    2659
    2619
    2670
    2680
    2658
    2683
    2680
    2726
    2758
    2695
    2704
    2758
    2713
    2676
    2694
    2599
    2716
    2730
    2766
    2670
    2702
    2692
    2605
    2592
    2637
    2729
    2654
    2662
    2679
    2604
    2584
    2678
    2691
    2690
    2769
    2870
    2858
    2696
    2675
    2495
    2621
    2519
    2526
    2575
    2525
    2556
    2579
    2498
    2586
    2654
    2492
    2575
    2603
    2548
    2579
    2558
    2599
    2642
    2605
    2622
    2609
    2630
    2541
    2603
    2722
    2539
    2562
    2632
    2655
    2679
    2630
    2627
    2660
    2654
    2688
    2669
    2736
    2839
    2742
    2728
    2729
    2683
    2806
    2803
    2730
    2829
    2737
    2813
    2774
    2715
    2702
    2685
    2623
    2758
    2630
    2755
    2635
    2623
    2645
    2608
    2654
    2622
    2633
    2693
    2607
    2761
    2588
    2605
    2705
    2520
    2566
    2630
    2569
    2592
    2565
    2570
    2633
    2580
    2529
    2600
    2590
    2619
    2611
    2541
    2568
    2569
    2491
    2600
    2570
    2552
    2558
    2583
    2544
    2499
    2586
    2516
    2548
    2618
    2537
    2677
    2555
    2568
    2536
    2586
    2604
    2603
    2567
    2554
    2597
    2505
    2577
    2552
    2573
    2677
    2564
    2615
    2659
    2611
    2629
    2617
    2607
    2628
    2750
    2919
    3064
    2842
    2765
    2647
    2611
    2627
    2551
    2657
    2541
    2552
    2609
    2507
    2534
    2517
    2614
    2519
    2535
    2532
    2527
    2503
    2392
    2416
    2403
    2364
    2355
    2480
    2392
    2324
    2423
    2260
    2403
    2335
    2294
    2278
    2213
    2182
    2151
    2297
    2253
    2207
    2275
    2190
    2127
    2223
    2088
    2082
    2134
    2089
    2131
    2079
    2066
    2013
    2058
    1966
    1970
    2019
    1954
    1990
    1974
    1950
    1884
    1858
    1945
    1837
    1899
    1911
    1926
    1883
    1778
    1853
    1854
    1760
    1834
    1824
    1747
    1769
    1766
    1738
    1754
    1765
    1803
    1797
    1723
    1736
    1750
    1693
    1716
    1673
    1685
    1710
    1682
    1702
    1672
    1711
    1642
    1692
    1635
    1695
    1701
    1683
    1649
    1717
    1681
    1683
    1666
    1690
    1636
    1671
    1626
    1676
    1674
    1598
    1630
    1653
    1654
    1622
    1606
    1612
    1618
    1697
    1571
    1634
    1590
    1539
    1657
    1526
    1574
    1489
    1552
    1610
    1597
    1554
    1560
    1670
    1577
    1527
    1536
    1611
    1571
    1515
    1573
    1559
    1544
    1643
    1556
    1564
    1609
    1633
    1569
    1587
    1578
    1560
    1666
    1575
    1572
    1601
    1530
    1532
    1600
    1509
    1566
    1537
    1574
    1622
    1493
    1520
    1563
    1549
    1563
    1590
    1538
    1624
    1542
    1551
    1625
    1532
    1605
    1521
    1487
    1553
    1574
    1600
    1514
    1594
    1571
    1520
    1538
    1533
    1605
    1610
    1518
    1548
    1505
    1499
    1598
    1538
    1481
    1585
    1539
    1540
    1540
    1511
    1506
    1462
    1546
    1519
    1558
    1561
    1577
    1545
    1493
    1481
    1473
    1548
    1552
    1538
    1541
    1535
    1523
    1604
    1558
    1480
    1487
    1522
    1495
    1536
    1482
    1489
    1500
    1504
    1536
    1519
    1525
    1592
    1476
    1592
    1456
    1455
    1591
    1429
    1578
    1630
    1563
    1505
    1525
    1461
    1560
    1472
    1514
    1500
    1529
    1490
    1514
    1522
    1497
    1504
    1457
    1516
    1504
    1400
    1414
    1538
    1442
    1446
    1439
    1471
    1363
    1374
    1347
    1327
    1258
    1324
    1281
    1228
    1233
    1232
    1186
    1212
    1136
    1211
    1210
    1114
    1123
    1160
    1180
    1173
    1083
    1065
    1112
    1096
    1104
    1074
    1049
    1030
    1019
    1052
    1043
    1085
    1107
    1082
    1045
    1083
    1032
     988
    1025
    1021
    1045
    1018
     941
     982
     977
     981
     976
     992
     929
    1038
     952
     950
    1024
     938
     928
     963
    1030
     963
     987
     956
     957
     926
     984
     928
     942
     956
     936
     923
     975
     890
     924
     917
     886
     947
     921
     873
     903
     876
     856
     875
     900
     894
     902
     877
     882
     876
     876
     914
     782
     851
     834
     899
     835
     849
     915
     887
     867
     857
     871
     831
     839
     770
     872
     858
     771
     869
     885
     807
     792
     842
     817
     836
     774
     857
     806
     773
     781
     789
     761
     756
     837
     830
     775
     905
    1204
    2340
    4437
    6968
    7222
    5150
    2607
    1166
     867
     808
     740
     841
    1038
    1441
    1842
    1910
    1511
    1077
     835
     740
     748
     758
     727
     693
     707
     688
     702
     682
     707
     699
     757
     738
     675
     705
     718
     737
     722
     702
     749
     762
     647
     727
     683
     706
     704
     640
     670
     639
     717
     714
     729
     720
     662
     689
     635
     722
     636
     654
     628
     664
     678
     696
     673
     663
     652
     657
     648
     678
     676
     651
     620
     605
     675
     601
     649
     641
     669
     650
     624
     646
     630
     631
     634
     636
     678
     665
     591
     669
     622
     622
     624
     635
     651
     623
     655
     686
     606
     604
     675
     626
     642
     624
     658
     610
     663
     634
     592
     618
     650
     589
     658
     644
     630
     603
     634
     677
     619
     571
     601
     588
     648
     589
     571
     621
     625
     594
     593
     605
     562
     618
     618
     637
     608
     578
     627
     644
     637
     637
     606
     634
     648
     574
     635
     584
     637
     579
     599
     560
     637
     604
     575
     595
     587
     606
     568
     629
     600
     612
     590
     598
     551
     618
     561
     592
     602
     597
     615
     594
     615
     559
     621
     592
     581
     567
     536
     619
     562
     609
     569
     608
     573
     585
     580
     601
     584
     561
     586
     594
     606
     589
     536
     610
     655
     581
     601
     606
     563
     570
     592
     568
     559
     579
     540
     596
     624
     558
     608
     585
     598
     575
     578
     605
     598
     569
     574
     608
     543
     600
     551
     608
     556
     583
     596
     567
     567
     597
     601
     604
     586
     582
     694
     972
    1141
    1310
    1206
     921
     732
     581
     640
     561
     565
     607
     577
     527
     600
     653
     669
     754
    1255
    2204
    4154
    5713
    6031
    4224
    2288
    1098
     687
     625
     612
     537
     601
     584
     587
     567
     589
     581
     589
     574
     609
     580
     603
     509
     572
     573
     555
     610
     585
     583
     588
     568
     560
     577
     580
     572
     569
     605
     608
     573
     646
     614
     591
     620
     616
     598
     607
     614
     609
     645
     586
     550
     565
     576
     599
     624
     586
     658
     698
     775
     889
    1130
    1587
    2354
    3780
    6162
   10140
   15373
   21972
   28320
   33939
   35610
   33272
   27438
   20728
   14126
    8988
    5521
    3257
    1979
    1229
     970
     768
     659
     623
     546
     535
     505
     549
     514
     512
     531
     561
     510
     516
     533
     534
     580
     484
     510
     503
     571
     532
     564
     522
     577
     524
     534
     564
     538
     532
     495
     487
     514
     516
     545
     495
     520
     556
     539
     506
     528
     476
     526
     519
     529
     562
     507
     524
     529
     524
     526
     513
     466
     543
     516
     520
     510
     553
     504
     534
     516
     559
     523
     528
     496
     537
     521
     554
     525
     493
     527
     548
     508
     550
     522
     555
     541
     528
     527
     514
     578
     543
     569
     544
     497
     503
     572
     523
     550
     541
     566
     592
     558
     548
     563
     505
     533
     575
     527
     554
     593
     547
     521
     556
     536
     521
     545
     561
     599
     574
     537
     508
     534
     585
     498
     536
     559
     506
     554
     535
     530
     527
     559
     552
     544
     549
     572
     579
     541
     520
     570
     517
     521
     567
     595
     582
     525
     573
     573
     520
     545
     508
     579
     574
     578
     544
     534
     562
     553
     499
     567
     519
     542
     536
     563
     522
     534
     496
     531
     532
     537
     523
     550
     551
     540
     531
     514
     522
     500
     547
     556
     482
     521
     523
     521
     535
     553
     543
     502
     548
     528
     540
     496
     480
     509
     541
     527
     556
     533
     544
     557
     504
     566
     473
     545
     545
     530
     498
     559
     597
     507
     557
     492
     543
     552
     525
     553
     584
     564
     514
     587
     547
     542
     539
     527
     536
     577
     564
     488
     530
     559
     542
     573
     541
     573
     511
     544
     589
     563
     541
     553
     577
     539
     568
     566
     544
     571
     547
     577
     569
     553
     592
     564
     578
     560
     584
     526
     559
     541
     557
     534
     571
     537
     556
     555
     544
     541
     592
     595
     532
     520
     546
     563
     578
     571
     532
     612
     554
     540
     559
     548
     593
     571
     588
     587
     600
     573
     594
     579
     576
     578
     535
     557
     586
     538
     576
     573
     587
     574
     585
     565
     637
     639
     569
     551
     578
     587
     544
     590
     587
     612
     616
     564
     588
     589
     596
     619
     591
     655
     617
     601
     587
     574
     577
     566
     622
     647
     608
     627
     624
     610
     615
     617
     631
     630
     592
     594
     593
     591
     636
     635
     660
     650
     609
     612
     581
     636
     615
     589
     600
     624
     613
     613
     613
     612
     651
     621
     626
     655
     591
     650
     631
     668
     648
     681
     631
     623
     640
     657
     642
     648
     683
     656
     621
     603
     653
     660
     668
     692
     653
     704
     651
     671
     646
     714
     681
     668
     647
     685
     699
     659
     706
     739
     699
     651
     649
     629
     706
     695
     665
     699
     703
     668
     709
     677
     672
     702
     710
     663
     692
     721
     682
     711
     695
     714
     712
     669
     689
     702
     721
     687
     702
     717
     709
     702
     727
     675
     744
     729
     734
     767
     736
     724
     728
     716
     721
     758
     718
     735
     726
     796
     738
     751
     762
     763
     756
     757
     754
     756
     812
     764
     782
     777
     772
     763
     747
     764
     777
     748
     767
     798
     793
     765
     757
     782
     759
     820
     752
     752
     748
     793
     741
     807
     761
     829
     829
     783
     802
     788
     781
     820
     817
     838
     736
     808
     775
     773
     750
     739
     796
     803
     729
     757
     769
     789
     781
     791
     784
     743
     777
     764
     724
     756
     701
     737
     718
     655
     753
     748
     716
     716
     653
     707
     625
     615
     662
     614
     606
     621
     610
     585
     563
     602
     590
     597
     596
     585
     561
     550
     542
     531
     526
     557
     559
     561
     567
     514
     491
     538
     515
     541
     514
     550
     523
     586
     742
     893
    1246
    1551
    1741
    1584
    1180
     812
     642
     544
     490
     500
     495
     503
     476
     551
     492
     486
     484
     473
     466
     519
     473
     428
     509
     484
     482
     440
     457
     450
     451
     401
     390
     416
     406
     408
     384
     411
     397
     366
     396
     422
     467
     429
     410
     399
     435
     365
     420
     361
     380
     343
     356
     400
     378
     369
     379
     394
     371
     382
     368
     356
     343
     378
     359
     377
     353
     393
     358
     363
     340
     382
     321
     333
     311
     363
     344
     334
     327
     334
     333
     370
     376
     440
     561
     891
    1308
    1637
    1792
    1541
    1018
     629
     458
     314
     327
     307
     302
     330
     326
     305
     310
     298
     325
     283
     324
     412
     602
    1121
    1941
    3110
    4600
    5344
    4901
    3445
    1896
     879
     481
     334
     298
     261
     246
     264
     282
     255
     270
     267
     267
     262
     276
     255
     247
     263
     245
     282
     256
     265
     256
     254
     289
     247
     242
     267
     254
     247
     245
     225
     235
     219
     232
     224
     246
     231
     201
     230
     228
     210
     230
     225
     186
     214
     231
     197
     216
     203
     211
     219
     189
     206
     196
     193
     227
     202
     216
     194
     189
     208
     192
     212
     179
     175
     192
     182
     153
     168
     183
     153
     186
     186
     159
     158
     179
     175
     176
     165
     136
     179
     139
     146
     147
     138
     148
     144
     162
     150
     157
     163
     168
     171
     161
     152
     133
     146
     143
     139
     146
     130
     131
     126
     126
     126
     132
     137
     127
     113
     127
     108
     147
     136
     125
     124
     144
     137
     124
     145
     134
     134
     126
     129
     123
     110
     103
     128
     126
     112
      97
      93
     116
     102
     105
      99
     102
     104
     101
      87
      95
     102
      87
     100
     102
      88
     105
     103
      93
      97
      99
     124
      84
     113
      90
      87
      87
      88
      92
     112
      80
      81
      79
     105
      77
      81
      97
      92
      71
      93
      81
     102
      72
      71
      91
      92
      87
      95
      72
     107
      91
      72
      94
      79
      82
      90
      93
     103
      76
      85
      81
      83
      75
      81
      79
      82
      83
      92
      91
      74
      89
      72
      90
      91
     100
      88
     107
      81
      82
      86
      74
      74
      73
      81
      69
      82
      92
      78
      87
      71
      56
      68
      76
      71
      72
      87
      75
      71
      72
      82
      61
      76
      75
      63
      77
      56
      75
      78
      63
      68
      67
      85
      70
      65
      73
      74
      73
      71
      74
      79
      72
      94
      73
      67
      72
      58
      60
      80
      76
      74
      72
      67
      83
      90
      62
      69
      74
      75
      86
      91
      62
      72
      71
      70
      77
      68
      66
      73
      58
      99
      79
      54
      71
      80
      73
      75
      67
      70
      70
      70
      79
      73
      85
      89
      78
      83
      91
      96
      75
      83
      57
      59
      65
      63
      69
      65
      69
      63
      68
      74
      70
      71
      76
      66
      89
      53
      69
      73
      85
      84
      64
      67
      57
      86
      77
      63
      79
      81
      74
      77
      87
     117
     172
     283
     436
     693
    1039
    1281
    1222
     994
     692
     383
     204
     128
      80
      77
      71
      82
      78
      72
      94
     100
      67
      80
     105
      99
     130
     212
     394
     886
    1974
    4264
    8168
   14784
   23660
   32144
   36710
   33078
   23576
   13522
    6054
    2234
     740
     295
     230
     227
     221
     167
     130
     106
      52
      55
      31
      37
      23
      34
      38
      33
      28
      39
      24
      39
      34
      42
      34
      35
      30
      40
      45
      40
      42
      33
      28
      38
      41
      37
      41
      36
      44
      40
      37
      40
      42
      48
      37
      41
      42
      52
      52
      44
      50
      60
      68
     125
     233
     444
     947
    1929
    3560
    5987
    8402
   10322
   10197
    8175
    5109
    2700
    1084
     341
     102
      42
      45
      28
      22
      33
      27
      31
      24
      23
      38
      17
      17
      23
      26
      33
      23
      23
      26
      22
      26
      21
      26
      20
      23
      29
      25
      23
      34
      18
      28
      40
      41
      44
      51
      40
      51
      38
      32
      17
      26
      34
      38
      18
      29
      31
      28
      22
      20
      19
      18
      20
      31
      22
      13
      24
      22
      13
      18
      25
      26
      29
      22
      22
      24
      29
      17
      25
      21
      37
      29
      24
      17
      35
      22
      29
      23
      16
      24
      22
      27
      34
      24
      34
      27
      30
      21
      30
      18
      23
      25
      22
      20
      29
      25
      19
      39
      29
      24
      18
      20
      27
      24
      17
      23
      26
      22
      22
      24
      23
      23
      20
      24
      33
      20
      27
      21
      15
      26
      23
      27
      21
      17
      22
      21
      23
      27
      21
      31
      17
      32
      27
      31
      32
      19
      19
      13
      22
      22
      31
      20
      26
      22
      21
      15
      20
      34
      23
      28
      20
      23
      29
      20
      23
      22
      22
      30
      18
      28
      25
      25
      24
      35
      30
      41
      32
      31
      29
      32
      30
      27
      20
      27
      25
      20
      28
      21
      34
      22
      15
      24
      23
      18
      19
      22
      22
      19
      13
      22
      26
      24
      18
      23
      27
      20
      20
      21
      21
      27
      18
      22
      24
      26
      19
      18
      25
      22
      21
      17
      16
      17
      27
      21
      28
      30
      16
      33
      23
      22
      21
      22
      27
      25
      30
      23
      26
      27
      14
      25
      18
      22
      20
      25
      22
      25
      23
      29
      20
      23
      18
      13
      23
      20
      20
      24
      25
      14
      34
      17
      27
      25
      18
      30
      25
      17
      25
      27
      17
      15
      21
      31
      18
      28
      27
      32
      19
      29
      27
      20
      19
      28
      21
      20
      22
      17
      18
      16
      16
      22
      23
      20
      17
      21
      21
      15
      26
      26
      22
      20
      26
      36
      28
      26
      25
      21
      24
      30
      23
      25
      23
      26
      16
      30
      25
      18
      20
      24
      21
      26
      20
      23
      21
      26
      35
      17
      17
      21
      28
      18
      24
      22
      27
      18
      17
      23
      16
      19
      22
      22
      17
      14
      20
      14
      25
      20
      21
      18
      23
      20
      24
      21
      20
      17
      17
      31
      19
      12
      21
      26
      21
      18
      21
      20
      26
      25
      20
      15
      17
      16
      24
      14
      20
      21
      16
      23
      18
      13
      21
      18
      22
      16
      19
      24
      27
      24
      33
      20
      18
      13
      15
      29
      18
      19
      26
      21
      15
      15
      25
      26
      22
      24
      24
      13
      16
      23
      22
      16
      17
      19
      19
      23
      17
      14
      24
      19
      19
      26
      23
      24
      19
      17
      20
      19
      16
      10
      17
      20
      19
      26
      31
      21
      28
      17
      21
      28
      22
      21
      15
      27
      17
      24
      12
      14
      22
      21
      17
      14
      22
      13
      17
      18
      20
      23
      24
      21
      21
      25
      22
      28
      20
      19
      16
      14
      19
      19
      12
      23
      13
      20
      23
      28
      25
      10
      18
      15
      24
      21
      13
      18
      22
      30
      26
      16
      20
      25
      11
      27
      17
      16
      16
      18
      18
      14
      13
      14
      22
      14
      24
      15
      18
      16
      19
      27
      14
      16
      12
      22
      21
      20
      22
      24
      23
      30
      22
      22
      19
      29
      20
      19
      17
      22
      24
      18
      20
      20
      21
      13
      29
      15
      17
      20
      26
      20
      21
      11
      26
      14
      18
      26
      14
      22
      12
      19
      21
      17
      18
      23
      20
      17
      19
      21
      22
      20
      16
      21
      16
      24
      12
      18
      17
      21
      19
      18
      19
      17
      19
      16
      23
      20
      24
      16
      23
      24
      21
      17
      13
      19
      15
      17
      16
      20
      10
      21
      17
      17
      16
      13
      27
      17
      20
      21
      20
      16
      12
      22
      21
      19
      21
      17
      19
      17
      19
       8
      23
      15
      22
      19
      10
      14
      10
      13
      19
      18
      12
      11
      19
      20
      22
      17
      16
      18
      31
      16
      19
      22
      16
      18
      20
      15
      19
      14
      15
      16
      15
      18
      29
       9
      21
      16
      18
      15
      26
      19
      16
      19
      12
      16
      14
      22
      16
      30
      21
      16
      25
      14
      15
      21
      17
      15
      21
      17
      20
      28
      19
      23
       9
      19
      14
      21
      11
      26
      10
      21
      12
      20
      13
      17
      15
      17
      22
      16
      21
       7
      16
      21
      11
      15
      14
      20
      20
      23
      20
      25
      22
      35
      44
      35
      58
      67
      77
      62
      54
      48
      35
      16
      23
      16
      14
      13
      20
      20
      31
      12
      26
      21
      24
      17
      19
      16
      18
      21
      16
      18
      15
      22
      12
      23
      18
      15
      20
      26
      22
      16
      10
      16
      22
      19
      31
      17
      19
      16
      20
      20
      13
      15
      31
      15
      17
      14
      19
      16
      14
      23
      17
      21
      14
      16
      21
      13
      24
      18
      24
      15
      25
      17
      20
      19
      14
      16
      14
      18
      15
      17
      19
      12
      21
      22
      20
      16
      13
      18
      19
      12
      22
      30
      20
      17
      25
      18
      13
      22
      20
      18
      14
      14
      14
      18
      13
      23
      10
      14
      20
      14
      23
      14
      18
      17
      15
      14
      14
      18
      20
      23
      27
      24
      24
      19
      19
      16
      12
      18
      23
      21
      14
      13
      13
      21
      12
      18
      26
      16
      21
      22
      16
      25
      19
      22
      18
      24
      13
      19
      19
      14
      16
      17
      15
      16
      18
      17
      17
      15
      14
      16
      18
      17
      15
      24
      17
      20
      23
      11
      23
      15
      18
      20
      18
      21
      16
      13
      19
      13
      27
      28
      38
      50
      56
      60
      68
     114
     117
     102
     104
      55
      36
      24
      20
      18
      18
      11
      16
      21
      20
      14
      24
      15
      11
      27
      18
      23
      14
      15
      16
      15
      12
      13
      14
      17
      15
      16
      18
      19
      17
      13
      11
      17
      18
      14
      22
      22
      17
      20
      17
      11
      18
      16
      16
      20
      19
      14
      12
      14
      15
      20
      25
      23
      23
      22
      24
      20
      19
      15
      20
      25
      14
       9
      14
      28
      22
      20
      31
      23
      20
      16
      12
      18
      13
      19
      19
      21
       9
      19
      16
      12
      12
      13
      10
      12
      14
      11
      14
      18
      12
       9
      20
      21
      13
      21
      19
      18
      11
      25
      15
      20
      13
      17
      14
      17
      16
      13
      25
      15
      15
      12
      15
      17
      14
      19
      13
      28
      16
      20
      23
      22
      25
      26
      31
      28
      34
      36
      31
      31
      27
      21
      21
      17
      18
      19
      24
      14
      16
      17
      10
      22
      25
      15
      13
      25
      23
      25
      28
      12
      23
      18
      17
      14
      17
      11
      22
      22
      18
      15
      20
      20
      13
      19
      21
      17
      15
      18
      13
      17
      11
      15
      12
      14
      17
      19
      19
      19
      21
      17
      21
      13
      14
      12
      17
      14
      10
      14
      15
      14
      11
      20
      19
      25
      12
      13
      15
      12
      15
      11
      19
      14
      14
      20
      14
      12
      21
      12
      15
      15
      15
      20
      16
      22
      16
      13
      14
      13
      14
      14
      13
      16
      15
      20
      20
      22
      14
      25
      25
      14
      18
      12
      18
      16
      15
      18
      17
      19
      27
      17
      16
      15
      12
      19
      26
       6
      19
      15
      15
      18
      16
      14
      16
      15
      10
      20
      22
      12
      20
      15
      10
      20
      11
      19
      17
      22
      12
      15
      13
      24
      13
      20
      12
      13
      14
      20
      14
      22
      15
      10
      14
      14
      12
      20
      22
      15
      23
      16
       9
      16
      15
      10
      13
      20
      10
      16
      13
      18
      17
       8
      13
      23
      12
      20
      14
      17
      15
      21
      20
      20
      11
      22
      17
      19
      19
      22
      14
      15
      15
      24
      15
      19
      16
      19
      14
      13
      16
      17
      16
      13
      11
      13
      20
      19
      13
      19
      15
      17
      18
      17
      16
      24
      11
      17
      16
      22
      14
       8
      13
      16
      17
      30
      18
      15
      18
      16
      15
      10
      13
      14
      18
      17
      14
      15
      18
      14
      24
      11
      14
      15
      14
      19
      11
      19
      14
      17
      21
      17
      13
      13
      16
      20
      21
      16
      16
      21
      15
      14
      17
      19
      15
      14
      23
      19
      21
      17
      15
      19
      19
      15
      22
      24
      19
      22
      23
      14
      21
      20
      16
      26
      19
      25
      22
      14
      17
      19
      14
      21
      21
      10
      20
      20
      12
      19
      25
      22
      14
      15
      25
      25
      16
      23
      13
      22
      17
      27
      13
      15
      18
      27
      15
      20
      22
      14
      17
      17
      13
      13
      24
      18
      15
      24
      14
      18
      16
      15
      16
      20
      23
      11
      30
      21
      16
      19
      20
      11
      20
      14
      16
      18
      21
      15
      21
      24
      24
      25
      52
      44
      38
      35
      20
      35
      20
      16
      18
      22
      27
      12
      24
      15
      18
      16
      21
      20
      15
      18
      18
      16
      19
      11
      17
      14
      20
      16
      14
      11
      24
      19
      17
      11
      20
      13
      16
      11
      25
      20
      22
      20
      18
      16
      19
      17
      15
      10
      19
      16
      22
      21
      14
      16
      15
      20
      17
      26
      15
      18
      18
      21
      18
      19
      18
      19
      15
      20
      24
      17
      12
      26
      21
      15
      16
      22
      20
      11
      16
      23
      21
      19
      11
      18
      14
      16
      22
      17
      15
      18
      10
      20
      19
      17
      12
      19
      17
      19
      18
      15
      15
      14
      11
      23
      14
      13
       9
      17
      14
      20
      18
      21
      17
      23
      16
      15
      13
      23
      11
      13
      23
      13
       9
      13
      12
      22
      13
      23
      32
      22
      20
      21
      17
      20
      14
      18
      23
      12
      18
      15
      14
      16
      14
      17
      15
      18
      10
      17
      15
      23
      21
      20
      24
      15
      14
      14
      13
      12
      17
      15
      13
      14
      16
      18
      15
      24
      19
      22
      19
       8
      12
      16
      14
      12
      18
      16
      18
      22
      20
      30
      25
      16
      14
      17
      19
      11
      13
      18
      12
      18
      12
      16
      15
      18
      10
       9
      17
      15
      15
      18
      15
      11
      19
      16
      23
      17
      10
      17
      14
      25
      16
      25
      23
      15
      17
      19
      16
      17
      11
      15
      20
      19
      16
      11
      16
      23
      21
      11
      12
      19
      22
      20
      17
      18
      19
      15
      18
      16
      16
      21
      24
      20
       9
      10
      22
      20
      21
      16
      29
      17
      12
      22
      13
      21
      13
      14
      17
      16
      15
      12
      14
      15
      17
      15
       9
      20
      18
      16
      10
       9
      17
      11
      10
      10
      16
      15
      21
      24
      14
      24
      20
      20
      24
      15
      24
      21
      25
      19
      21
      11
      14
      20
      21
      13
      16
      23
      14
       8
      14
      20
      16
      19
      18
      19
      22
      26
      22
      19
      13
      11
      17
      17
      21
      12
      11
      21
      20
      16
      17
      19
      21
      20
      16
      18
      13
      23
      18
      19
      19
      12
      22
      17
      20
      15
      20
      27
      19
      23
      30
      18
      15
      15
      20
      23
      19
      15
      18
      15
      17
      16
      16
      18
      16
      17
      17
      27
      16
      21
      14
      13
      18
      13
      17
      17
      15
      19
      18
      18
      14
      18
      20
      26
      16
      13
      19
      16
      15
      20
      20
      14
      15
      16
      17
      10
      20
      15
      15
      12
      15
      11
      19
      12
      15
      15
       9
      14
      19
      13
      18
      16
      13
      12
      14
      11
      14
       8
       9
      16
      16
      18
      17
      18
      20
      23
      24
      32
      26
      10
      19
      15
      14
      11
      10
       5
      13
      10
       6
      15
      13
      17
       8
      19
       4
       6
       9
      16
      15
      10
      11
      13
      12
      10
       9
      10
      14
      10
      18
      13
      11
      14
      15
      11
       8
      10
      11
       7
       9
      11
      11
      11
       5
       8
      17
       7
       7
      12
      11
      10
       5
      11
      18
      11
      13
      14
      11
      20
       9
       6
      11
      13
      11
      10
      11
       5
      10
      10
      10
      14
      14
      12
      10
      11
      11
      14
      11
      10
      10
      14
      10
      10
      11
      14
      20
      12
      13
      22
      17
      19
      24
      23
      42
      17
      12
      11
      10
      11
       9
      14
      10
      14
       9
      11
       7
      10
      18
       6
      10
       6
       9
      11
       8
      13
       6
      10
      12
       9
       8
      10
       8
      11
      12
       6
       6
      12
       9
      12
       6
      11
      10
       9
      11
      11
      12
      10
      18
       6
       6
      12
       9
      18
      16
      15
      12
      10
      12
       8
       7
       8
      12
       6
      16
       7
      14
      11
       5
      10
       8
      11
      10
      11
      10
       7
       4
      14
      14
       8
       9
      14
       9
       5
       6
       9
       4
      10
      11
       9
      11
       6
       7
       8
       9
       5
       9
      13
       7
       6
       6
       7
      11
       7
       6
      11
       8
       9
       6
       4
      10
      10
      10
       9
      11
       4
       5
       2
      11
      11
       6
      13
      11
       5
       7
       5
       7
       8
       2
       7
       8
      14
       8
       8
      14
      10
      16
      22
      20
      37
      32
      59
      80
      88
     107
     122
     106
      74
      64
      59
      49
      29
      21
      15
       7
       8
       7
       5
       7
      15
       6
       2
       7
       5
       4
       6
       5
       6
       7
       3
       8
       6
      10
       8
       9
      10
       4
       6
       5
       6
       8
       8
       4
       4
      12
       4
       9
       6
       4
       8
       7
       4
       7
       9
       8
       9
       8
       5
       7
       4
       8
       7
       3
       5
       5
       5
       5
       4
       5
       5
       6
       5
       7
       4
       6
       5
       7
       6
      11
       4
      10
       6
      16
      17
      22
      22
      26
      18
      21
      19
       7
      15
       5
      11
      10
       3
       3
       2
       5
       3
       6
      10
       3
       1
       8
       7
       4
       8
       7
       3
       5
       7
       5
       3
       3
       8
       8
       4
       1
       7
       4
       3
       4
       7
       4
       5
       4
       4
       4
       7
       4
       3
       7
       7
       7
       6
       6
       9
       9
       4
       6
       6
       7
       5
       7
       4
       4
       9
       4
       7
       7
       2
       3
       8
       6
      11
       6
       3
       4
       3
       4
       2
       4
       4
       7
       5
       6
       3
       3
       5
       7
       6
       5
       6
       3
       5
       7
       6
       5
       4
       3
       5
       7
       6
       7
       2
       2
       4
       1
       7
       7
       7
       1
       5
       3
       4
       7
       3
       3
       5
       7
       3
       2
      11
       6
       1
       8
       1
       6
       3
       4
       2
       4
       4
       5
       3
       3
       8
       3
       6
       4
       4
       6
       4
       5
       5
       7
       5
       3
       8
       3
       5
       6
       6
       7
       3
       8
       3
       4
       5
       4
       2
       5
       2
       8
       4
       4
       5
       8
       5
       1
       8
       2
       8
       5
       4
       2
       4
       9
       2
       2
       2
       2
       5
       4
       2
       3
       5
       4
       7
       4
       7
       6
       5
       9
       4
       5
       0
       4
       5
       3
       4
       5
       5
       6
       5
       6
       5
       1
       8
       5
       5
       5
       6
       6
       4
       7
       6
       4
       3
       2
       5
       6
       5
       7
      11
       6
      10
       7
      17
      16
      24
      43
      69
     103
     111
     164
     246
     293
     376
     446
     440
     450
     395
     306
     221
     138
      96
      49
      18
      14
      13
       3
       5
       5
       8
       6
       1
       5
       5
       3
       5
       6
      11
      11
      21
      13
      29
      25
      41
      32
      38
      41
      29
      20
      22
      10
       6
       8
       3
       4
       6
       1
       3
       1
       4
       2
       2
       4
       4
       2
       2
       3
       3
       5
       5
       2
       3
       3
       1
       2
       1
       5
       1
       3
       4
       5
       6
       6
       2
       3
       4
       4
       3
       4
       3
       0
       2
       3
       3
       2
       4
       7
       3
       6
       4
       6
       6
       0
       5
       4
       7
       2
       2
       4
       2
       5
       5
       6
       2
       1
       3
       4
       5
       2
       1
       5
       6
       5
       6
       5
       4
       2
       2
       1
       8
       3
       3
       2
       3
       1
       3
       1
       4
       3
       4
       5
       6
       4
       1
       2
       1
       2
       0
       5
       1
       2
       1
       5
       6
       1
       1
       4
       7
       6
       5
       4
       2
       1
       4
       3
       2
       1
       3
       1
       1
       4
       3
       2
       4
       4
       1
       3
       5
       6
       2
       5
       3
       2
       5
       2
       5
       6
       1
       3
       5
       4
       0
       6
       5
       2
       3
       3
       3
       4
       4
       3
       7
       5
       2
       5
       6
       2
       9
       5
       2
       4
       3
       3
       0
       2
       3
       1
       5
       5
       5
       5
       4
       3
       4
       1
       6
       2
       4
       8
       1
       1
       4
       2
       7
       2
       5
       4
       5
       5
       2
       1
       2
       3
       3
       1
       3
       4
       4
       6
       1
       2
       1
       6
       3
       6
       7
       7
       3
       5
       2
       3
       3
       1
       2
       4
       3
       6
       5
       4
       3
       4
       3
       4
       4
       7
       7
       2
       1
       2
       3
       4
       2
       1
       4
       4
       6
       8
       1
       5
       5
       1
       2
       4
       4
       2
       4
       2
       3
       4
       6
       3
       6
       3
       3
       3
       1
       1
       2
       1
       4
       1
       2
       4
       3
       1
       3
       1
       5
       1
       4
       3
       2
       1
       5
       2
       2
       4
       3
       3
       4
       1
       6
       2
       3
       2
       4
       2
       2
       3
       6
       4
       6
       1
       6
       4
       2
       2
       2
       1
       3
       0
       3
       2
       4
       2
       3
       2
       0
       6
       2
       0
       6
       1
       5
       2
       1
       1
       3
       3
       5
       0
       3
       2
       4
       2
       2
       0
       3
       3
       1
       2
       1
       6
       3
       4
       2
       5
       4
       4
       5
       5
       5
       3
       4
       2
       2
       5
       1
       6
       3
       5
       3
       1
       1
       2
       3
       4
       4
       2
       2
       3
       2
       2
       4
       4
       3
       4
       1
       4
       2
       5
       1
       2
       4
       3
       3
       2
       1
       0
       2
       5
       3
       3
       2
       4
       2
       3
       6
       3
       2
       3
       3
       3
       3
       7
       2
       3
       2
       2
       3
       2
       3
       3
       8
       2
       2
       1
       4
       4
       3
       1
       2
       1
       4
       2
       1
       4
       1
       2
       3
       1
       6
       3
       1
       4
       3
       3
       4
       3
       3
       1
       4
       5
       3
       1
       7
       1
       4
       1
       1
       3
       3
       0
       2
       1
       0
       6
       1
       3
       6
       4
       1
       2
       3
       4
       4
       1
       6
       2
       2
       2
       2
       3
       3
       3
       4
       2
       5
       2
       3
       2
       1
       3
       2
       1
       4
       3
       3
       2
       2
       2
       3
       2
       1
       0
       2
       3
       2
       0
       5
       4
       4
       1
       3
       5
       3
       3
       4
       5
       2
       4
       5
       3
       2
       4
       5
       4
       1
       2
       4
       2
       1
       4
       0
       4
       4
       2
       2
       1
       2
       4
       1
       2
       3
       2
       3
       3
       3
       2
       4
       3
       2
       4
       2
       3
       3
       2
       4
       1
       1
       4
       1
       1
       2
       3
       4
       2
       3
       1
       2
       2
       2
       7
       3
       1
       3
       3
       3
       2
       2
       2
       1
       3
       4
       3
       0
       2
       2
       3
       2
       6
       2
       2
       3
       5
       2
       1
       1
       2
       4
       2
       6
       6
       2
       1
       2
       3
       3
       4
       1
       2
       5
       1
       6
       0
       2
       2
       4
       1
       2
       5
       8
       4
       4
       4
       3
       2
       7
       2
       1
       1
       3
       4
       0
       1
       2
       1
       2
       1
       3
       4
       4
       3
       3
       3
       1
       6
       1
       0
       3
       4
       3
       1
       2
       0
       2
       3
       6
       1
       4
       0
       3
       3
       5
       3
       5
       3
       2
       4
       4
       3
       1
       2
       4
       1
       6
       4
       5
       4
       3
       2
       3
       2
       2
       3
       2
       3
       2
       0
       4
       2
       2
       4
       3
       1
       5
       3
       3
       1
       2
       2
       5
       2
       5
       1
       4
       2
       2
       2
       0
       5
       5
       1
       6
       4
       3
       0
       4
       3
       1
       3
       1
       4
       3
       2
       1
       4
       3
       1
       8
       4
       2
       1
       2
       2
       1
       1
       1
       2
       3
       7
       3
       0
       2
       1
       4
       5
       4
       3
       2
       5
       4
       3
       2
       0
       1
       2
       2
       3
       0
       7
       3
       4
       3
       1
       1
       3
       3
       0
       2
       3
       4
       2
       5
       3
       2
       2
       3
       3
       3
       0
       2
       2
       0
       3
       3
       0
       1
       5
       1
       3
       0
       2
       3
       2
       3
       4
       0
       0
       0
       2
       4
       0
       4
       2
       3
       3
       1
       2
       3
       2
       1
       3
       3
       1
       1
       0
       6
       0
       1
       0
       1
       2
       2
       5
       2
       2
       2
       2
       1
       6
       3
       0
       6
       2
       3
       4
       4
       1
       2
       3
       1
       2
       2
       3
       2
       3
       3
       0
       4
       5
       3
       0
       2
       4
       0
       1
       4
       4
       6
       2
       4
       3
       2
       1
       1
       2
       1
       3
       1
       0
       3
       2
       2
       4
       3
       3
       6
       2
       4
       1
       4
       4
       4
       1
       3
       2
       1
       1
       4
       2
       2
       3
       2
       2
       3
       3
       1
       5
       3
       4
       2
       2
       2
       2
       2
       1
       0
       5
       4
       0
       3
       1
       2
       1
       3
       0
       4
       2
       1
       2
       3
       2
       0
       3
       1
       2
       4
       3
       2
       5
       2
       1
       7
       3
       3
       4
       4
       6
       2
       3
       0
       1
       1
       4
       0
       3
       0
       2
       2
       2
       0
       4
       2
       1
       0
       2
       1
       1
       2
       1
       1
       1
       2
       3
       2
       3
       4
       5
       2
       1
       3
       6
       2
       4
       5
       4
       2
       2
       2
       3
       2
       5
       7
       1
       5
       3
       4
       0
       1
       2
       3
       1
       5
       3
       3
       4
       2
       1
       2
       4
       2
       2
       2
       2
       4
       1
       2
       2
       1
       1
       1
       4
       1
       3
       1
       2
       0
       3
       4
       3
       3
       2
       3
       3
       0
       4
       1
       2
       2
       1
       1
       1
       0
       4
       1
       0
       2
       0
       7
       2
       3
       1
       1
       3
       3
       1
       1
       1
       2
       1
       0
       2
       2
       2
       2
       1
       2
       2
       4
       1
       1
       0
       1
       2
       3
       3
       0
       0
       2
       3
       2
       1
       5
       5
       1
       3
       2
       4
       2
       1
       2
       3
       2
       4
       1
       0
       2
       1
       1
       3
       5
       2
       4
       3
       3
       5
       1
       1
       6
       4
       4
       3
       5
       1
       3
       4
       1
       3
       2
       4
       2
       1
       1
       1
       1
       3
       1
       3
       4
       3
       2
       0
       2
       0
       3
       0
       2
       2
       2
       7
       3
       4
       2
       0
       3
       3
       1
       0
       2
       0
       3
       1
       0
       3
       3
       2
       5
       1
       4
       6
       5
       1
       3
       1
       3
       0
       5
       6
       2
       3
       0
       4
       1
       0
       4
       4
       1
       1
       1
       3
       4
       3
       2
       2
       5
       1
       3
       2
       0
       3
       2
       1
       2
       0
       3
       1
       1
       0
       4
       1
       1
       4
       3
       6
       1
       2
       3
       1
       2
       1
       4
       3
       1
       2
       3
       3
       2
       4
       2
       2
       5
       4
       4
       3
       0
       3
       3
       1
       3
       1
       5
       2
       4
       5
       1
       4
       5
       1
       0
       0
       0
       3
       1
       2
       2
       2
       3
       4
       2
       2
       1
       4
       3
       0
       3
       2
       3
       3
       4
       4
       4
       1
       4
       2
       0
       5
       1
       2
       4
       6
       3
       2
       4
       4
       3
       2
       1
       2
       2
       0
       0
       5
       2
       3
       1
       2
       3
       3
       0
       2
       6
       2
       3
       3
       4
       4
       2
       2
       2
       3
       2
       1
       5
       2
       0
       4
       5
       3
       0
       3
       3
       1
       2
       1
       3
       3
       2
       3
       4
       2
       2
       1
       2
       2
       4
       2
       1
       1
       2
       0
       4
       3
       1
       2
       1
       0
       1
       3
       3
       3
       3
       0
       1
       5
       0
       2
       4
       2
       1
       3
       3
       2
       1
       3
       1
       1
       3
       2
       2
       2
       0
       1
       3
       3
       3
       0
       3
       1
       2
       3
       6
       6
       0
       3
       1
       0
       3
       0
       6
       4
       2
       1
       2
       2
       0
       3
       4
       1
       3
       0
       1
       2
       3
       3
       2
       0
       3
       3
       0
       1
       2
       2
       4
       1
       5
       3
       2
       0
       1
       1
       1
       2
       1
       1
       4
       0
       3
       1
       1
       2
       2
       1
       1
       1
       2
       0
       3
       1
       2
       7
       5
       0
       2
       3
       4
       2
       1
       5
       2
       0
       5
       2
       1
       1
       6
       1
       1
       1
       3
       3
       3
       2
       2
       3
       4
       1
       2
       3
       4
       1
       5
       4
       2
       4
       4
       1
       1
       2
       2
       2
       1
       3
       0
       1
       2
       1
       1
       2
       3
       2
       2
       1
       0
       4
       3
       0
       0
       1
       3
       2
       2
       1
       3
       2
       3
       1
       2
       2
       3
       3
       2
       4
       6
       0
       2
       3
       0
       5
       4
       0
       4
       1
       1
       5
       1
       5
       1
       3
       3
       2
       1
       2
       2
       0
       3
       2
       2
       2
       0
       0
       2
       2
       1
       6
       1
       1
       1
       1
       1
       3
       1
       2
       1
       2
       3
       3
       1
       2
       1
       1
       1
       2
       0
       3
       3
       4
       2
       0
       1
       2
       2
       2
       2
       1
       1
       0
       2
       2
       2
       3
       0
       2
       0
       2
       3
       3
       1
       1
       2
       2
       1
       2
       2
       2
       2
       3
       3
       1
       1
       2
       2
       3
       8
       1
       1
       3
       5
       1
       1
       1
       2
       0
       2
       3
       4
       3
       1
       0
       4
       2
       5
       1
       0
       0
       0
       0
       2
       2
       1
       3
       2
       2
       3
       1
       2
       2
       2
       2
       2
       3
       3
       1
       3
       1
       3
       2
       1
       1
       6
       3
       2
       2
       2
       0
       0
       1
       1
       3
       3
       1
       2
       1
       5
       0
       0
       2
       0
       3
       5
       5
       1
       3
       3
       0
       4
       4
       4
       1
       1
       3
       1
       2
       1
       1
       1
       4
       3
       0
       1
       2
       2
       2
       1
       0
       2
       2
       2
       2
       4
       3
       2
       6
       1
       1
       2
       3
       2
       3
       1
       2
       2
       3
       2
       1
       4
       2
       5
       2
       2
       1
       1
       4
       1
       4
       3
       4
       1
       2
       1
       0
       3
       3
       0
       1
       3
       3
       2
       1
       1
       1
       5
       2
       2
       1
       3
       1
       2
       0
       1
       3
       0
       0
       0
       4
       2
       2
       2
       0
       0
       3
       3
       1
       1
       0
       1
       3
       1
       3
       3
       1
       4
       2
       3
       3
       3
       0
       1
       2
       1
       1
       1
       2
       2
       3
       1
       1
       2
       2
       2
       2
       2
       2
       1
       0
       3
       2
       0
       3
       2
       1
       4
       0
       1
       1
       1
       1
       0
       0
       4
       2
       2
       2
       0
       3
       3
       2
       3
       2
       2
       2
       1
       0
       2
       1
       2
       1
       1
       3
       1
       1
       2
       4
       0
       1
       3
       3
       1
       1
       1
       4
       2
       1
       2
       1
       2
       4
       1
       2
       3
       3
       2
       2
       1
       2
       1
       1
       2
       4
       1
       1
       1
       1
       1
       1
       1
       2
       2
       2
       7
       3
       2
       3
       0
       0
       2
       2
       2
       4
       3
       0
       1
       2
       6
       1
       2
       1
       1
       1
       3
       3
       7
       2
       4
       2
       4
       0
       3
       2
       3
       2
       1
       1
       4
       3
       1
       1
       4
       2
       2
       3
       0
       1
       2
       2
       0
       0
       1
       1
       1
       1
       4
       1
       1
       2
       2
       3
       1
       4
       1
       2
       1
       0
       1
       3
       2
       1
       2
       3
       1
       4
       2
       2
       0
       1
       1
       3
       5
       1
       1
       1
       3
       1
       1
       2
       2
       2
       2
       3
       2
       2
       2
       2
       0
       1
       1
       0
       2
       4
       2
       0
       2
       1
       8
       0
       4
       2
       2
       0
       0
       3
       1
       0
       1
       1
       2
       2
       3
       0
       2
       1
       2
       3
       2
       2
       4
       4
       2
       3
       0
       3
       6
       3
       4
       4
       6
       8
      14
       6
       9
       6
       9
       9
       7
       3
       1
       3
       2
       4
       3
       1
       0
       1
       2
       3
       0
       3
       0
       2
       3
       0
       3
       2
       1
       3
       2
       2
       3
       3
       2
       2
       2
       3
       1
       2
       0
       3
       1
       1
       3
       3
       3
       2
       0
       3
       1
       1
       2
       0
       3
       0
       1
       2
       2
       2
       2
       0
       1
       2
       1
       2
       2
       6
       0
       2
       2
       2
       2
       0
       1
       3
       3
       0
       1
       0
       2
       1
       1
       2
       1
       1
       3
       2
       1
       2
       0
       1
       0
       1
       2
       1
       1
       3
       1
       2
       1
       0
       3
       1
       0
       2
       2
       0
       0
       1
       2
       2
       0
       1
       0
       3
       3
       1
       1
       1
       1
       1
       1
       2
       2
       1
       2
       1
       1
       1
       1
       1
       0
       0
       1
       0
       1
       1
       2
       3
       0
       0
       0
       2
       3
       1
       1
       4
       3
       2
       3
       2
       3
       0
       2
       3
       2
       3
       2
       0
       2
       4
       0
       2
       2
       1
       1
       2
       1
       2
       0
       1
       2
       1
       2
       1
       3
       2
       0
       1
       1
       3
       3
       1
       2
       4
       2
       0
       1
       1
       2
       1
       3
       4
       4
       2
       1
       2
       3
       1
       2
       3
       1
       2
       0
       2
       1
       2
       1
       0
       1
       0
       0
       1
       3
       2
       0
       2
       2
       4
       0
       1
       3
       1
       2
       1
       2
       0
       3
       1
       2
       0
       2
       5
       0
       2
       2
       3
       3
       2
       1
       2
       2
       3
       3
       0
       1
       2
       1
       2
       3
       0
       0
       1
       0
       0
       1
       2
       2
       0
       2
       3
       2
       3
       1
       2
       1
       3
       0
       1
       3
       2
       1
       0
       1
       1
       0
       1
       1
       2
       0
       1
       1
       2
       0
       1
       3
       2
       3
       0
       2
       0
       2
       1
       4
       2
       0
       0
       3
       3
       2
       1
       2
       2
       5
       1
       2
       2
       1
       7
       3
       2
       2
       6
       5
       6
       2
       4
       2
       1
       4
       5
       0
       1
       1
       2
       2
       0
       0
       4
       2
       0
       2
       1
       2
       0
       0
       0
       3
       0
       1
       3
       0
       0
       2
       1
       3
       1
       2
       2
       1
       1
       0
       0
       0
       1
       6
       0
       0
       1
       1
       1
       0
       2
       0
       2
       0
       2
       4
       1
       1
       4
       1
       1
       1
       3
       1
       0
       1
       1
       2
       0
       0
       2
       2
       1
       2
       0
       3
       0
       2
       3
       1
       2
       0
       1
       2
       2
       0
       0
       2
       1
       1
       1
       2
       3
       1
       3
       1
       3
       4
       2
       0
       2
       1
       0
       1
       2
       3
       1
       1
       2
       1
       1
       3
       3
       0
       3
       2
       1
       1
       0
       0
       2
       2
       2
       1
       0
       2
       1
       1
       3
       3
       1
       2
       3
       3
       0
       2
       2
       6
       1
       2
       1
       0
       0
       2
       1
       2
       3
       2
       1
       1
       1
       2
       1
       2
       3
       2
       2
       3
       1
       2
       1
       1
       3
       3
       1
       1
       3
       3
       1
       2
       1
       1
       1
       3
       2
       3
       2
       1
       4
       0
       3
       1
       0
       0
       2
       1
       1
       2
       1
       1
       1
       3
       0
       0
       2
       1
       0
       2
       0
       2
       1
       2
       0
       4
       1
       1
       2
       0
       2
       2
       2
       0
       0
       5
       0
       0
       0
       2
       1
       1
       1
       0
       2
       0
       1
       1
       1
       0
       2
       0
       3
       0
       0
       1
       3
       1
       0
       3
       0
       2
       1
       4
       0
       0
       1
       2
       2
       1
       1
       3
       2
       4
       4
       1
       1
       2
       2
       1
       1
       1
       5
       1
       2
       1
       2
       2
       0
       1
       1
       0
       1
       2
       2
       0
       1
       2
       1
       2
       2
       1
       1
       0
       3
       3
       3
       2
       1
       0
       0
       3
       2
       3
       3
       0
       0
       0
       1
       2
       2
       0
       1
       2
       0
       1
       1
       2
       0
       0
       0
       1
       0
       1
       1
       1
       1
       2
       1
       0
       1
       5
       2
       1
       1
       1
       1
       0
       2
       1
       0
       0
       1
       0
       1
       0
       2
       1
       1
       1
       0
       0
       2
       0
       4
       1
       2
       4
       1
       2
       0
       1
       1
       1
       2
       0
       1
       0
       0
       2
       3
       1
       1
       1
       1
       1
       0
       0
       1
       2
       3
       2
       2
       3
       1
       1
       1
       2
       4
       2
       0
       1
       2
       0
       1
       3
       2
       1
       1
       2
       3
       0
       0
       0
       0
       1
       2
       1
       1
       2
       1
       2
       1
       1
       1
       4
       1
       0
       2
       1
       3
       0
       3
       1
       1
       2
       4
       2
       1
       2
       1
       1
       0
       3
       1
       1
       3
       5
       0
       2
       1
       2
       0
       1
       1
       0
       0
       3
       0
       1
       1
       1
       0
       1
       2
       3
       3
       1
       1
       2
       2
       1
       1
       3
       2
       3
       4
       3
       1
       1
       1
       1
       1
       2
       3
       1
       2
       1
       2
       1
       1
       1
       1
       2
       1
       1
       3
       0
       1
       2
       1
       2
       3
       0
       1
       4
       1
       1
       1
       3
       1
       0
       2
       0
       1
       2
       2
       4
       3
       3
       2
       2
       0
       3
       0
       2
       5
       1
       0
       1
       1
       3
       1
       2
       1
       1
       2
       2
       1
       0
       1
       2
       1
       1
       1
       2
       1
       0
       1
       2
       0
       1
       1
       2
       1
       1
       0
       2
       1
       0
       2
       3
       1
       0
       3
       4
       2
       3
       2
       2
       2
       0
       0
       3
       1
       3
       1
       2
       1
       1
       2
       0
       1
       0
       1
       0
       1
       1
       2
       3
       2
       2
       3
       2
       1
       3
       0
       2
       1
       1
       1
       1
       3
       3
       1
       0
       2
       2
       0
       1
       2
       1
       0
       1
       4
       2
       2
       1
       1
       3
       4
       0
       2
       0
       1
       0
       1
       1
       0
       3
       3
       2
       1
       0
       0
       1
       1
       4
       4
       0
       0
       2
       2
       0
       2
       1
       0
       0
       1
       5
       0
       1
       1
       1
       5
       1
       3
       2
       0
       0
       2
       0
       1
       0
       2
       2
       4
       1
       0
       2
       0
       1
       2
       0
       0
       3
       1
       0
       1
       0
       3
       2
       0
       1
       1
       1
       1
       3
       0
       0
       1
       0
       0
       0
       3
       2
       0
       2
       0
       1
       2
       0
       6
       0
       0
       0
       3
       4
       1
       1
       1
       1
       2
       0
       1
       2
       0
       1
       0
       1
       1
       2
       2
       1
       3
       1
       4
       3
       0
       1
       1
       1
       3
       1
       2
       3
       4
       3
       3
       0
       2
       0
       0
       2
       1
       0
       3
       0
       2
       2
       2
       1
       0
       2
       1
       1
       0
       2
       1
       0
       2
       3
       1
       1
       1
       2
       1
       2
       2
       0
       1
       1
       2
       1
       2
       2
       2
       1
       1
       0
       3
       2
       1
       1
       0
       1
       2
       1
       0
       0
       1
       1
       2
       4
       1
       1
       3
       0
       1
       3
       0
       2
       3
       2
       1
       1
       2
       1
       3
       2
       2
       4
       0
       2
       3
       2
       0
       0
       0
       0
       0
       0
       0
       1
       2
       1
       2
       1
       0
       1
       1
       4
       0
       2
       2
       1
       2
       0
       3
       0
       2
       3
       1
       1
       0
       0
       1
       1
       2
       2
       4
       2
       2
       2
       1
       0
       0
       0
       1
       2
       2
       6
       0
       1
       3
       1
       2
       2
       1
       0
       1
       0
       3
       1
       1
       3
       2
       2
       0
       2
       0
       0
       0
       1
       2
       0
       1
       1
       0
       1
       1
       0
       3
       0
       0
       1
       0
       1
       1
       2
       0
       1
       6
       0
       1
       2
       2
       0
       2
       3
       1
       1
       1
       1
       1
       1
       1
       2
       2
       1
       0
       1
       1
       1
       0
       2
       0
       1
       3
       2
       3
       0
       3
       0
       2
       4
       0
       0
       2
       1
       1
       1
       1
       4
       0
       2
       1
       1
       1
       2
       1
       1
       2
       0
       2
       2
       2
       2
       0
       0
       0
       1
       0
       2
       2
       0
       1
       2
       2
       2
       0
       0
       4
       1
       2
       0
       2
       0
       0
       1
       0
       0
       1
       0
       2
       1
       1
       2
       0
       0
       3
       0
       2
       1
       0
       1
       1
       0
       2
       0
       1
       2
       2
       1
       0
       1
       2
       0
       3
       3
       0
       2
       1
       1
       3
       1
       0
       2
       2
       1
       0
       0
       0
       0
       2
       0
       0
       0
       1
       2
       0
       2
       1
       1
       0
       2
       0
       2
       3
       0
       4
       0
       1
       1
       2
       0
       0
       0
       0
       0
       0
       0
       0
       0
       0
       0
       0
       0
       0
       0
       0
       0
       0
       0
       0
       0
       0
       0
       0
       0
       0
       0
       0
       0
       0
       0
       0
       0
       0
       0
       0
       0
       0
       0
       0
       0
       0
       0
       0
       0
       0
       0
       0
       0
       0
       0
       0
       0
       0
       0
       0
       0
       0
       0
       0
       0
       0
       0
       0
       0
       0
       0
       0
       0
       0
       0
       0
       0
       0
       0
       0
       0
       0
       0
       0
       0
       0
       0
       0
       0
       0
       0
       0
       0
       0
       0
       0
       0
       0
       0
       0
       0
       0
       0
       0
       0
       0
       0
       0
       0
       0
       0
       0
       0
       0
       0
       0
       0
       0
       0
       0
       0
       0
       0
       0
       0
       0
       0
       0
       0
       0
       0
       0
       0
$ROI:
3
1307 1315
2765 2788
2820 2882
$PRESETS:
None
0
0
$ENER_FIT:
0.000000 0.388426
$MCA_CAL:
3
0.000000E+000 3.884265E-001 0.000000E+000 keV
$SHAPE_CAL:
3
0.000000E+000 0.000000E+000 0.000000E+000
