$SPEC_ID:
Cs137
$SPEC_REM:
DET# 2
DETDESC# DETECTOR 2
AP# Maestro Version 7.01
$DATE_MEA:
03/06/2017 19:50:56
$MEAS_TIM:
50844 50851
$DATA:
0 8191
       0
       0
       0
       0
       0
       0
       0
       0
       0
       0
       0
       0
       0
       0
       0
       0
       0
       0
       0
       0
       0
       0
       0
       0
       0
       0
       0
       0
       0
       0
       0
       0
       0
       0
       0
       0
       0
       0
       0
       0
       0
       0
       0
       0
       0
       0
       0
       0
       0
       0
       0
       0
       0
       0
       0
       0
       0
       0
       0
       0
       0
       0
       0
       0
       0
       0
       0
       0
       0
       0
       0
       0
       0
       0
       0
       0
       0
       0
       0
       0
       0
       0
       0
       0
       0
       0
       0
       0
       0
       0
       0
       0
       0
       0
       6
      38
     208
     632
     732
     737
     739
     732
     702
     703
     646
     660
     642
     631
     588
     620
     608
     579
     567
     594
     630
     639
     702
     642
     586
     542
     584
     517
     516
     503
     493
     561
     536
     534
     507
     525
     559
     565
     589
     625
     588
     568
     545
     561
     540
     533
     583
     521
     584
     611
     585
     683
     642
     624
     647
     669
     628
     641
     612
     621
     627
     718
     739
     842
     995
     819
     738
     682
     650
     684
     677
     638
     627
     701
     679
     656
     684
     700
     639
     720
     741
     714
     784
     739
     827
    1016
    1446
    2046
    2175
    1749
    1339
    1710
    2761
    3317
    2793
    1630
     858
     735
     640
     614
     601
     587
     604
     574
     593
     612
     610
     609
     658
     660
     598
     601
     630
     706
     746
     962
    1301
    1632
    1582
    1255
     910
     748
     789
     898
     938
     824
     718
     691
     552
     553
     565
     601
     551
     625
     622
     730
     929
     955
     964
     745
     619
     616
     615
     562
     580
     550
     577
     534
     572
     594
     585
     562
     564
     600
     602
     570
     565
     556
     599
     627
     593
     587
     589
     596
     599
     659
     733
     722
     683
     670
     605
     571
     589
     619
     597
     638
     616
     628
     617
     634
     652
     623
     638
     610
     611
     606
     630
     668
     605
     647
     647
     630
     570
     643
     626
     656
     633
     639
     619
     637
     606
     591
     656
     637
     612
     643
     669
     593
     641
     606
     643
     642
     640
     656
     645
     614
     649
     645
     654
     638
     633
     658
     633
     645
     598
     643
     606
     631
     650
     629
     640
     637
     665
     647
     655
     600
     679
     646
     653
     643
     625
     615
     645
     660
     633
     600
     661
     672
     644
     645
     626
     649
     615
     637
     634
     652
     655
     671
     629
     630
     652
     664
     614
     645
     707
     692
     636
     622
     612
     672
     662
     631
     596
     638
     623
     625
     631
     616
     588
     689
     654
     678
     644
     576
     596
     652
     646
     632
     644
     621
     626
     675
     722
     581
     646
     631
     632
     657
     649
     663
     662
     630
     605
     657
     601
     672
     667
     675
     635
     669
     671
     689
     628
     656
     677
     619
     621
     650
     646
     643
     653
     675
     664
     636
     610
     668
     713
     680
     675
     653
     690
     702
     707
     745
     687
     694
     690
     675
     748
     738
     713
     683
     715
     674
     697
     660
     701
     704
     678
     687
     675
     695
     708
     741
     728
     714
     700
     725
     646
     634
     695
     685
     660
     643
     674
     763
     719
     746
     813
     832
     847
     747
     691
     725
     692
     683
     662
     702
     656
     664
     689
     716
     699
     682
     663
     704
     698
     727
     726
     660
     714
     758
     701
     765
     705
     700
     725
     733
     768
     743
     735
     754
     754
     757
     699
     753
     767
     703
     784
     761
     778
     697
     734
     778
     748
     737
     738
     728
     807
     695
     779
     753
     766
     711
     746
     739
     714
     735
     678
     726
     738
     700
     698
     750
     718
     737
     735
     700
     739
     746
     739
     711
     748
     729
     749
     658
     735
     731
     739
     790
     726
     715
     715
     743
     684
     785
     697
     670
     709
     737
     796
     754
     759
     716
     763
     708
     692
     743
     744
     731
     789
     712
     749
     709
     706
     777
     714
     763
     754
     737
     754
     738
     704
     773
     748
     765
     733
     691
     745
     762
     799
     840
     888
     899
     790
     822
     751
     710
     725
     716
     777
     747
     775
     745
     665
     721
     704
     703
     662
     653
     718
     707
     608
     630
     640
     659
     624
     671
     663
     657
     594
     620
     680
     627
     635
     618
     611
     606
     612
     592
     614
     588
     592
     570
     548
     581
     571
     572
     496
     559
     574
     568
     557
     525
     565
     516
     527
     526
     537
     499
     479
     532
     516
     520
     488
     520
     494
     490
     505
     510
     494
     498
     487
     485
     461
     473
     433
     481
     491
     449
     451
     452
     465
     468
     465
     470
     439
     477
     479
     464
     465
     450
     454
     424
     473
     470
     415
     468
     389
     404
     417
     455
     469
     426
     412
     436
     402
     411
     385
     404
     425
     423
     404
     460
     425
     424
     436
     385
     431
     438
     395
     414
     439
     439
     397
     416
     440
     404
     413
     421
     433
     397
     421
     414
     435
     408
     425
     415
     402
     413
     424
     418
     412
     401
     387
     406
     408
     431
     399
     384
     465
     419
     400
     418
     429
     423
     411
     403
     408
     400
     415
     417
     419
     397
     426
     401
     396
     386
     390
     407
     445
     374
     381
     379
     373
     408
     390
     395
     404
     407
     427
     390
     404
     399
     384
     388
     396
     371
     389
     376
     430
     340
     398
     376
     373
     406
     401
     366
     383
     400
     368
     369
     408
     378
     417
     395
     368
     410
     362
     367
     355
     366
     371
     408
     417
     391
     383
     379
     360
     400
     359
     391
     383
     374
     372
     400
     374
     385
     375
     375
     378
     404
     390
     383
     368
     400
     384
     362
     356
     338
     413
     348
     365
     375
     353
     349
     371
     361
     377
     367
     336
     350
     340
     360
     334
     359
     381
     352
     400
     345
     383
     373
     375
     336
     319
     353
     351
     346
     337
     331
     334
     342
     314
     299
     326
     289
     305
     332
     311
     332
     311
     289
     323
     292
     275
     309
     271
     310
     303
     313
     316
     311
     283
     318
     306
     310
     289
     312
     289
     285
     277
     297
     265
     303
     267
     252
     293
     278
     283
     292
     267
     260
     225
     254
     268
     249
     271
     261
     282
     276
     274
     270
     269
     258
     266
     256
     259
     262
     249
     287
     253
     270
     235
     237
     283
     252
     250
     252
     284
     243
     259
     240
     255
     287
     276
     256
     253
     231
     283
     243
     255
     267
     248
     244
     260
     258
     227
     259
     236
     252
     248
     234
     256
     261
     237
     265
     249
     245
     252
     242
     248
     238
     237
     235
     252
     261
     266
     318
     411
     602
     811
    1090
    1241
    1176
    1071
     748
     526
     373
     295
     285
     247
     290
     336
     326
     294
     281
     264
     218
     254
     247
     233
     238
     220
     229
     233
     227
     215
     231
     228
     257
     231
     195
     223
     215
     221
     252
     233
     250
     224
     212
     211
     229
     218
     215
     186
     221
     221
     212
     228
     211
     233
     206
     199
     218
     216
     211
     235
     200
     215
     187
     188
     206
     178
     225
     221
     210
     222
     194
     218
     209
     220
     204
     215
     212
     197
     241
     214
     197
     209
     216
     195
     207
     223
     208
     229
     212
     200
     225
     177
     212
     196
     178
     219
     198
     196
     206
     210
     236
     199
     209
     207
     194
     240
     177
     214
     219
     213
     197
     227
     196
     185
     206
     201
     198
     212
     211
     212
     204
     224
     229
     198
     196
     207
     219
     197
     215
     209
     193
     218
     199
     200
     212
     213
     192
     215
     194
     210
     205
     179
     162
     206
     210
     196
     205
     174
     178
     202
     188
     211
     205
     196
     200
     197
     204
     196
     209
     220
     221
     197
     221
     199
     194
     181
     229
     181
     200
     190
     213
     204
     227
     178
     196
     198
     217
     196
     188
     191
     225
     162
     198
     207
     197
     188
     202
     208
     176
     211
     196
     218
     223
     233
     226
     232
     211
     200
     207
     197
     218
     196
     197
     201
     197
     203
     217
     204
     183
     191
     213
     214
     195
     221
     190
     196
     238
     204
     202
     230
     223
     220
     225
     237
     285
     305
     343
     344
     328
     297
     258
     205
     191
     192
     211
     199
     208
     245
     242
     312
     386
     524
     732
     939
    1025
     999
     883
     707
     516
     336
     285
     262
     227
     214
     203
     223
     208
     195
     208
     218
     203
     197
     202
     224
     203
     239
     197
     190
     193
     184
     176
     218
     217
     230
     204
     205
     222
     215
     234
     243
     203
     203
     216
     202
     211
     201
     214
     208
     199
     184
     210
     265
     269
     227
     235
     232
     223
     254
     286
     361
     458
     604
     870
    1265
    1747
    2432
    3002
    3705
    4271
    4820
    4659
    4214
    3620
    2757
    2101
    1412
     973
     660
     458
     362
     260
     214
     240
     198
     204
     190
     204
     203
     209
     196
     199
     214
     224
     195
     229
     205
     192
     183
     202
     184
     203
     219
     205
     205
     190
     210
     231
     205
     205
     218
     225
     231
     233
     207
     228
     224
     220
     200
     198
     222
     210
     224
     231
     217
     209
     243
     209
     213
     199
     225
     244
     223
     242
     212
     223
     204
     200
     219
     197
     215
     217
     221
     208
     211
     229
     223
     199
     213
     182
     202
     228
     214
     204
     228
     178
     230
     199
     238
     201
     207
     226
     223
     181
     232
     207
     183
     171
     216
     200
     196
     263
     244
     208
     229
     224
     221
     213
     216
     225
     217
     222
     209
     211
     225
     219
     219
     229
     230
     213
     221
     225
     202
     230
     229
     215
     213
     240
     225
     232
     240
     187
     226
     213
     245
     204
     229
     221
     240
     221
     216
     230
     209
     229
     192
     217
     216
     222
     233
     198
     183
     196
     202
     201
     193
     179
     207
     204
     201
     220
     172
     188
     186
     176
     183
     200
     183
     176
     170
     174
     169
     207
     165
     188
     183
     165
     169
     185
     184
     197
     202
     181
     186
     191
     172
     184
     154
     159
     165
     163
     210
     161
     185
     145
     167
     172
     182
     180
     171
     208
     182
     170
     186
     199
     182
     177
     192
     162
     153
     173
     166
     186
     178
     191
     190
     152
     172
     196
     179
     166
     173
     184
     168
     173
     172
     155
     170
     186
     173
     162
     163
     171
     176
     169
     170
     165
     170
     158
     171
     183
     187
     175
     167
     171
     169
     189
     187
     184
     175
     176
     182
     176
     156
     174
     178
     178
     157
     160
     147
     177
     185
     170
     145
     190
     162
     162
     149
     156
     187
     166
     155
     189
     173
     152
     168
     156
     167
     174
     146
     167
     175
     164
     190
     169
     183
     157
     174
     145
     178
     162
     168
     158
     149
     165
     170
     163
     172
     183
     145
     178
     149
     163
     142
     168
     165
     176
     212
     145
     175
     171
     152
     149
     146
     149
     195
     135
     162
     173
     176
     191
     169
     161
     158
     184
     154
     158
     165
     159
     162
     161
     151
     162
     172
     172
     154
     183
     158
     180
     164
     180
     159
     150
     161
     172
     170
     154
     146
     156
     154
     129
     205
     179
     157
     188
     160
     183
     189
     175
     175
     154
     165
     165
     152
     162
     138
     155
     165
     150
     181
     167
     174
     160
     168
     171
     171
     152
     165
     193
     149
     178
     174
     161
     163
     143
     169
     180
     157
     171
     164
     190
     144
     163
     188
     192
     179
     171
     163
     180
     166
     210
     156
     167
     186
     155
     168
     181
     186
     165
     173
     163
     178
     184
     179
     165
     157
     165
     183
     179
     196
     174
     167
     181
     180
     181
     165
     185
     164
     175
     186
     185
     179
     144
     169
     178
     189
     156
     185
     178
     189
     176
     171
     172
     165
     175
     197
     184
     194
     168
     193
     182
     196
     201
     183
     193
     183
     172
     172
     195
     175
     218
     206
     168
     177
     208
     180
     180
     184
     200
     193
     181
     191
     193
     162
     175
     177
     175
     213
     174
     176
     165
     157
     171
     165
     192
     181
     155
     175
     172
     170
     154
     166
     171
     184
     161
     165
     151
     169
     166
     177
     154
     159
     157
     164
     155
     154
     149
     151
     152
     137
     126
     154
     159
     132
     138
     137
     140
     128
     157
     153
     157
     174
     199
     204
     221
     261
     318
     406
     505
     576
     702
     700
     697
     608
     491
     355
     259
     178
     173
     167
     143
     128
     147
     157
     121
     132
     116
     159
     139
     129
     120
     118
     110
     130
     123
     147
     121
     139
     127
     129
     110
     113
     136
     119
      97
     131
     101
     104
     111
     108
     113
     118
     108
      95
     122
      97
      99
      96
     127
     114
      96
     103
     108
     104
     101
      78
     113
      94
      97
     118
      90
      92
     102
     109
      99
      78
     106
      88
      91
      99
     101
     117
     125
     163
     180
     227
     270
     310
     431
     545
     701
     679
     735
     717
     626
     434
     349
     209
     168
     127
     120
     116
     128
     137
     210
     280
     434
     595
     923
    1273
    1774
    2419
    2898
    3499
    3667
    3560
    3186
    2616
    1895
    1161
     689
     401
     270
     151
      96
      87
      78
      77
      68
      69
      72
      83
      71
      78
      75
      79
      79
      69
      63
      60
      80
      69
      77
      56
      71
      63
      75
      54
      61
      69
      78
      65
      61
      72
      64
      61
      61
      78
      65
      68
      52
      51
      65
      57
      83
      63
      63
      60
      62
      74
      69
      58
      63
      46
      45
      56
      57
      67
      68
      52
      56
      49
      43
      51
      54
      61
      59
      44
      46
      57
      53
      53
      53
      41
      34
      52
      57
      57
      65
      61
      43
      51
      49
      43
      49
      60
      49
      47
      61
      46
      50
      42
      42
      42
      46
      54
      35
      41
      40
      38
      44
      44
      37
      50
      45
      33
      53
      39
      33
      49
      49
      46
      36
      56
      49
      47
      33
      43
      55
      29
      33
      36
      34
      42
      34
      42
      47
      41
      50
      41
      30
      33
      37
      39
      27
      32
      31
      35
      40
      52
      41
      36
      43
      30
      29
      45
      34
      35
      25
      34
      34
      41
      42
      32
      29
      28
      39
      24
      38
      30
      37
      32
      35
      37
      38
      39
      34
      30
      42
      45
      33
      41
      31
      28
      39
      38
      25
      27
      34
      30
      39
      30
      28
      29
      41
      34
      30
      30
      37
      29
      37
      38
      45
      39
      38
      41
      48
      38
      48
      42
      34
      37
      33
      25
      35
      27
      25
      26
      32
      32
      34
      37
      34
      33
      27
      40
      28
      35
      32
      29
      25
      29
      33
      31
      27
      39
      35
      26
      24
      25
      33
      23
      29
      29
      22
      34
      28
      37
      34
      24
      31
      26
      41
      25
      30
      38
      30
      28
      28
      27
      39
      26
      31
      23
      41
      29
      36
      31
      28
      28
      20
      22
      22
      33
      26
      31
      23
      17
      26
      23
      23
      29
      36
      28
      22
      34
      27
      24
      21
      27
      28
      35
      24
      29
      33
      24
      23
      17
      21
      32
      27
      24
      33
      26
      33
      29
      24
      25
      19
      27
      27
      34
      38
      27
      32
      43
      34
      27
      33
      28
      27
      37
      55
      55
      70
      89
     114
     162
     202
     286
     359
     384
     404
     418
     420
     379
     292
     218
     133
      95
      61
      37
      39
      32
      54
      38
      63
      73
     112
     166
     239
     367
     457
     657
     942
    1223
    1719
    2134
    2606
    2858
    2936
    2880
    2737
    2194
    1718
    1190
     678
     397
     278
     197
     107
      86
      68
      38
      39
      15
      31
      34
      32
      12
      21
      25
      15
      22
      21
      23
      18
      13
      23
      16
      22
      22
      20
      15
      19
      24
      23
      26
      18
      26
      25
      22
      17
      12
      22
      29
      29
      39
      39
      51
      61
      82
     131
     205
     308
     372
     527
     787
    1004
    1418
    1721
    1973
    2196
    2319
    2239
    2079
    1825
    1406
     921
     559
     333
     179
     118
      75
      45
      32
      21
      20
      14
      17
      18
      23
      18
      17
      17
      10
      14
      12
      22
      15
      12
      22
      10
      23
      15
      18
      28
      17
      25
      24
      30
      15
      16
      23
      22
      19
      14
      16
      14
      20
      15
      10
      14
      20
      23
      16
      16
      13
      25
      15
      19
      17
      16
      18
      15
      16
      18
      17
      16
      13
      28
      16
      12
      15
      17
      14
      15
      19
      18
      20
      20
      16
      20
      14
      18
      12
      15
      15
      28
      15
      23
      20
      18
      19
      13
      20
      21
      12
      19
      13
      19
       9
      21
      13
      23
      15
      20
      20
      12
      15
      13
      11
       9
      13
      11
      16
      17
      19
      12
      22
      10
      20
      19
      14
      19
      21
      18
      16
      19
      13
      13
      22
      20
      15
      14
      13
      24
      10
      13
      15
      22
      12
      16
      16
      14
      15
      20
      17
      20
      19
      18
      19
      18
      15
      19
      15
      18
      22
      21
      19
      18
      20
      19
      24
      24
      22
      15
      22
      19
      20
      20
      16
      27
      21
      19
      15
      25
      22
      12
      21
      20
      24
      26
      11
      13
      16
      10
       9
      12
      11
      19
      17
      20
      17
      17
      16
      23
      17
      18
      10
      19
      14
      14
      11
      13
      11
      15
      12
      18
      13
      17
       8
      11
      14
      12
      15
      15
      12
      17
      16
      13
      19
      18
      15
      21
       8
      13
      14
      14
      23
      15
      14
       8
      15
      11
      14
      13
      20
      21
      20
      11
       9
      20
      14
      15
      11
      14
      15
      19
      19
      18
      11
      12
      15
       8
      17
      15
      15
      13
      11
      14
      13
      18
      20
      19
      20
      13
      19
      16
      11
      16
      17
      15
      19
      13
      19
      21
      15
       8
      16
      14
      17
      19
      12
      12
      20
      16
      11
      19
      11
      18
      21
      24
      13
      19
      19
      20
      12
      24
      18
      19
       8
      15
      16
      14
      16
      13
      15
      24
      10
      12
      13
      12
      10
      17
      15
      17
      16
      23
      23
      13
      14
      15
      10
      19
      16
      17
      16
      10
      19
      13
      14
      17
      16
      15
      17
      19
      21
      16
      12
      17
      14
      18
      12
      11
      16
      13
      15
      16
      11
       8
      11
      10
      12
      11
      15
      15
      18
      13
      16
       9
      14
      16
      19
      15
      17
      19
      11
      12
       9
       9
      20
      16
      11
      10
      11
      16
      10
      15
      10
      13
      16
      16
      11
      14
      16
      12
      13
      13
      13
      10
      12
      11
      12
      14
      19
      11
      20
      13
      12
      15
      11
      17
      12
      14
      18
      16
      13
      11
      14
      12
      12
      11
      12
      15
      15
      11
      15
       8
      17
      17
      20
       8
      10
      13
      13
       8
      15
      14
       4
      12
      20
      14
      16
      14
      17
      14
       9
      12
      14
      10
      16
       7
      16
      19
      18
       7
      11
      11
      11
      15
      17
       7
      15
       9
      24
      15
      16
      10
      11
      16
      14
      15
      11
      18
      26
      15
      14
      16
       8
      16
      15
       8
      11
      19
      14
      13
      14
      14
      13
      13
      14
       8
       8
      11
      16
       7
      13
       7
      10
      16
      12
      16
      16
      12
      15
      14
      14
      15
      15
      12
       9
      17
      14
      19
      15
      17
      14
      11
      13
      17
      10
      14
      22
      13
      13
       9
      10
      13
      16
      13
      13
      11
      11
      17
      14
      14
       4
      18
      11
       6
       9
       7
       9
      12
      12
       9
      17
       9
      14
      11
      19
      10
      16
      12
      14
       8
       8
      16
      17
      13
      13
       9
       9
      15
       9
      17
      11
      17
      13
      12
      11
       8
      13
       7
      11
      13
       8
      11
      18
      13
       7
      15
      11
      12
      11
      18
      10
      11
       8
      15
       6
      10
      11
       7
      14
      11
      15
      18
      13
      15
      13
      12
      17
      16
      12
       9
      16
      14
      12
      12
      12
       8
      13
      11
      13
       4
      13
      17
      15
      16
      20
      15
      10
      13
      12
      14
      19
      13
      12
       8
      10
      14
       5
      14
       6
       9
      13
      11
       7
      11
      23
      16
      13
       8
      13
      11
      15
       8
      13
      12
      12
      14
      11
      14
      11
      11
      12
      11
       9
      11
      13
      10
      16
       7
       9
       9
      11
      15
      12
      11
      20
      11
      20
      10
      18
      19
      28
      21
      33
      46
      36
      45
      35
      39
      27
      36
      38
      36
      41
      23
      27
      24
      15
      14
      14
      17
      14
      17
      17
      11
      12
      15
      10
      10
       7
       7
      12
      10
       9
      23
      12
      17
      10
      16
       9
      12
      12
      10
       9
      11
       5
      11
       9
      10
       8
      15
      11
       9
       9
       9
       5
       8
      10
      15
      12
      11
      13
      13
      10
      13
      18
       8
      12
      16
      13
      12
      12
      10
      11
      10
      12
      13
      13
      10
       6
       9
      13
      12
       7
      17
      10
      11
       8
      14
      20
      15
      18
      14
      14
      11
      18
      17
      10
      11
      13
       5
      13
      10
       7
      12
      13
      11
      13
      13
       9
       7
       9
       9
       7
       6
      13
      14
      11
       8
      12
      15
      14
       9
      15
      19
      10
      12
       7
       9
       9
      15
       8
      11
      10
      10
       7
       6
       9
      11
       8
      18
       7
      12
      12
      14
      12
      15
       7
       8
       6
      14
       9
      13
       9
      13
       7
       7
      11
       9
      13
      17
      15
      10
      12
      11
      11
      14
      18
      17
      10
      14
      16
      12
      21
      33
      42
      34
      32
      44
      53
      64
      59
      65
      78
      64
      47
      38
      46
      26
      20
      17
      17
      25
      14
      10
      11
      10
      14
       7
       7
       9
       9
      10
       9
      16
       8
       7
      11
      12
       7
      12
       9
      11
       8
      11
       4
       7
      13
      10
      10
       9
      12
      11
      17
      15
      10
      13
      17
      10
      10
      13
      10
      15
      10
      13
       8
       7
       9
      14
      13
       7
       9
       8
      10
       8
      13
      15
      10
      12
      11
      10
      12
       8
      10
       8
       7
       8
      11
      10
       8
      11
       9
      12
      14
      11
       8
      11
      11
      13
      15
      10
       7
      17
      11
       5
      12
       9
      18
      12
      12
      15
       5
      11
       7
      14
      13
       8
      10
       8
       8
       7
       7
      10
      11
       6
      16
      14
       8
      11
      14
      13
      17
      16
      16
      24
      11
      14
      11
      17
      13
      14
      15
      10
      15
      12
       9
      12
       7
       7
      13
       8
      12
      13
       6
      14
       9
       8
      12
       7
      13
       9
       7
      16
      11
       7
      10
      10
      13
      21
      13
      15
      16
      10
      11
       9
       8
      13
      10
      14
      12
      10
      19
      12
      12
      12
      11
      14
       7
      15
       5
       8
      14
      12
       6
      12
      12
       6
      11
       7
      10
      11
      16
       7
       6
       5
      14
       5
       6
      13
      12
       5
       9
      12
       5
       7
       6
      10
       9
      14
      11
      10
       9
      10
       8
       9
      12
      10
      11
       8
      12
      11
      13
       2
       6
      11
       8
      19
       9
      11
       8
      16
       9
      11
       2
       9
       7
      12
      11
      11
      15
       5
      10
       4
      10
      12
      13
      10
      14
      11
       8
       8
      18
       9
       9
      11
      14
       6
      10
      13
       9
       7
      13
      10
       8
      10
      13
      12
      12
      10
      15
      14
      10
      16
      12
      11
       9
       5
      11
      10
      15
      12
       9
      15
      13
      14
      12
       9
       9
       7
       8
      18
      11
       9
       9
      10
       9
      10
       5
       9
      11
       7
      10
      11
      14
      17
      15
      11
       8
      10
      14
       7
      10
      17
      11
      12
       9
       6
      10
      14
      10
      10
      12
      13
       7
       5
       7
       5
      14
       5
      11
      11
      12
       9
       8
      10
      10
       7
       9
      10
       8
       7
       9
      11
      11
      11
       8
      10
       7
       9
      10
       8
      12
       5
       9
      10
       9
       7
      14
      13
      11
      12
       6
       8
      19
      16
      11
       8
      17
       7
      18
      10
       9
      11
       9
       8
      10
      14
       8
       7
      10
       6
      15
      12
       9
      13
       9
      14
      16
      10
      10
      13
      15
      10
      12
       8
      11
       8
      14
      13
      16
      17
      13
      12
       9
      13
       6
       4
      13
      13
      11
       9
      15
      14
      13
       9
      16
      18
      12
       8
       7
      16
      13
       7
       7
       7
       8
      13
       4
      16
      11
      10
      10
      16
       7
       6
      11
       6
       6
      10
      10
      10
       8
      16
       6
      13
      18
      11
       6
      12
       9
      10
      13
      10
       8
       7
      10
       7
      13
      18
      19
      20
      21
      24
      20
      21
      19
      19
      25
      18
      27
      22
      14
      16
      11
      10
      10
      12
      12
      12
      13
      13
      10
      16
      11
      11
      11
       5
      12
      12
       8
      12
       9
       6
      14
      14
       7
      17
       7
       9
      10
      17
      10
       8
       5
       7
      10
      18
       5
       5
       9
      10
      10
      10
      13
       8
      10
       8
       7
      11
       9
      18
      10
       9
      10
      14
       7
       9
      10
      10
      12
      12
      12
      13
       8
       9
       7
       5
       9
      11
       6
       8
       7
      10
       9
      10
      10
       8
       9
      15
       8
      12
      13
      13
       3
       8
      13
      12
      13
      13
      14
      12
       5
      14
      10
       6
      13
      12
      11
       9
       7
      12
      16
      13
      10
      16
      13
      11
       8
      20
      13
      16
       6
      11
      11
       9
      13
      14
      10
       6
      13
       8
       6
       7
       5
      11
      11
       9
       7
      14
      13
       9
       7
      13
       8
       8
       8
       9
       6
       9
      10
      10
       7
       9
       9
       9
       8
       9
       9
       7
      11
       9
       9
      15
       9
       8
      11
       8
      16
       9
      16
      12
      11
       8
      16
      11
      10
      11
      13
       6
      11
       9
       7
      16
      11
      16
      10
      10
       7
       6
      11
      14
      13
      13
      13
      11
       8
       8
      11
      10
      13
      10
      11
       8
       9
      17
      10
      11
      22
      15
      13
       4
      12
      10
      16
      11
       6
      12
      10
       5
      11
      12
       7
      11
       4
      20
      12
      13
       9
       8
      11
       9
      10
       7
       3
       8
      16
      14
      10
      17
      10
      13
      19
      11
      14
      10
      13
      13
       9
      14
      12
       9
      12
      15
      14
      12
      15
       8
      11
      12
      13
       5
       9
       6
      16
      10
       7
       5
       8
       8
       9
       5
      13
      16
      12
      17
       3
      11
      12
       8
      12
       6
      13
       6
       7
      16
       6
       8
      12
      16
       9
      17
       8
       7
       9
       9
      13
      14
       7
       9
       7
       9
       6
       9
      10
      15
      14
      15
      11
      13
       8
      10
      11
      12
      10
       9
      13
      10
      10
       8
      10
      11
       6
      15
       8
      15
      15
      13
      13
      13
      13
       9
      13
      13
       9
      11
      22
      11
       7
      12
      15
       7
      14
      14
       7
      16
      11
       9
      11
      10
       8
      16
      10
       7
      10
       7
      10
      16
      11
       8
      13
      10
      15
       7
      10
       9
       7
       8
      14
       9
       8
       8
      11
       7
       9
      11
      17
      14
      15
       7
      13
       8
      15
      13
      10
       7
       8
      13
       8
       9
       9
       8
       7
      12
       9
       9
      10
      17
      10
      11
      11
       9
       8
      10
      10
      16
      10
       8
      10
       8
       5
       8
       5
       7
       3
      16
      11
       8
      14
       9
       7
       8
       8
      12
       7
       8
       3
      12
       8
       6
       7
       5
      13
       6
      11
       7
       6
       4
       9
       8
       3
      13
      10
      10
       7
       7
       8
       7
       7
       8
       7
       6
       5
       9
       8
       3
       9
       6
      14
      12
       9
       8
      11
       9
       7
       9
       4
       8
       8
       4
       8
       7
      10
       9
       5
       4
      10
       7
       8
       6
       9
       8
       9
       6
       9
      10
       9
       7
       6
      10
       7
       7
      10
       9
      16
       4
       7
       9
      12
       9
       9
       8
      11
       9
       7
       7
       8
       7
       9
      11
       8
      11
       6
       6
       2
      11
       2
       2
       5
       4
      10
       6
       7
       9
       8
       8
       7
       3
       7
       7
       5
       9
       7
       9
       3
      11
       3
       3
       6
       3
      12
       5
       7
       7
       9
       6
       9
       9
       4
       4
       6
       8
       6
       6
       6
      12
       8
       9
       5
       6
      13
       7
       2
      10
       4
      10
       9
       4
       4
       4
       6
       8
       6
       7
       7
       6
       6
       7
       6
       9
       4
       5
       8
       6
       6
       8
       3
       9
       4
       5
       6
       3
       7
       6
       3
       7
      12
       9
      10
       6
       6
       7
       5
       2
       6
       2
       6
       6
       3
       5
       4
       9
       4
       8
       8
       4
       6
       8
      10
       5
      11
       8
       9
       9
      11
      11
      10
       7
       8
       6
      18
      14
       5
      14
      14
      11
      25
      18
      10
      11
       4
       7
       5
       8
       6
       7
       4
       5
       4
       2
       5
       9
       5
       8
       2
       5
       7
       4
       2
       3
       3
       5
       8
       3
       4
       3
       3
       5
       5
       5
       1
       2
       6
       4
       4
       3
       4
      10
       4
       7
       1
       7
       4
       3
       3
       3
       6
       3
       3
       3
       2
       6
       6
       4
       5
       4
       3
       5
       7
       6
       4
       6
       9
       5
       6
       2
       5
       6
       3
       2
       5
       9
       4
       6
       0
       4
      10
       3
       6
       4
       3
       3
       4
       3
       5
       1
       2
       0
       3
       2
       5
       2
       4
       7
       1
       4
       5
       1
       4
       5
       3
       3
       4
       1
       9
       4
       4
       4
       4
       5
       6
       4
       8
       6
       4
       5
       7
       5
       8
       5
       3
       5
       7
       5
       4
       6
       5
       8
       3
       4
       3
       7
       3
       5
       1
       3
       0
       3
       9
       6
       8
       3
       4
       5
       7
       4
       4
       0
       6
       5
       4
       3
       5
       3
       4
       4
       2
       3
       6
       4
       3
       2
       4
       3
       3
       4
       4
       1
       2
       5
       2
       3
       0
       4
       5
       3
       5
       5
       6
       8
       3
       6
       4
       6
       5
       2
       2
       2
       7
       4
       3
       8
       1
       4
       2
       3
       0
       3
       5
       4
       1
       1
       1
       2
       6
       2
       1
       2
       6
       4
       3
       3
       3
       4
       1
       5
       3
       5
       2
       0
       4
       1
       3
       5
       3
       6
       5
       4
       3
       5
       5
       2
       4
       3
       4
       3
       3
       4
       2
       4
       1
       2
       5
       3
       0
       3
       3
       3
       5
       5
       4
       1
       2
       1
       4
       1
       1
       5
       3
       5
       6
       4
       2
       4
       4
       4
       7
       1
       4
       4
       6
       6
       6
       9
      13
      18
       8
       8
      15
      14
      19
      16
      27
      27
      33
      39
      51
      60
      77
      84
      98
     112
      95
     114
     111
     127
     145
     121
     130
     148
     120
     112
     109
      77
      61
      47
      38
      15
      13
      10
      12
      10
       6
       5
       9
      13
       7
      12
      10
       5
       7
      13
      14
      13
       8
       9
       6
       8
      14
       5
       8
      11
       5
       6
       4
       3
       3
       7
       3
       2
       3
       3
       6
       1
       7
       4
       5
       1
       3
       3
       4
       3
       4
       2
       1
       3
       4
       2
       2
       2
       3
       1
       4
       3
       3
       4
       7
       1
       5
       1
       7
       4
       3
       2
       3
       5
       3
       4
       3
       3
       1
       0
       6
       3
       4
       0
       2
       3
       1
       3
       3
       3
       5
       3
       6
       1
       6
       3
       4
       0
       2
       3
       3
       1
       3
       3
       0
       2
       5
       0
       2
       4
       2
       0
       1
       5
       0
       3
       2
       2
       2
       5
       4
       4
       1
       3
       4
       3
       2
       4
       5
       4
       1
       2
       5
       4
       1
       0
       3
       6
       5
       3
       2
       4
       4
       4
       4
       0
       3
       3
       2
       3
       3
       3
       2
       1
       2
       3
       2
       0
       6
       2
       4
       2
       1
       3
       5
       5
       4
       3
       2
       4
       3
       5
       1
       4
       4
       3
       1
       4
       3
       5
       5
       2
       3
       0
       3
       4
       6
       0
       3
       1
       1
       3
       2
       0
       3
       4
       2
       3
       1
       2
       0
       4
       4
       3
       6
       1
       2
       5
       6
       1
       1
       2
       5
       0
       4
       1
       3
       3
       2
       0
       2
       0
       2
       3
       5
       1
       8
       1
       3
       1
       3
       3
       3
       3
       2
       2
       3
       1
       4
       4
       1
       2
       2
       7
       1
       2
       2
       3
       2
       0
       4
       4
       1
       1
       1
       0
       0
       1
       3
       3
       1
       2
       3
       3
       3
       4
       4
       4
       4
       4
       1
       5
       4
       2
       1
       2
       1
       2
       2
       1
       4
       3
       3
       2
       2
       4
       5
       2
       4
       3
       3
       3
       4
       0
       2
       4
       5
       2
       1
       3
       0
       0
       4
       2
       3
       3
       0
       2
       2
       2
       0
       2
       1
       3
       0
       3
       3
       2
       2
       2
       5
       5
       1
       2
       3
       2
       1
       1
       1
       3
       1
       5
       2
       0
       5
       1
       4
       4
       3
       2
       1
       6
       4
       0
       4
       2
       1
       5
       3
       1
       3
       2
       2
       4
       5
       1
       2
       1
       3
       1
       1
       4
       3
       4
       2
       5
       7
       2
       0
       3
       3
       1
       2
       1
       1
       2
       3
       3
       2
       3
       3
       0
       2
       1
       1
       3
       3
       4
       3
       5
       0
       3
       1
       4
       1
       1
       3
       4
       6
       6
       1
       2
       0
       0
       3
       0
       3
       1
       5
       1
       8
       3
       1
       0
       0
       2
       1
       3
       1
       5
       1
       5
       3
       2
       1
       1
       2
       2
       3
       4
       2
       4
       0
       1
       1
       3
       1
       6
       1
       4
       3
       6
       2
       1
       4
       3
       2
       2
       1
       3
       2
       1
       2
       5
       2
       4
       4
       3
       1
       3
       2
       0
       3
       0
       0
       3
       1
       1
       3
       4
       2
       6
       5
       2
       3
       2
       4
       4
       3
       6
       1
       2
       3
       2
       1
       4
       2
       2
       2
       0
       2
       5
       1
       5
       3
       1
       3
       2
       4
       4
       1
       3
       1
       4
       2
       1
       0
       1
       3
       0
       3
       2
       0
       0
       1
       4
       1
       3
       2
       4
       3
       4
       4
       1
       6
       1
       3
       6
       1
       1
       1
       0
       1
       3
       3
       2
       2
       1
       2
       2
       2
       1
       3
       3
       0
       2
       1
       4
       2
       5
       0
       2
       2
       3
       1
       0
       2
       1
       3
       2
       1
       2
       2
       3
       1
       3
       4
       2
       1
       2
       4
       1
       2
       3
       2
       3
       2
       1
       3
       3
       5
       0
       1
       0
       5
       3
       1
       3
       0
       2
       3
       5
       1
       1
       3
       1
       0
       2
       0
       1
       4
       2
       6
       1
       1
       3
       2
       3
       2
       2
       5
       5
       1
       0
       1
       2
       1
       0
       0
       1
       2
       4
       1
       1
       1
       1
       5
       3
       0
       4
       1
       2
       4
       1
       0
       3
       0
       2
       4
       0
       2
       4
       2
       0
       3
       1
       3
       1
       3
       4
       1
       2
       1
       5
       2
       4
       3
       4
       3
       2
       3
       6
       2
       1
       1
       1
       0
       3
       6
       3
       1
       2
       0
       1
       2
       1
       2
       1
       2
       1
       2
       0
       2
       3
       3
       2
       2
       2
       1
       2
       3
       2
       0
       2
       2
       2
       3
       2
       2
       2
       3
       2
       3
       1
       2
       1
       4
       3
       4
       4
       0
       4
       2
       1
       0
       3
       1
       1
       3
       3
       4
       1
       2
       5
       1
       2
       0
       1
       2
       2
       1
       3
       2
       0
       2
       1
       0
       4
       0
       2
       2
       2
       4
       2
       3
       1
       1
       1
       5
       2
       0
       2
       2
       1
       1
       2
       7
       5
       1
       2
       2
       0
       1
       2
       1
       2
       0
       0
       3
       0
       2
       1
       3
       5
       3
       1
       3
       0
       2
       0
       3
       2
       2
       2
       0
       2
       1
       2
       1
       0
       1
       2
       5
       2
       3
       0
       2
       5
       5
       2
       3
       3
       4
       2
       0
       1
       0
       3
       3
       1
       1
       3
       2
       1
       4
       5
       0
       3
       3
       2
       1
       4
       2
       3
       4
       1
       1
       0
       2
       0
       2
       2
       1
       1
       2
       2
       4
       6
       1
       3
       8
       4
       2
       0
       3
       2
       2
       2
       2
       2
       1
       1
       1
       0
       0
       3
       3
       4
       4
       0
       3
       3
       1
       1
       2
       3
       2
       0
       1
       3
       4
       4
       0
       2
       3
       1
       2
       2
       1
       0
       3
       1
       0
       4
       3
       1
       3
       3
       2
       2
       1
       3
       0
       1
       4
       1
       5
       2
       3
       3
       3
       2
       3
       2
       4
       2
       2
       4
       4
       0
       3
       2
       7
       4
       0
       3
       4
       3
       1
       2
       0
       0
       0
       0
       0
       2
       2
       2
       3
       1
       3
       4
       1
       1
       1
       2
       5
       1
       3
       0
       3
       1
       2
       5
       2
       2
       3
       2
       2
       1
       2
       3
       2
       0
       1
       3
       3
       1
       6
       3
       0
       1
       2
       2
       5
       2
       0
       0
       2
       3
       1
       6
       4
       1
       4
       2
       3
       2
       0
       4
       2
       2
       1
       2
       0
       2
       2
       3
       3
       5
       4
       3
       5
       6
       4
       2
       5
       1
       3
       1
       1
       4
       2
       1
       1
       1
       3
       1
       0
       1
       1
       0
       3
       0
       3
       1
       0
       4
       1
       0
       6
       0
       3
       1
       0
       2
       4
       3
       4
       0
       2
       2
       4
       2
       2
       1
       3
       3
       2
       1
       2
       0
       3
       1
       3
       0
       2
       1
       1
       4
       3
       4
       2
       2
       2
       3
       3
       3
       3
       2
       1
       0
       4
       1
       1
       2
       3
       1
       2
       1
       4
       3
       2
       4
       5
       1
       1
       5
       3
       2
       0
       2
       3
       1
       2
       3
       4
       3
       2
       1
       2
       1
       4
       2
       1
       3
       2
       3
       2
       1
       0
       2
       2
       2
       1
       2
       3
       1
       1
       2
       3
       0
       1
       1
       2
       3
       2
       2
       0
       2
       3
       1
       2
       2
       3
       4
       2
       1
       2
       4
       1
       5
       3
       1
       5
       1
       5
       4
       2
       3
       0
       0
       2
       2
       2
       1
       2
       2
       1
       3
       3
       1
       1
       2
       1
       1
       1
       2
       2
       1
       4
       1
       0
       3
       0
       4
       4
       2
       1
       2
       1
       4
       4
       2
       2
       1
       4
       3
       3
       3
       3
       0
       2
       1
       2
       1
       3
       2
       2
       0
       3
       1
       5
       2
       4
       2
       2
       2
       0
       2
       1
       1
       0
       3
       1
       4
       2
       0
       1
       1
       2
       2
       4
       1
       1
       0
       2
       2
       3
       4
       1
       2
       2
       0
       3
       1
       7
       1
       2
       2
       1
       6
       2
       1
       2
       2
       1
       1
       1
       3
       2
       4
       4
       0
       2
       3
       2
       3
       1
       3
       0
       3
       4
       2
       3
       1
       2
       2
       3
       5
       2
       1
       3
       2
       2
       4
       4
       2
       2
       4
       0
       2
       4
       4
       2
       0
       4
       4
       0
       1
       1
       1
       1
       3
       1
       1
       2
       2
       1
       5
       3
       5
       2
       3
       1
       3
       1
       0
       3
       4
       4
       1
       1
       0
       2
       3
       1
       4
       3
       1
       4
       5
       3
       1
       1
       2
       1
       3
       2
       3
       2
       2
       0
       1
       0
       3
       3
       0
       1
       3
       2
       1
       2
       3
       2
       2
       5
       1
       1
       5
       2
       2
       0
       2
       0
       0
       1
       0
       3
       1
       2
       0
       0
       0
       3
       3
       3
       3
       3
       2
       2
       3
       0
       1
       1
       1
       1
       0
       0
       0
       2
       1
       0
       0
       1
       2
       1
       0
       0
       2
       2
       2
       3
       5
       1
       4
       2
       1
       0
       1
       3
       1
       2
       4
       0
       1
       2
       1
       6
       3
       1
       0
       2
       0
       2
       3
       1
       0
       0
       2
       0
       1
       4
       1
       1
       3
       1
       0
       3
       2
       5
       2
       0
       1
       1
       3
       1
       1
       3
       3
       1
       1
       1
       3
       2
       1
       0
       0
       0
       3
       2
       2
       2
       3
       3
       4
       0
       0
       2
       2
       0
       0
       2
       1
       1
       1
       3
       2
       0
       1
       2
       3
       4
       4
       2
       5
       2
       1
       2
       3
       1
       1
       0
       2
       1
       2
       4
       0
       4
       1
       3
       1
       1
       0
       2
       1
       1
       2
       2
       0
       0
       5
       1
       1
       0
       2
       1
       1
       2
       2
       0
       5
       0
       1
       1
       6
       1
       3
       0
       2
       2
       2
       2
       5
       1
       1
       1
       1
       1
       0
       3
       0
       2
       3
       0
       1
       2
       1
       2
       0
       3
       1
       1
       0
       2
       0
       2
       1
       1
       1
       2
       4
       1
       3
       3
       3
       1
       0
       1
       1
       1
       2
       0
       1
       2
       2
       3
       1
       1
       0
       3
       3
       2
       2
       3
       1
       1
       3
       0
       0
       1
       2
       1
       1
       2
       2
       0
       0
       0
       2
       5
       3
       8
       1
       3
       2
       1
       0
       4
       1
       4
       0
       2
       3
       0
       1
       1
       1
       0
       4
       2
       2
       3
       2
       0
       2
       1
       3
       0
       2
       0
       0
       4
       0
       1
       1
       0
       0
       1
       1
       2
       1
       0
       3
       1
       0
       1
       1
       1
       0
       3
       2
       0
       4
       4
       2
       1
       3
       1
       4
       0
       1
       1
       1
       1
       2
       3
       0
       3
       1
       5
       0
       1
       1
       2
       2
       1
       3
       3
       3
       3
       2
       1
       2
       1
       2
       1
       2
       1
       0
       0
       1
       1
       2
       4
       1
       4
       2
       0
       1
       2
       4
       2
       2
       0
       0
       3
       2
       1
       3
       0
       0
       3
       0
       4
       1
       2
       3
       1
       1
       3
       0
       2
       1
       0
       2
       0
       2
       3
       2
       2
       0
       1
       2
       0
       0
       3
       1
       2
       4
       0
       2
       1
       4
       0
       0
       0
       3
       3
       3
       4
       0
       3
       0
       0
       0
       2
       2
       1
       1
       2
       1
       0
       0
       1
       3
       4
       1
       1
       0
       2
       1
       2
       2
       0
       3
       1
       4
       2
       1
       1
       2
       1
       2
       2
       0
       1
       1
       1
       2
       0
       2
       1
       1
       1
       1
       0
       0
       4
       2
       2
       1
       2
       1
       3
       0
       1
       0
       4
       2
       2
       2
       2
       2
       2
       3
       1
       1
       1
       0
       0
       2
       0
       0
       1
       3
       3
       0
       1
       0
       1
       0
       0
       1
       0
       1
       0
       0
       1
       1
       1
       2
       0
       2
       0
       0
       0
       0
       2
       1
       0
       1
       1
       1
       1
       1
       1
       1
       1
       4
       4
       3
       1
       1
       0
       0
       2
       1
       1
       3
       2
       2
       0
       3
       2
       1
       1
       3
       0
       1
       2
       0
       1
       1
       4
       1
       3
       2
       1
       1
       1
       2
       1
       0
       1
       2
       3
       1
       2
       1
       2
       1
       4
       2
       1
       2
       2
       2
       0
       3
       1
       2
       1
       0
       2
       1
       2
       1
       3
       3
       1
       1
       1
       3
       2
       3
       2
       3
       2
       1
       2
       5
       2
       2
       4
       3
       3
       1
       7
       8
       4
       7
       3
       1
       3
       4
       7
       5
       3
      10
       3
       4
       3
       4
       4
       5
       2
       1
       2
       1
       0
       1
       1
       3
       0
       0
       0
       1
       2
       2
       2
       1
       1
       1
       4
       1
       1
       2
       2
       3
       1
       1
       1
       4
       3
       0
       0
       2
       3
       0
       1
       1
       1
       1
       0
       3
       3
       1
       1
       0
       2
       1
       1
       0
       0
       2
       2
       1
       1
       0
       2
       1
       1
       2
       2
       5
       2
       2
       0
       0
       1
       1
       0
       0
       0
       1
       0
       4
       3
       5
       1
       1
       0
       1
       1
       0
       0
       0
       0
       2
       3
       2
       0
       0
       0
       1
       1
       0
       1
       1
       0
       0
       1
       1
       0
       2
       2
       1
       1
       3
       1
       2
       0
       3
       0
       3
       1
       3
       0
       2
       0
       0
       0
       1
       2
       1
       1
       4
       0
       1
       1
       1
       1
       0
       0
       1
       1
       1
       2
       0
       3
       1
       3
       2
       1
       0
       1
       0
       0
       1
       1
       0
       0
       2
       2
       1
       2
       1
       1
       1
       1
       1
       2
       1
       1
       0
       1
       1
       3
       0
       1
       2
       1
       0
       2
       1
       3
       3
       1
       1
       0
       0
       1
       1
       0
       0
       1
       1
       2
       1
       3
       1
       1
       2
       0
       1
       1
       1
       5
       0
       2
       0
       4
       1
       0
       1
       0
       0
       1
       2
       2
       0
       0
       1
       0
       2
       1
       0
       1
       1
       1
       0
       1
       2
       2
       1
       1
       1
       1
       0
       0
       1
       0
       1
       3
       1
       2
       2
       1
       1
       3
       2
       1
       1
       2
       0
       0
       1
       1
       1
       0
       1
       2
       1
       0
       0
       2
       3
       2
       1
       1
       0
       1
       2
       0
       0
       2
       0
       0
       2
       0
       4
       4
       5
       0
       0
       0
       1
       4
       3
       0
       1
       2
       1
       0
       3
       1
       3
       2
       3
       2
       1
       1
       1
       3
       2
       2
       1
       1
       3
       2
       3
       2
       0
       3
       0
       1
       2
       4
       3
       2
       2
       0
       2
       2
       2
       1
       3
       1
       1
       2
       2
       2
       2
       4
       3
       2
       2
       0
       0
       1
       0
       1
       1
       1
       1
       1
       1
       0
       0
       1
       1
       1
       1
       2
       2
       2
       2
       2
       0
       0
       1
       1
       1
       1
       1
       1
       3
       1
       2
       3
       1
       0
       1
       2
       0
       2
       0
       0
       0
       1
       0
       0
       0
       0
       0
       2
       2
       1
       1
       2
       1
       1
       2
       0
       4
       1
       2
       0
       0
       2
       2
       1
       0
       0
       2
       0
       1
       5
       2
       1
       1
       0
       0
       2
       1
       1
       3
       0
       1
       3
       1
       1
       0
       2
       0
       1
       0
       4
       2
       1
       1
       0
       1
       1
       2
       0
       2
       3
       0
       1
       1
       1
       1
       1
       0
       1
       2
       2
       1
       0
       1
       1
       1
       0
       1
       1
       2
       2
       2
       2
       2
       1
       1
       1
       5
       3
       0
       2
       1
       1
       0
       0
       2
       0
       2
       1
       1
       0
       0
       2
       0
       3
       1
       0
       2
       3
       1
       0
       0
       2
       0
       2
       0
       2
       3
       1
       0
       1
       0
       1
       1
       1
       0
       1
       0
       1
       2
       3
       0
       0
       2
       0
       0
       0
       1
       1
       1
       0
       1
       3
       2
       2
       1
       0
       1
       2
       1
       0
       1
       2
       0
       1
       0
       3
       2
       1
       1
       1
       1
       4
       0
       0
       1
       1
       1
       0
       0
       1
       1
       1
       0
       0
       0
       0
       0
       1
       2
       2
       0
       1
       2
       3
       2
       0
       0
       0
       0
       1
       2
       2
       1
       2
       0
       2
       3
       4
       0
       1
       1
       2
       2
       2
       0
       0
       4
       1
       2
       2
       3
       1
       0
       2
       5
       0
       0
       1
       1
       1
       2
       1
       2
       2
       2
       1
       3
       2
       2
       2
       1
       1
       0
       1
       0
       1
       0
       0
       1
       1
       2
       1
       2
       1
       0
       1
       1
       3
       0
       0
       5
       0
       2
       3
       3
       2
       2
       1
       2
       5
       1
       0
       2
       2
       0
       3
       2
       2
       0
       2
       0
       2
       1
       0
       2
       1
       2
       0
       1
       1
       5
       3
       2
       3
       0
       1
       1
       1
       1
       0
       1
       1
       1
       0
       3
       2
       1
       1
       1
       1
       1
       1
       2
       2
       2
       2
       3
       1
       0
       1
       0
       0
       1
       1
       2
       4
       3
       1
       1
       2
       2
       1
       2
       1
       0
       4
       1
       2
       1
       2
       0
       0
       0
       0
       1
       1
       1
       4
       0
       2
       0
       1
       0
       4
       0
       0
       0
       4
       2
       0
       3
       2
       2
       3
       1
       2
       1
       1
       2
       1
       0
       2
       3
       1
       1
       2
       2
       2
       1
       1
       1
       1
       0
       1
       0
       2
       0
       0
       2
       0
       0
       0
       1
       1
       0
       1
       1
       0
       3
       0
       1
       1
       2
       0
       2
       2
       0
       2
       1
       3
       1
       2
       0
       3
       0
       4
       1
       0
       2
       2
       0
       0
       3
       1
       2
       0
       2
       3
       0
       2
       1
       2
       0
       1
       1
       2
       2
       5
       0
       2
       1
       1
       2
       0
       1
       1
       1
       1
       1
       3
       3
       2
       0
       2
       2
       2
       0
       2
       1
       0
       2
       0
       2
       0
       0
       3
       3
       0
       1
       0
       4
       1
       2
       1
       0
       0
       1
       3
       2
       1
       1
       0
       3
       0
       6
       4
       2
       1
       1
       2
       2
       1
       0
       0
       2
       1
       0
       2
       1
       3
       0
       0
       0
       2
       0
       2
       0
       1
       3
       2
       1
       1
       1
       1
       1
       0
       1
       1
       3
       1
       2
       0
       2
       2
       1
       0
       1
       0
       1
       2
       0
       1
       0
       0
       0
       1
       2
       1
       1
       1
       2
       1
       0
       0
       0
       1
       2
       2
       0
       0
       1
       2
       3
       0
       0
       2
       1
       0
       1
       3
       1
       0
       1
       1
       3
       1
       1
       2
       0
       0
       0
       1
       3
       0
       0
       4
       0
       2
       0
       1
       1
       0
       1
       4
       1
       0
       2
       0
       2
       0
       0
       0
       2
       0
       1
       2
       0
       1
       0
       2
       1
       2
       0
       1
       1
       0
       1
       0
       0
       1
       0
       0
       0
       0
       0
       0
       0
       2
       0
       1
       1
       1
       1
       0
       0
       0
       0
       1
       1
       0
       4
       0
       1
       3
       4
       2
       2
       0
       0
       1
       0
       2
       1
       1
       1
       1
       0
       0
       2
       0
       3
       2
       0
       1
       0
       2
       0
       0
       0
       1
       0
       2
       0
       5
       1
       0
       1
       0
       1
       0
       1
       0
       4
       2
       0
       2
       0
       0
       1
       0
       0
       0
       1
       1
       1
       1
       0
       2
       0
       0
       0
       2
       1
       0
       2
       1
       2
       0
       1
       2
       0
       0
       3
       1
       2
       1
       4
       1
       0
       4
       0
       1
       0
       1
       2
       0
       0
       2
       2
       0
       1
       0
       3
       0
       0
       0
       1
       1
       0
       1
       1
       2
       1
       0
       1
       0
       0
       1
       1
       1
       0
       1
       2
       2
       2
       1
       0
       2
       2
       0
       0
       0
       2
       0
       2
       2
       1
       3
       0
       1
       1
       2
       1
       3
       0
       0
       2
       2
       1
       2
       3
       4
       2
       0
       2
       3
       1
       2
       1
       3
       0
       3
       1
       0
       0
       0
       3
       1
       1
       2
       0
       1
       1
       0
       1
       3
       1
       1
       0
       1
       2
       1
       0
       1
       0
       0
       2
       0
       0
       0
       3
       0
       2
       1
       1
       0
       0
       0
       1
       4
       1
       0
       1
       0
       1
       0
       2
       0
       1
       1
       2
       0
       2
       0
       1
       1
       0
       1
       6
       0
       0
       2
       1
       1
       2
       1
       1
       1
       3
       4
       0
       0
       0
       2
       0
       0
       2
       0
       2
       0
       1
       1
       0
       0
       0
       0
       5
       0
       1
       2
       1
       2
       1
       0
       2
       0
       0
       3
       1
       0
       0
       1
       4
       2
       0
       0
       3
       0
       0
       1
       1
       1
       0
       4
       4
       0
       0
       0
       3
       4
       3
       3
       0
       2
       1
       0
       0
       2
       0
       1
       0
       0
       0
       2
       3
       0
       0
       1
       2
       2
       1
       3
       1
       0
       2
       2
       1
       1
       1
       2
       0
       1
       2
       1
       1
       2
       0
       3
       1
       2
       1
       0
       2
       1
       1
       0
       1
       0
       0
       0
       0
       1
       1
       0
       2
       0
       1
       1
       1
       0
       1
       0
       1
       1
       0
       0
       2
       1
       3
       0
       0
       1
       0
       1
       2
       0
       3
       1
       0
       1
       0
       0
       1
       1
       4
       0
       0
       1
       1
       0
       1
       0
       0
       0
       3
       0
       2
       1
       1
       1
       0
       0
       1
       3
       0
       2
       0
       1
       0
       0
       1
       1
       1
       0
       0
       1
       1
       0
       1
       2
       0
       3
       1
       1
       0
       2
       2
       0
       0
       1
       0
       0
       0
       2
       1
       0
       0
       0
       1
       1
       1
       3
       1
       1
       2
       1
       1
       1
       0
       0
       2
       2
       2
       1
       1
       3
       0
       1
       2
       1
       2
       2
       1
       3
       0
       0
       2
       3
       0
       0
       2
       1
       0
       1
       0
       0
       2
       1
       2
       1
       1
       1
       0
       3
       1
       1
       0
       0
       2
       1
       0
       1
       1
       1
       0
       1
       1
       1
       3
       3
       1
       0
       1
       2
       2
       4
       1
       2
       2
       2
       0
       3
       0
       1
       0
       1
       0
       2
       1
       1
       2
       0
       0
       0
       0
       1
       2
       1
       2
       1
       3
       1
       0
       0
       2
       1
       1
       1
       1
       0
       2
       1
       0
       2
       0
       2
       1
       0
       3
       0
       0
       0
       0
       0
       0
       0
       0
       0
       0
       0
       0
       0
       0
       0
       0
       0
       0
       0
       0
       0
       0
       0
       0
       0
       0
       0
       0
       0
       0
       0
       0
       0
       0
       0
       0
       0
       0
       0
       0
       0
       0
       0
       0
       0
       0
       0
       0
       0
       0
       0
       0
       0
       0
       0
       0
       0
       0
       0
       0
       0
       0
       0
       0
       0
       0
       0
       0
       0
       0
       0
       0
       0
       0
       0
       0
       0
       0
       0
       0
       0
       0
       0
       0
       0
       0
       0
       0
       0
       0
       0
       0
       0
       0
       0
       0
       0
       0
       0
       0
       0
       0
       0
       0
       0
       0
       0
       0
       0
       0
       0
       0
       0
       0
       0
       0
       0
       0
       0
       0
       0
       0
       0
       0
       0
       0
       0
       0
       0
       0
       0
       0
       0
       0
       0
       0
       0
       0
       0
       0
       0
       0
       0
       0
       0
       0
       0
       0
       0
       0
       0
       0
       0
       0
       0
       0
       0
       0
       0
       0
       0
       0
       0
       0
       0
       0
       0
       0
       0
       0
       0
       0
       0
       0
       0
       0
       0
       0
       0
       0
       0
       0
       0
       0
       0
       0
       0
       0
$ROI:
2
2765 2788
2820 2882
$PRESETS:
None
0
0
$ENER_FIT:
0.000000 0.402997
$MCA_CAL:
3
0.000000E+000 4.029968E-001 0.000000E+000 keV
$SHAPE_CAL:
3
0.000000E+000 0.000000E+000 0.000000E+000
