$SPEC_ID:
Cs137
$SPEC_REM:
DET# 2
DETDESC# DETECTOR 2
AP# Maestro Version 7.01
$DATE_MEA:
03/07/2017 15:44:52
$MEAS_TIM:
137447 137465
$DATA:
0 8191
       0
       0
       0
       0
       0
       0
       0
       0
       0
       0
       0
       0
       0
       0
       0
       0
       0
       0
       0
       0
       0
       0
       0
       0
       0
       0
       0
       0
       0
       0
       0
       0
       0
       0
       0
       0
       0
       0
       0
       0
       0
       0
       0
       0
       0
       0
       0
       0
       0
       0
       0
       0
       0
       0
       0
       0
       0
       0
       0
       0
       0
       0
       0
       0
       0
       0
       0
       0
       0
       0
       0
       0
       0
       0
       0
       0
       0
       0
       0
       0
       0
       0
       0
       0
       0
       0
       0
       0
       0
       0
       0
       0
       0
       0
      13
     108
     572
    1737
    1908
    1887
    1924
    1840
    1805
    1751
    1779
    1715
    1713
    1631
    1600
    1578
    1545
    1634
    1488
    1549
    1592
    1696
    1802
    1697
    1569
    1447
    1440
    1362
    1374
    1371
    1408
    1374
    1373
    1379
    1384
    1436
    1387
    1482
    1471
    1609
    1611
    1503
    1521
    1419
    1406
    1403
    1534
    1403
    1522
    1527
    1509
    1613
    1611
    1655
    1684
    1704
    1655
    1660
    1610
    1608
    1628
    1767
    1990
    2363
    2545
    2273
    1941
    1793
    1705
    1721
    1742
    1701
    1649
    1723
    1745
    1747
    1736
    1732
    1740
    1812
    1844
    1888
    1872
    1893
    2146
    2586
    3869
    5376
    5602
    4484
    3602
    4412
    7229
    8531
    7005
    4115
    2184
    1838
    1651
    1594
    1573
    1513
    1546
    1512
    1550
    1613
    1556
    1518
    1608
    1613
    1612
    1605
    1641
    1791
    1913
    2467
    3371
    4202
    4128
    3269
    2335
    1900
    2001
    2338
    2390
    2113
    1831
    1686
    1459
    1510
    1531
    1552
    1510
    1562
    1689
    1989
    2485
    2624
    2519
    1977
    1662
    1564
    1586
    1549
    1518
    1486
    1446
    1428
    1463
    1505
    1539
    1491
    1514
    1497
    1490
    1446
    1436
    1445
    1508
    1563
    1498
    1501
    1516
    1547
    1576
    1641
    1857
    1901
    1756
    1752
    1545
    1465
    1581
    1491
    1489
    1551
    1592
    1596
    1594
    1621
    1659
    1557
    1587
    1607
    1570
    1572
    1644
    1655
    1605
    1586
    1677
    1612
    1538
    1639
    1560
    1690
    1660
    1648
    1627
    1592
    1568
    1568
    1587
    1626
    1546
    1563
    1684
    1610
    1623
    1568
    1629
    1654
    1571
    1659
    1703
    1671
    1683
    1704
    1668
    1660
    1655
    1650
    1703
    1707
    1632
    1620
    1593
    1634
    1685
    1662
    1687
    1671
    1684
    1641
    1691
    1583
    1674
    1684
    1630
    1661
    1589
    1615
    1644
    1638
    1688
    1600
    1652
    1657
    1694
    1620
    1674
    1653
    1590
    1719
    1631
    1713
    1652
    1667
    1581
    1621
    1656
    1683
    1591
    1763
    1789
    1777
    1675
    1637
    1595
    1657
    1642
    1660
    1642
    1616
    1645
    1638
    1608
    1617
    1585
    1695
    1624
    1692
    1651
    1575
    1598
    1693
    1696
    1682
    1688
    1680
    1581
    1674
    1729
    1586
    1673
    1620
    1715
    1668
    1631
    1752
    1663
    1677
    1661
    1637
    1623
    1654
    1646
    1728
    1643
    1791
    1691
    1750
    1639
    1631
    1705
    1628
    1632
    1636
    1659
    1718
    1693
    1708
    1706
    1685
    1686
    1735
    1789
    1747
    1707
    1728
    1733
    1797
    1833
    1792
    1755
    1756
    1820
    1772
    1863
    1810
    1860
    1832
    1797
    1730
    1798
    1729
    1771
    1806
    1757
    1820
    1733
    1773
    1830
    1849
    1759
    1862
    1789
    1826
    1722
    1700
    1794
    1782
    1743
    1674
    1794
    1887
    1885
    1957
    2097
    2169
    2070
    1928
    1798
    1781
    1784
    1774
    1687
    1765
    1777
    1720
    1764
    1757
    1789
    1707
    1787
    1814
    1781
    1823
    1846
    1730
    1768
    1894
    1871
    1912
    1786
    1825
    1896
    1891
    1857
    1949
    1892
    1983
    1936
    1921
    1831
    1886
    1986
    1878
    1953
    1970
    1992
    1893
    1962
    1942
    1958
    1955
    1961
    1856
    2039
    1870
    1974
    1964
    1926
    1884
    1974
    1870
    1893
    1863
    1787
    1885
    1900
    1803
    1852
    1876
    1853
    1875
    1854
    1828
    1913
    1903
    1818
    1877
    1871
    1828
    1932
    1794
    1881
    1866
    1878
    1876
    1872
    1823
    1791
    1864
    1771
    1917
    1810
    1862
    1883
    1943
    1902
    1864
    1871
    1831
    1956
    1879
    1879
    1903
    1941
    1891
    1899
    1827
    1907
    1886
    1872
    1947
    1877
    1944
    1906
    1928
    1905
    1883
    1847
    1962
    1823
    1903
    1901
    1844
    1840
    1983
    1996
    2166
    2260
    2211
    2087
    1997
    1989
    1819
    1888
    1859
    1915
    1957
    1957
    1916
    1718
    1806
    1784
    1803
    1737
    1749
    1757
    1747
    1606
    1678
    1698
    1685
    1637
    1624
    1675
    1666
    1599
    1566
    1705
    1660
    1586
    1581
    1552
    1522
    1554
    1503
    1477
    1473
    1510
    1457
    1431
    1512
    1506
    1449
    1335
    1445
    1418
    1425
    1402
    1379
    1345
    1370
    1356
    1353
    1353
    1300
    1242
    1349
    1348
    1253
    1253
    1279
    1287
    1264
    1314
    1286
    1282
    1217
    1254
    1179
    1182
    1227
    1147
    1223
    1251
    1207
    1194
    1173
    1236
    1224
    1208
    1165
    1144
    1180
    1195
    1202
    1200
    1118
    1156
    1114
    1136
    1139
    1105
    1130
    1057
    1095
    1102
    1173
    1171
    1110
    1084
    1152
    1110
    1110
    1044
    1065
    1085
    1099
    1069
    1161
    1094
    1082
    1122
    1056
    1089
    1084
    1051
    1053
    1081
    1095
    1057
    1063
    1053
    1043
    1037
    1077
    1093
    1061
    1072
    1097
    1044
    1065
    1086
    1048
    1034
    1059
    1039
    1070
    1032
    1051
    1013
    1060
    1026
    1077
    1065
    1029
    1121
    1052
    1048
    1046
    1072
    1059
    1026
    1035
    1058
    1044
    1019
    1062
    1050
    1033
    1110
    1001
    1007
    1022
     992
    1015
    1077
    1008
    1012
     963
     984
    1005
    1023
    1015
    1071
    1038
     993
    1063
    1018
     999
    1004
    1029
    1051
     986
    1032
     952
    1022
     964
     973
    1014
    1004
    1003
     990
     991
     993
    1018
     953
    1024
    1006
     989
    1065
    1029
     972
    1004
     985
     937
     959
     965
     976
    1031
     998
     956
     964
    1017
    1006
     992
     941
     944
    1001
     980
     947
     989
     952
     972
     925
    1012
     987
     967
     984
     973
     916
     984
    1011
     919
     974
     919
     990
     913
     971
     960
     941
     900
     950
     969
     999
     945
     901
     917
     886
     896
     898
     938
     944
     927
     960
     856
     938
     924
     924
     859
     804
     883
     837
     834
     847
     842
     833
     827
     847
     782
     824
     797
     831
     803
     751
     818
     773
     768
     775
     738
     773
     764
     762
     743
     763
     791
     812
     817
     760
     804
     784
     793
     755
     816
     727
     749
     735
     787
     726
     747
     693
     730
     707
     773
     746
     735
     723
     701
     676
     670
     721
     645
     682
     703
     692
     709
     745
     722
     685
     669
     711
     678
     711
     669
     676
     693
     649
     668
     601
     617
     681
     674
     641
     629
     677
     650
     634
     608
     687
     694
     697
     682
     670
     626
     675
     649
     615
     691
     643
     663
     649
     677
     590
     671
     599
     624
     614
     621
     649
     627
     638
     637
     643
     612
     673
     638
     616
     612
     633
     625
     642
     679
     680
     860
    1068
    1567
    2120
    2772
    3075
    2971
    2502
    1784
    1277
     902
     746
     703
     688
     800
     875
     882
     848
     798
     712
     613
     641
     609
     577
     594
     560
     610
     597
     584
     539
     595
     563
     627
     583
     568
     543
     554
     604
     645
     593
     606
     607
     558
     561
     585
     555
     550
     535
     593
     544
     569
     594
     511
     576
     539
     543
     595
     586
     582
     598
     509
     558
     539
     525
     579
     538
     562
     549
     578
     575
     517
     569
     567
     551
     542
     542
     579
     529
     619
     569
     558
     572
     596
     538
     542
     558
     565
     567
     581
     522
     536
     502
     577
     531
     522
     555
     524
     549
     541
     573
     568
     525
     528
     565
     526
     558
     494
     551
     540
     570
     523
     561
     525
     524
     539
     540
     520
     580
     534
     525
     548
     581
     585
     557
     523
     563
     563
     527
     504
     549
     534
     570
     530
     525
     494
     574
     524
     539
     526
     548
     556
     517
     472
     515
     522
     500
     563
     508
     501
     538
     482
     551
     511
     550
     552
     527
     508
     525
     535
     569
     529
     506
     538
     523
     466
     497
     532
     459
     517
     499
     531
     545
     573
     513
     533
     518
     517
     530
     530
     521
     536
     494
     549
     517
     540
     503
     524
     520
     508
     550
     523
     558
     559
     538
     574
     549
     485
     540
     538
     511
     571
     511
     504
     534
     538
     542
     515
     541
     495
     493
     528
     529
     489
     554
     543
     498
     561
     519
     532
     564
     555
     596
     613
     636
     729
     780
     872
     857
     809
     730
     658
     576
     516
     508
     547
     528
     536
     612
     673
     837
    1010
    1386
    1936
    2325
    2536
    2544
    2146
    1688
    1238
     898
     678
     650
     560
     564
     554
     530
     521
     532
     538
     558
     556
     541
     507
     530
     504
     559
     548
     518
     506
     529
     511
     546
     537
     551
     521
     504
     564
     560
     573
     603
     543
     547
     589
     552
     596
     542
     543
     511
     554
     537
     580
     608
     625
     565
     619
     569
     601
     645
     742
     932
    1193
    1597
    2222
    3154
    4377
    6034
    7762
    9408
   10796
   11843
   11331
   10295
    8611
    6690
    5097
    3421
    2398
    1620
    1136
     912
     720
     586
     614
     513
     552
     511
     579
     537
     545
     546
     492
     546
     564
     538
     567
     566
     544
     526
     529
     507
     546
     535
     551
     520
     488
     528
     590
     540
     544
     595
     577
     564
     578
     588
     575
     544
     559
     524
     558
     572
     569
     556
     584
     561
     516
     567
     535
     591
     564
     575
     635
     583
     566
     580
     539
     540
     550
     572
     526
     571
     609
     552
     560
     545
     585
     564
     525
     540
     519
     545
     596
     574
     528
     570
     521
     576
     527
     573
     562
     555
     563
     551
     537
     600
     521
     574
     519
     556
     561
     544
     604
     600
     540
     589
     596
     589
     555
     593
     575
     560
     571
     537
     536
     575
     578
     588
     605
     595
     606
     563
     565
     545
     592
     598
     558
     557
     557
     613
     577
     582
     608
     591
     567
     608
     565
     554
     572
     638
     601
     546
     586
     539
     578
     542
     563
     602
     594
     587
     535
     517
     583
     509
     545
     511
     539
     528
     528
     506
     531
     470
     495
     491
     459
     479
     510
     497
     473
     480
     497
     480
     480
     427
     486
     465
     491
     488
     485
     479
     512
     488
     473
     487
     495
     465
     466
     428
     457
     463
     477
     480
     462
     445
     409
     436
     439
     462
     448
     461
     482
     468
     407
     433
     471
     440
     452
     463
     436
     425
     430
     435
     431
     503
     485
     471
     432
     452
     465
     458
     437
     443
     461
     474
     449
     431
     452
     451
     489
     434
     441
     428
     459
     453
     418
     439
     404
     434
     455
     460
     464
     442
     467
     451
     437
     452
     477
     500
     449
     485
     441
     467
     442
     440
     421
     415
     465
     433
     432
     407
     449
     470
     438
     365
     508
     444
     429
     438
     400
     430
     439
     393
     471
     413
     413
     449
     412
     440
     423
     394
     424
     416
     409
     448
     421
     457
     418
     425
     412
     436
     426
     433
     411
     399
     419
     432
     438
     402
     433
     393
     436
     405
     425
     391
     418
     426
     423
     479
     402
     420
     435
     420
     408
     423
     425
     437
     407
     413
     418
     398
     431
     438
     422
     400
     448
     392
     418
     432
     402
     421
     438
     398
     406
     415
     436
     429
     420
     398
     476
     412
     453
     426
     394
     408
     428
     436
     433
     452
     409
     396
     379
     476
     405
     382
     430
     410
     446
     455
     427
     432
     422
     429
     409
     387
     421
     392
     431
     429
     426
     421
     376
     416
     404
     459
     429
     453
     423
     402
     442
     411
     408
     430
     430
     437
     409
     451
     438
     395
     425
     407
     411
     407
     449
     446
     449
     434
     452
     424
     424
     431
     487
     392
     429
     475
     407
     422
     453
     475
     449
     434
     449
     453
     477
     439
     435
     407
     464
     454
     432
     474
     453
     434
     464
     441
     471
     458
     474
     434
     438
     465
     476
     465
     426
     451
     481
     477
     453
     505
     457
     449
     477
     446
     466
     441
     466
     489
     461
     464
     415
     504
     466
     496
     511
     484
     485
     468
     467
     460
     469
     445
     510
     494
     461
     433
     508
     499
     466
     480
     477
     472
     451
     473
     477
     422
     477
     460
     432
     485
     460
     429
     462
     461
     421
     415
     472
     440
     437
     451
     446
     435
     435
     453
     438
     463
     393
     404
     423
     422
     421
     435
     392
     414
     392
     416
     379
     361
     358
     393
     401
     368
     361
     403
     398
     375
     373
     348
     379
     342
     385
     398
     405
     450
     497
     492
     578
     722
     848
    1162
    1427
    1562
    1823
    1874
    1767
    1593
    1310
     926
     670
     473
     465
     420
     392
     360
     377
     372
     333
     337
     312
     351
     356
     343
     304
     333
     286
     329
     302
     359
     284
     333
     313
     295
     305
     293
     319
     303
     261
     282
     265
     290
     268
     295
     298
     284
     285
     270
     282
     271
     270
     264
     291
     262
     267
     257
     268
     244
     239
     234
     265
     261
     252
     271
     269
     233
     238
     250
     281
     256
     254
     230
     262
     237
     277
     298
     313
     370
     509
     613
     753
     948
    1237
    1548
    1833
    1894
    1953
    1863
    1620
    1153
     843
     561
     406
     323
     272
     327
     331
     407
     558
     804
    1223
    1622
    2493
    3426
    5026
    6703
    8088
    9422
    9829
    9607
    8407
    6721
    4723
    2929
    1682
     956
     636
     350
     238
     216
     195
     199
     187
     186
     194
     188
     195
     196
     184
     188
     189
     176
     175
     178
     184
     182
     181
     159
     179
     162
     186
     142
     174
     170
     188
     154
     184
     170
     179
     156
     150
     179
     153
     172
     148
     170
     159
     154
     181
     186
     175
     167
     147
     156
     167
     157
     177
     118
     133
     130
     134
     158
     147
     128
     148
     123
     110
     140
     153
     160
     141
     137
     136
     138
     132
     124
     136
     126
     112
     150
     131
     150
     146
     147
     104
     127
     149
     116
     120
     131
     113
     140
     147
     135
     139
     118
     126
     140
     118
     117
     114
     117
     100
     102
     127
     116
     118
     128
     119
      99
     127
     124
     106
     126
     122
     127
     120
     130
     119
     117
     105
     131
     132
     112
      90
     102
     107
     116
      85
     105
      98
     115
     120
     106
      99
      98
     107
     108
      88
      92
     107
      90
      83
     116
     110
      95
      95
      85
      84
      91
      98
      96
      83
      80
      89
      94
      86
      93
      80
      81
      90
      66
      98
      92
     101
      98
      88
     100
      91
      91
      85
     104
      93
      97
      71
      91
      88
      84
      89
     102
      71
      76
      79
      85
      93
      93
      79
      81
     100
      85
      90
      95
      93
      90
      79
      93
     107
     111
     118
      96
      97
     112
     108
     111
      97
      87
      85
      72
      77
      69
      69
      68
      81
      90
      76
      75
      65
      79
      87
      79
      61
      84
      77
      88
      72
      62
      76
      71
      74
      82
      72
      73
      73
      69
      78
      59
      72
      81
      76
      81
      79
      76
      83
      80
      73
      74
      83
      69
      66
      86
      76
      74
      61
      65
      87
      77
      88
      70
      89
      68
      82
      75
      67
      81
      62
      66
      66
      85
      73
      81
      73
      68
      64
      68
      63
      74
      88
      66
      57
      94
      75
      74
      61
      76
      77
      77
      62
      73
      68
      64
      70
      67
      70
      74
      71
      69
      74
      67
      79
      94
      65
      76
      76
      69
      81
      83
      74
      78
      67
      85
      92
      70
      81
      86
      87
     106
     136
     159
     221
     246
     332
     466
     580
     814
     980
    1067
    1135
    1150
    1153
     994
     767
     548
     331
     226
     171
     114
     103
      94
     118
     108
     174
     203
     320
     447
     619
     929
    1239
    1706
    2360
    3139
    4352
    5417
    6440
    6921
    7168
    7063
    6363
    5163
    3874
    2606
    1549
     938
     642
     415
     280
     203
     155
     114
     103
      56
      78
      68
      70
      48
      56
      53
      47
      48
      55
      61
      48
      46
      58
      46
      50
      63
      54
      42
      67
      53
      58
      63
      68
      60
      64
      59
      60
      46
      81
      66
      96
      90
     127
     147
     194
     263
     375
     556
     827
    1084
    1405
    2049
    2829
    3848
    4622
    5309
    5935
    5986
    5802
    5372
    4599
    3488
    2202
    1319
     799
     443
     292
     174
     121
      81
      46
      50
      43
      51
      46
      48
      43
      46
      41
      45
      40
      38
      49
      44
      48
      48
      34
      51
      54
      49
      61
      44
      63
      54
      82
      45
      57
      65
      56
      55
      47
      51
      50
      55
      48
      43
      46
      44
      62
      54
      54
      47
      46
      45
      43
      34
      40
      43
      43
      42
      40
      38
      42
      47
      59
      48
      36
      50
      47
      47
      41
      45
      47
      47
      41
      50
      52
      50
      45
      47
      50
      49
      58
      36
      68
      46
      46
      50
      39
      46
      47
      46
      49
      32
      44
      29
      49
      45
      46
      37
      42
      55
      34
      45
      48
      43
      37
      37
      43
      45
      43
      58
      36
      34
      39
      47
      40
      42
      43
      38
      43
      51
      56
      40
      52
      45
      42
      43
      40
      47
      54
      42
      41
      44
      48
      36
      44
      41
      46
      48
      49
      55
      49
      49
      41
      58
      41
      40
      47
      34
      42
      48
      48
      49
      53
      47
      51
      57
      61
      46
      45
      62
      54
      49
      49
      55
      69
      44
      49
      41
      51
      42
      38
      47
      54
      46
      51
      32
      35
      43
      38
      39
      39
      41
      50
      44
      39
      45
      47
      47
      51
      33
      41
      36
      44
      46
      31
      43
      36
      32
      41
      42
      48
      37
      41
      35
      36
      41
      34
      57
      33
      39
      46
      45
      48
      49
      47
      29
      46
      30
      42
      46
      38
      52
      45
      48
      35
      44
      40
      40
      39
      45
      49
      47
      39
      33
      40
      42
      43
      42
      42
      43
      48
      44
      40
      40
      36
      54
      29
      35
      42
      45
      33
      35
      51
      44
      43
      53
      37
      51
      52
      55
      50
      33
      41
      45
      42
      41
      32
      47
      45
      39
      35
      45
      38
      44
      50
      39
      32
      41
      39
      36
      44
      30
      49
      40
      52
      32
      45
      48
      49
      35
      43
      51
      49
      43
      40
      44
      38
      52
      45
      42
      50
      39
      31
      39
      32
      30
      40
      44
      45
      50
      52
      53
      36
      39
      45
      39
      58
      48
      58
      41
      30
      45
      36
      31
      32
      35
      33
      42
      45
      49
      43
      44
      43
      43
      35
      34
      32
      40
      44
      32
      35
      40
      32
      31
      28
      41
      37
      35
      38
      40
      43
      45
      30
      41
      39
      37
      40
      37
      41
      23
      28
      28
      26
      29
      36
      34
      39
      35
      42
      34
      32
      36
      27
      40
      38
      28
      42
      37
      43
      32
      37
      27
      33
      40
      36
      50
      36
      42
      36
      52
      43
      25
      43
      39
      35
      40
      43
      41
      43
      33
      30
      36
      33
      41
      30
      27
      34
      30
      34
      40
      43
      29
      33
      42
      26
      31
      47
      36
      32
      45
      38
      28
      35
      34
      33
      38
      31
      39
      33
      35
      34
      39
      29
      37
      35
      44
      49
      37
      27
      36
      28
      25
      36
      43
      29
      35
      31
      54
      35
      34
      32
      35
      49
      43
      43
      41
      45
      57
      44
      31
      40
      31
      43
      31
      27
      30
      42
      35
      42
      41
      35
      31
      33
      36
      28
      25
      39
      37
      25
      36
      26
      33
      37
      28
      33
      36
      30
      31
      33
      36
      39
      30
      32
      33
      35
      37
      40
      27
      39
      34
      40
      33
      43
      29
      30
      45
      33
      38
      30
      31
      31
      37
      37
      33
      30
      36
      39
      34
      28
      20
      40
      30
      32
      25
      34
      35
      27
      35
      36
      33
      21
      36
      33
      40
      31
      42
      30
      36
      29
      33
      38
      37
      27
      37
      29
      27
      39
      37
      30
      30
      34
      30
      35
      34
      29
      29
      32
      31
      35
      27
      32
      41
      26
      27
      35
      30
      34
      36
      39
      34
      39
      32
      43
      24
      24
      33
      23
      31
      24
      30
      40
      34
      30
      30
      28
      50
      40
      29
      28
      42
      30
      26
      36
      30
      38
      44
      36
      31
      24
      29
      39
      35
      35
      38
      34
      29
      33
      31
      35
      43
      31
      35
      26
      21
      30
      34
      25
      25
      27
      31
      34
      29
      28
      49
      35
      31
      31
      32
      30
      44
      30
      38
      31
      32
      33
      32
      34
      31
      36
      30
      27
      29
      29
      41
      33
      33
      32
      34
      36
      23
      36
      27
      28
      41
      38
      41
      39
      48
      49
      66
      83
      88
     105
     109
     124
     115
      96
      85
     104
     105
      93
      91
      56
      61
      45
      39
      45
      39
      39
      29
      40
      39
      31
      29
      37
      24
      28
      18
      26
      22
      26
      22
      46
      40
      41
      30
      27
      31
      35
      26
      29
      39
      24
      20
      30
      25
      24
      27
      36
      31
      28
      28
      21
      18
      30
      40
      31
      34
      29
      31
      34
      23
      27
      42
      31
      33
      36
      35
      38
      33
      34
      33
      29
      34
      32
      30
      30
      27
      29
      36
      39
      28
      33
      35
      25
      40
      44
      64
      38
      43
      33
      40
      41
      39
      46
      30
      38
      48
      20
      29
      26
      26
      32
      27
      30
      33
      28
      23
      27
      28
      27
      30
      22
      28
      28
      23
      20
      26
      35
      34
      24
      34
      38
      30
      34
      20
      27
      26
      34
      28
      27
      27
      31
      21
      19
      31
      27
      31
      42
      31
      29
      32
      29
      32
      32
      23
      35
      35
      33
      24
      33
      28
      32
      21
      22
      26
      24
      38
      33
      26
      33
      27
      31
      29
      37
      40
      39
      43
      48
      46
      45
      72
      86
      91
     113
      97
     122
     153
     144
     144
     160
     179
     158
     139
      98
      97
      76
      59
      39
      35
      43
      34
      35
      33
      22
      36
      25
      20
      30
      32
      28
      28
      41
      28
      30
      30
      36
      20
      29
      36
      24
      22
      25
      21
      16
      35
      29
      30
      20
      31
      31
      34
      27
      31
      30
      31
      32
      25
      33
      38
      30
      33
      31
      26
      24
      22
      33
      35
      31
      31
      25
      31
      21
      33
      34
      36
      28
      29
      31
      36
      22
      23
      25
      25
      33
      30
      27
      27
      27
      30
      32
      38
      25
      27
      32
      25
      27
      31
      28
      29
      39
      27
      18
      24
      31
      31
      32
      25
      35
      18
      27
      28
      30
      34
      24
      26
      25
      24
      25
      28
      27
      38
      27
      33
      39
      25
      38
      34
      40
      43
      40
      42
      54
      28
      36
      40
      34
      40
      44
      36
      29
      33
      32
      31
      22
      23
      25
      32
      23
      30
      30
      15
      34
      21
      21
      31
      29
      25
      21
      21
      27
      30
      23
      29
      23
      32
      36
      29
      30
      28
      24
      29
      26
      27
      29
      28
      36
      32
      28
      33
      24
      16
      31
      27
      31
      32
      32
      27
      33
      35
      29
      22
      31
      31
      20
      27
      25
      29
      23
      34
      32
      23
      22
      27
      18
      19
      34
      27
      25
      29
      37
      22
      26
      31
      29
      31
      32
      36
      25
      28
      24
      24
      24
      23
      34
      30
      20
      31
      23
      29
      31
      30
      32
      24
      40
      27
      28
      29
      28
      28
      21
      26
      27
      18
      32
      25
      28
      39
      14
      22
      19
      24
      29
      28
      30
      28
      28
      29
      32
      31
      23
      26
      26
      27
      30
      26
      31
      24
      24
      32
      34
      25
      27
      25
      21
      29
      30
      24
      29
      39
      35
      26
      22
      27
      28
      25
      16
      25
      23
      30
      25
      29
      30
      26
      26
      23
      21
      28
      30
      33
      24
      21
      29
      26
      30
      22
      21
      29
      24
      29
      29
      35
      30
      34
      26
      24
      25
      36
      26
      24
      33
      29
      33
      23
      21
      30
      33
      29
      31
      22
      29
      33
      26
      23
      20
      22
      18
      30
      34
      27
      27
      26
      26
      25
      25
      27
      24
      29
      20
      26
      24
      25
      26
      25
      34
      14
      23
      23
      18
      28
      14
      25
      26
      28
      24
      33
      39
      27
      28
      23
      21
      33
      32
      28
      22
      31
      33
      37
      32
      27
      23
      28
      25
      29
      29
      25
      21
      30
      19
      26
      33
      36
      34
      27
      32
      25
      22
      21
      32
      30
      30
      31
      21
      30
      33
      32
      26
      30
      31
      35
      28
      31
      31
      21
      22
      23
      26
      21
      27
      28
      33
      30
      34
      35
      31
      29
      27
      35
      29
      32
      31
      25
      26
      21
      28
      15
      38
      28
      26
      27
      25
      35
      28
      27
      19
      26
      28
      21
      37
      33
      32
      22
      30
      32
      27
      18
      35
      36
      19
      34
      29
      25
      28
      30
      30
      42
      50
      50
      56
      55
      57
      47
      58
      61
      53
      53
      42
      53
      45
      39
      37
      29
      23
      26
      27
      28
      31
      30
      33
      26
      27
      28
      41
      28
      17
      21
      34
      29
      31
      29
      22
      41
      26
      23
      35
      24
      22
      30
      38
      19
      22
      18
      24
      27
      32
      20
      26
      23
      26
      24
      25
      32
      28
      28
      27
      27
      24
      25
      41
      27
      25
      28
      27
      24
      25
      25
      26
      24
      26
      36
      25
      29
      31
      22
      24
      28
      27
      23
      16
      21
      23
      28
      27
      22
      26
      25
      34
      23
      29
      35
      27
      25
      32
      27
      23
      33
      25
      29
      27
      24
      31
      25
      23
      32
      27
      30
      30
      28
      20
      34
      25
      32
      36
      22
      25
      30
      33
      35
      33
      26
      25
      28
      24
      31
      29
      37
      29
      33
      33
      20
      36
      20
      32
      33
      25
      22
      31
      33
      26
      17
      33
      27
      22
      24
      24
      27
      24
      31
      28
      24
      27
      26
      26
      29
      37
      29
      25
      28
      26
      24
      30
      26
      32
      33
      27
      36
      34
      28
      27
      26
      21
      39
      30
      26
      26
      31
      24
      27
      23
      18
      38
      29
      32
      25
      25
      23
      32
      26
      29
      35
      43
      29
      27
      18
      25
      28
      29
      29
      28
      31
      33
      23
      32
      25
      32
      37
      38
      42
      25
      28
      29
      33
      27
      22
      30
      26
      19
      27
      25
      26
      26
      22
      33
      30
      32
      33
      26
      28
      33
      28
      15
      25
      26
      31
      24
      27
      32
      24
      27
      37
      30
      29
      22
      37
      28
      29
      30
      25
      30
      29
      32
      28
      27
      32
      21
      28
      25
      35
      26
      26
      21
      36
      27
      15
      26
      27
      29
      28
      21
      32
      43
      33
      38
      14
      26
      26
      19
      22
      30
      31
      30
      21
      34
      19
      24
      23
      36
      22
      32
      34
      24
      24
      25
      28
      30
      25
      23
      30
      30
      23
      27
      27
      29
      37
      27
      30
      28
      25
      26
      27
      33
      32
      29
      33
      29
      35
      23
      30
      28
      27
      38
      27
      36
      35
      37
      33
      34
      30
      36
      32
      36
      35
      32
      37
      34
      29
      28
      31
      23
      33
      41
      26
      32
      31
      28
      27
      29
      29
      38
      31
      23
      33
      24
      20
      30
      29
      21
      34
      23
      32
      26
      26
      27
      26
      28
      38
      28
      33
      25
      30
      33
      30
      27
      31
      32
      29
      19
      34
      25
      31
      33
      28
      18
      21
      29
      28
      22
      26
      19
      23
      30
      21
      24
      28
      37
      23
      23
      24
      24
      25
      29
      29
      35
      24
      23
      24
      24
      19
      17
      18
      18
      20
      27
      22
      15
      25
      19
      17
      18
      22
      30
      25
      26
      22
      28
      27
      19
      18
      24
      25
      23
      22
      22
      14
      13
      19
      15
      19
      26
      27
      19
      21
      26
      17
      13
      18
      16
      20
      20
      18
      26
      14
      14
      26
      19
      25
      22
      21
      13
      25
      27
      23
      26
      22
      16
      16
      16
      20
      21
      19
      20
      19
      17
      23
      22
      18
      19
      13
      23
      22
      21
      26
      23
      21
      14
      20
      25
      20
      23
      23
      19
      27
      15
      20
      17
      28
      16
      26
      19
      22
      18
      21
      20
      20
      22
      18
      21
      23
      20
      17
      21
      16
      21
      17
      13
      16
      17
      17
      11
      17
      19
      18
      16
      16
      17
      21
      21
      15
      18
      16
      19
      14
      21
       9
      15
      12
      12
      23
      24
      17
      13
      17
      17
      23
      21
      16
      15
      14
      21
      13
      15
      14
      25
      18
      25
      14
      13
      19
      20
      15
      15
      14
      22
      23
      13
      14
      13
      10
      18
      18
      13
      21
      18
      15
      15
      19
      19
      17
      13
      18
      15
      16
      19
      16
      24
      17
      14
      18
      12
      15
      17
      16
      13
      26
      16
      21
      12
      11
      14
      12
       9
      13
      13
      16
      12
      13
      16
      12
      19
      16
      18
      15
      16
      15
      17
      20
      25
      25
      28
      24
      25
      28
      26
      31
      23
      26
      34
      42
      27
      25
      30
      44
      42
      46
      33
      20
      32
      18
      13
      18
      18
      12
      14
      10
      18
      13
       7
      12
      22
      14
      16
      11
      12
      15
       8
      10
       9
      12
       8
      19
      14
      11
      11
      14
      19
      11
      17
       9
       6
      11
      10
      15
      14
      11
      21
      13
      13
      11
      16
      15
       9
      10
      12
      14
      12
      11
      11
      10
      11
      11
      10
      16
       9
       8
      11
      13
      18
      12
      14
      21
       9
      18
      11
      11
      19
      12
      14
      15
      20
      12
      12
       8
      14
      18
       9
      12
      15
      11
      11
      12
       8
      11
       7
       8
       8
       9
       4
      10
       8
      13
      16
       9
      14
      13
       9
      11
      10
       7
      13
      10
       4
      15
      11
      10
       7
      12
      11
      12
      14
      18
      12
      13
      14
      18
      11
      16
      11
      11
      17
      17
      17
      11
      16
       8
      16
      11
      11
      14
      17
       9
      13
       7
       9
       5
      11
      17
      14
      15
       9
       9
       8
       9
       9
       7
       5
      12
      12
      10
       6
       7
       7
      10
      12
       6
      10
      14
       9
       6
       3
       9
       6
      10
      13
       8
       8
       7
       6
       7
       8
       8
       9
      10
      10
       7
       7
       8
      14
      11
       9
       8
       9
       8
       5
       8
      10
      15
       7
      11
      12
       4
      10
       9
       5
      10
       7
       7
       5
       5
       8
       6
       7
      11
       4
       8
       7
       8
       9
       5
      11
       8
       7
       7
       8
      15
      10
       4
       8
       8
       8
      11
       8
       8
      12
      11
       9
       8
       8
       8
       8
       7
      10
      10
       4
      11
      10
       9
      11
       9
      14
       7
       8
       7
       7
      13
      11
       6
       8
      11
       8
       4
       4
       7
       6
       4
       8
       7
      12
      12
      13
      11
       8
      10
      13
      13
       9
      14
      10
      16
      18
      17
      16
      25
      42
      23
      29
      37
      44
      55
      51
      77
      91
     100
     107
     133
     154
     204
     242
     261
     287
     277
     313
     319
     314
     374
     354
     332
     371
     331
     332
     283
     198
     142
     119
      80
      57
      46
      36
      36
      26
      26
      18
      17
      26
      14
      24
      26
      11
      16
      27
      30
      26
      21
      24
      26
      25
      24
      21
      20
      24
      22
      13
       9
       8
       7
      12
      13
       4
       6
      10
      10
       6
      10
      14
      13
       7
       9
       9
       8
       5
       7
       5
       5
       7
       8
       4
       9
      10
       8
       9
      11
       7
       8
       7
      11
       7
      10
       6
       9
       6
       7
       7
      10
       8
       7
      10
       8
      12
       7
       3
       9
       6
      11
       3
       5
       7
       4
       7
       9
       7
       8
       9
      14
       4
      14
       7
       7
       4
       4
       6
      11
       2
      10
       7
       3
       6
       9
       6
       7
       7
       7
       4
      11
      11
       3
       6
       4
       9
      13
       9
      10
      10
       2
       5
       8
       8
       8
       7
       8
       8
       3
       6
       5
      10
       5
       6
       6
       8
       9
       7
       9
       9
      10
      12
      10
       3
       9
      13
       9
       8
       4
       6
       7
       4
       7
       7
       5
       5
      11
       6
       9
      12
       1
       7
      10
      11
      13
       8
       9
       6
       5
      11
       3
       9
       6
      10
       3
       8
       8
      10
       8
      10
      13
       3
      10
       5
       8
       0
       6
       7
      10
       7
       3
      10
      10
       8
       9
       5
       3
       4
       6
       9
       9
      10
      13
       4
       5
       9
       9
       4
       4
       7
       9
       4
       9
       4
       4
       6
       7
       4
       5
       0
       7
       8
      14
       3
      11
       5
       5
       9
       9
       8
       8
      11
      10
       8
       6
       3
      10
       8
       2
       6
       7
      11
       2
       4
      10
       6
      10
       7
       7
       8
       6
       5
       6
       4
       4
       8
       6
       7
      10
       3
       6
       8
       4
      10
       6
       6
       8
       6
       3
      12
       6
       6
       6
      10
       5
       8
      10
       5
       4
       8
       7
       5
       8
       8
      10
       7
       7
       6
       7
       4
       8
       6
       6
       6
       8
       5
       5
      10
       8
       9
       9
       5
       9
       9
       4
       6
       5
       4
       7
       7
       4
       7
       6
       4
       6
       6
       9
       8
      12
       6
       4
       5
      11
       8
       7
       6
       5
       4
       4
      10
       5
       0
       7
       3
       9
      10
       6
       9
       7
      11
       8
       3
      10
       9
       4
       9
       6
       4
       7
      11
       4
      10
      10
       3
       5
       5
      10
       5
       5
       9
       6
       8
       6
       8
      13
       5
       4
       7
       7
       6
       5
       1
       5
      11
      10
       6
       5
       7
      10
       7
       4
       6
       4
       8
       8
       5
       3
       7
       5
       8
       7
       4
       3
       5
       9
       9
       7
       9
       7
       6
       3
       4
       8
       6
       4
       2
      10
       4
      10
       8
       6
       6
       6
       6
       5
       6
       4
       9
       6
       9
       4
       4
       5
       3
       9
       5
       4
       6
       5
      11
       5
       5
       7
       4
       4
       9
       8
       5
       7
       9
       9
       9
       5
       7
       7
       5
       3
       5
      11
       8
       6
      10
       4
       9
      11
       7
       3
       6
       6
       2
       6
       5
       3
       5
       2
       8
       8
       7
       5
      10
       8
       3
       9
       9
      10
      11
       6
      10
       6
       9
       6
       3
       4
       8
       5
       7
       7
       1
       4
       8
       7
       8
       5
       9
       9
       2
      11
       9
       6
       7
       6
      11
       4
       2
       6
       5
       8
       9
       9
       7
       2
       4
       7
       8
       3
       4
       3
       9
       8
      10
       9
       4
       9
       5
       6
      11
       6
       9
       4
       4
       3
       5
       4
      10
      10
       5
       6
       4
       7
       2
       5
       3
       8
       5
       3
       7
       7
       7
       2
       8
       6
       9
       3
       4
       7
       4
       8
       7
       4
       5
       3
       9
       6
       6
       6
       8
       4
      10
       8
       7
       7
       5
       6
       8
       6
       3
       3
       7
       7
       1
       4
       7
       8
       7
       3
       5
       3
       5
       6
      10
       6
       8
       4
       6
       7
       6
       4
       1
       5
       6
      10
       7
       8
       7
       4
       7
       3
       5
      10
       8
       5
       4
       4
       4
       6
       2
       3
       5
       3
      10
       4
       5
       3
       4
       9
       5
       3
       6
       4
       3
       8
       3
       6
       9
       3
       8
       5
       6
       5
       9
       6
       4
       7
       7
       5
       6
      10
       7
       3
       5
       6
       7
       7
      10
       8
       8
       7
       7
       8
      12
       7
       3
       5
       3
       5
       6
       8
       7
       5
       3
       5
       7
       2
       6
       6
       5
       3
       4
       3
       4
       5
       6
       6
      10
       8
       2
       2
       7
      10
       4
       3
       5
       8
       7
       4
       7
       7
       5
       8
       5
       7
       5
       5
       4
       5
       5
       9
       6
       4
      10
       3
       6
       2
       3
       3
       6
       5
       7
      10
       4
       6
       8
       3
       4
       6
       8
       3
       6
       2
       4
       7
       6
       3
       2
       3
       9
       2
       6
       3
       6
       5
       4
       3
       2
       3
       5
      12
       7
       5
       7
       3
       7
       3
       4
      14
      10
       6
       6
       7
       4
       4
       8
       4
       3
       3
       3
      11
       2
       7
       6
       5
       8
       5
       5
       5
       4
       6
       3
       3
       6
       5
       5
       3
       4
       2
       5
       7
       3
       4
       3
       6
       5
       7
       4
       6
      11
       8
       4
       6
       7
       7
       6
       3
       3
       2
       6
       4
       2
       2
       5
       6
       5
       8
       6
       1
       5
      10
       5
       6
       5
       5
       6
       5
       6
       7
       2
       5
       1
       5
       7
       5
       4
       7
       6
       9
       7
       2
       8
      11
       8
       4
       2
       6
       6
       4
       5
       6
       7
       4
       5
       4
       0
       1
       7
       3
      10
       7
       2
       6
       7
       7
       4
       7
       7
       4
       4
       3
       7
       9
       8
       2
       9
       7
       4
       3
       5
       6
       3
      12
       5
       2
       8
       4
       5
       5
       8
       5
       5
       4
       4
       3
       5
       9
       3
       9
       5
      10
       8
       5
       5
       8
       5
       8
       8
       3
      10
       7
       4
       9
       9
       9
       8
       3
       7
       8
       8
       4
       5
       2
       5
       4
       1
       2
       7
       6
       7
       9
       5
      10
       6
       1
       4
       2
       9
       9
       4
       5
       2
       3
       3
       6
      10
       5
       7
       8
      10
       3
       3
       7
       6
       5
       2
       5
       8
       6
       7
       9
      14
       4
       7
       7
       6
      11
       4
       3
       4
       5
       8
       5
      12
       6
       3
       5
       6
       7
       6
       4
       7
       9
       5
       4
       4
       2
       6
       5
       5
       7
       8
       8
       9
       6
      11
       9
       7
       7
       7
       8
       5
       5
       7
       8
       3
       4
       5
       7
       4
       5
       3
       2
       0
       8
       1
       6
       5
       0
       7
       2
       4
       8
       5
       6
       2
       2
       5
       9
       6
       7
       2
       6
       5
       8
       5
       3
       5
       7
       5
       5
       5
       3
       0
       5
       6
       7
       2
       7
       3
       3
       6
       7
       7
       6
       3
       8
       9
       8
       7
       6
       5
       3
       1
       6
       5
       2
       3
       6
       4
       4
       1
      12
       5
       7
       6
      12
       3
       3
      10
       7
       3
       4
       4
       6
       6
       3
       9
       6
       5
       3
       5
       3
       5
       8
       7
       3
       9
       5
       6
       7
       5
       3
       5
       8
       3
       7
       7
       8
       3
       6
       3
       5
       0
       3
       6
       5
       7
       5
       4
       3
       5
       5
       3
       7
       5
       9
       6
       7
       2
       7
       9
       6
      11
       4
       4
       7
       4
       8
       7
       6
       5
       4
       3
       5
       2
       5
       3
       3
       6
       5
       3
       8
       4
       2
       6
       3
       4
       5
       3
       3
       1
       6
       4
       2
       6
       5
       7
       8
       6
       9
       4
       5
       9
       7
       7
       3
       5
       7
       6
       7
       7
       8
       5
       5
       3
       4
       3
       7
       4
       8
       3
       7
       5
       9
       4
       8
       4
       6
       7
       8
       7
       3
       3
       3
      11
       2
       8
       9
       4
       4
       3
       3
       4
       6
       5
       4
       5
       7
       3
       5
       5
       1
       4
       5
       3
       7
       3
      12
       7
       6
       4
       2
       9
       3
       7
       3
       4
       7
       4
       2
       8
       7
       5
       7
       5
       3
       5
       3
       6
       3
       5
       0
       9
       4
       5
       4
       8
       4
       5
       4
       8
       5
       7
       6
       4
       6
       7
       8
       6
       4
      10
       3
       5
       9
       8
       3
       1
       7
       8
       4
       4
       4
       3
       5
       9
       2
       2
       5
       6
       2
       8
       4
       8
       5
       7
       4
       8
       4
       0
       4
       8
       5
       4
       4
       6
       3
       4
       9
      10
       5
       3
       8
      10
       5
       3
       4
       8
       5
       5
       5
       6
       4
       7
       8
       9
       1
       3
       4
       4
       4
       6
       6
       2
       3
       8
       5
       6
       8
       2
       5
       6
       4
       3
       1
       3
       1
       3
       4
       4
       5
       3
       5
       4
       3
       3
       7
       9
       4
       7
       5
       5
       3
       4
       2
       1
       3
       1
       4
       1
       2
       2
       5
       2
       3
       2
       4
       4
       3
       0
       4
       5
       2
       7
       7
      11
       5
       5
       3
       6
       4
       6
       6
       8
       2
       5
       4
       3
       7
       2
       6
       8
       4
       2
       4
       0
       5
       6
       4
       2
       2
       3
       4
       5
      10
       4
       6
       5
       2
       1
       3
       6
      10
       5
       4
       6
       3
       7
       4
       5
       5
       3
       3
       3
       3
       8
       5
       3
       4
       6
       0
       5
       6
       4
       4
       7
       7
       8
       2
       2
       7
       4
       4
       1
       8
       6
       5
       3
       3
       5
       2
       4
       3
       8
       5
       7
       7
       7
       5
       3
       2
       6
       4
       8
       4
       4
       5
       5
       5
       3
       7
       3
       5
       4
       4
       4
       6
       6
       3
       7
       7
       3
       0
       9
       2
       3
       6
       6
       6
       3
       4
       3
       4
       7
       6
       1
       5
      11
       8
      10
       3
       7
       2
       5
       6
       8
       2
       4
       4
       3
       5
       4
       9
       4
       4
       4
       5
       4
       3
       3
       5
       1
       7
       2
       4
       1
       4
       3
       6
       4
       5
       4
       4
       6
       3
       4
       5
       4
       4
       4
       4
       1
       7
       4
       3
       3
       5
       4
       6
       5
       4
       5
       8
       3
       4
       8
       7
       5
       3
       5
       2
       1
       2
       3
       6
       4
       6
       3
       4
       1
       3
       4
       8
       5
       8
       5
       3
       5
       4
       3
       6
       4
       9
       2
       2
       9
       2
       5
       4
       5
       2
       7
       2
       5
       4
       5
       3
       5
       2
       7
       4
       6
       2
       5
       5
       4
       5
       2
       0
       4
       4
       4
       3
       3
       1
       3
       2
       2
       2
       4
       2
       2
       4
       6
       4
       8
      10
       4
       4
       5
       7
       9
       2
       2
       7
       4
       3
       9
       7
       0
       4
       5
       9
       3
       4
       4
       7
       7
       3
       8
       7
       6
       3
       5
       2
       6
       4
       5
       6
       5
       8
       4
       3
       7
       4
       3
       6
       2
       7
       5
       2
       2
       9
       7
       4
       4
       4
       3
       4
       4
       3
       8
       0
       2
       4
       1
       7
       3
       5
       3
       2
       3
       6
       2
       4
       5
       3
       4
       4
       5
       4
       4
       4
       4
       4
       6
       3
       1
       3
       2
       5
       8
       0
       5
       2
       7
       3
       3
       4
       5
       3
       5
       5
       3
       4
       1
       1
       1
       6
       4
       4
       3
       7
       3
       0
       3
       1
       3
       6
       5
       3
       4
       3
       3
       3
       4
       2
       5
       1
       8
       8
       2
       5
       3
       3
       5
       7
       1
       5
       3
       4
       2
       4
       5
       5
       2
       2
       4
       3
       2
       4
       4
       3
       5
       3
       2
       4
       2
       5
       1
       4
       6
       3
       3
       3
       3
       4
       5
       3
       1
       5
       3
       2
       3
       1
       1
       2
       5
       7
       2
       4
       1
       3
       1
       0
       6
       0
       4
       1
       1
       8
       3
       2
       3
       1
       4
       0
       5
       5
       3
       3
       4
       0
       4
       5
       7
       3
       5
       2
       3
       3
      10
       7
       7
       6
       4
       1
       2
       3
       2
       3
       7
       6
       7
       2
       4
       4
       7
       4
       4
       1
       3
       6
       2
       3
       2
       5
       2
       7
       4
       4
       6
       6
       3
       5
       4
       5
       2
       3
       3
       4
       3
       4
       3
       6
      10
       6
       5
       5
       4
       2
       5
       3
       5
       4
       2
       3
       6
       3
       5
       5
       5
       4
       2
       4
       9
       3
       6
       6
       5
       4
       4
       6
       9
       7
       5
      13
       8
      10
       8
      13
      11
      10
      12
       8
      11
       5
      12
      12
      14
      11
      15
      15
       9
      11
       9
       8
       7
       5
       5
       8
       3
       2
       2
       1
       4
       0
       5
       3
       2
       3
       5
       5
       7
       2
       3
       6
       2
       2
       3
       3
       4
       3
       1
       3
       6
       8
       0
       5
       5
       5
       2
       4
       1
       3
       3
       0
       5
       4
       2
       4
       1
       4
       3
       2
       2
       3
       5
       2
       3
       3
       3
       5
       1
       3
       3
       5
       7
       3
       6
       3
       2
       4
       2
       1
       4
       0
       1
       4
       7
       4
       7
       4
       3
       3
       2
       3
       2
       1
       2
       6
       6
       5
       5
       2
       2
       3
       3
       3
       3
       4
       6
       0
       0
       1
       4
       1
       6
       3
       5
       4
       6
       3
       6
       4
       5
       1
       4
       3
       6
       0
       6
       9
       3
       3
       4
       2
       4
       3
       4
       1
       4
       6
       2
       2
       3
       3
       3
       1
       5
       3
       1
       6
       4
       3
       4
       2
       1
       6
       3
       5
       5
       3
       1
       2
       2
       4
       2
       5
       3
       3
       6
       2
       3
       2
       6
       3
       1
       2
       3
       6
       1
       1
       3
       2
       2
       4
       2
       6
       5
       5
       1
       3
       1
       2
       3
       1
       0
       3
       6
       5
       4
       4
       2
       4
       3
       3
       3
       4
       3
       9
       1
       3
       3
       6
       4
       2
       3
       4
       2
       5
       3
       4
       3
       2
       1
       1
       4
       3
       5
       3
       2
       3
       2
       3
       5
       6
       2
       3
       3
       3
       0
       3
       3
       0
       3
       4
       3
       5
       2
       2
       4
       8
       5
       3
       1
       4
       3
       3
       3
       3
       4
       4
       2
       4
       4
       2
       0
       9
       4
       3
       3
       3
       3
       1
       3
       0
       3
       6
       0
       1
       4
       3
       6
       4
       7
       0
       1
       2
       2
       7
       6
       3
       6
       8
       2
       6
       7
       2
       7
       4
       6
       5
       4
       5
       4
       5
       4
       4
       4
       4
       7
       4
       4
       3
       0
       6
       3
       2
       3
       6
       5
       3
       4
       3
       6
       2
       2
       2
       5
       4
       4
       3
       2
       5
       5
       7
       4
       4
       4
       4
       1
       4
       5
       6
       2
       5
       2
       4
       5
       1
       1
       3
       1
       2
       3
       2
       3
       4
       5
       3
       4
       1
       3
       2
       5
       6
       2
       2
       5
       3
       8
       7
       4
       1
       3
       5
       0
       3
       1
       2
       0
       4
       2
       3
       4
       2
       1
       3
       3
       1
       3
       5
       4
       2
       5
       2
       8
       2
       6
       2
       3
       2
       3
       1
       1
       2
       3
       4
       1
       6
       3
       4
       3
       0
       2
       5
       2
       4
       8
       5
       3
       4
       4
       3
       2
       4
       3
       1
       2
       6
       4
       2
       1
       0
       3
       2
       4
       5
       3
       4
       3
       2
       2
       3
       3
       4
       4
       2
       4
       4
       3
       4
       6
       4
       2
       1
       2
       2
       3
       3
       5
       7
       4
       5
       2
       3
       7
       5
       2
       4
       3
       4
       1
       3
       4
       2
       5
       2
       2
       2
       4
       2
       2
       4
       6
       1
      12
       4
       2
       2
       0
       3
       1
       3
       2
       4
       3
       2
       0
       3
       1
       1
       1
       4
       3
       3
       1
       6
       4
       5
       0
       3
       3
       1
       0
       2
       7
       2
       3
       2
       2
       4
       2
       4
       2
       0
       3
       2
       1
       5
       2
       6
       1
       2
       4
       3
       5
       2
       3
       2
       2
       5
       3
       1
       1
       4
       3
       3
       3
       3
       2
       4
       4
       0
       2
       2
       2
       2
       4
       4
       1
       1
       7
       5
       4
       2
       2
       2
       0
       5
       3
       4
       2
       3
       3
       3
       5
       7
       2
       3
       2
       3
       4
       5
       3
       0
       4
       3
       7
       2
       6
       5
       2
       2
       6
       1
       2
       4
       4
       3
       2
       4
       5
       4
       5
       2
       7
       5
       4
       2
       4
       2
       0
       1
       3
       3
       2
       2
       2
       5
       3
       4
       6
       2
       3
       4
       4
       3
       2
       1
       5
       4
       5
       6
       6
       6
       2
       2
       5
       7
       3
       0
       5
       2
       3
       7
       3
       5
       0
       7
       3
       5
       3
       1
       5
       2
       5
       3
       1
       4
       7
       3
       3
       8
       1
       3
       2
       4
       1
       0
       5
       3
       4
       0
       4
       2
       2
       3
       3
       3
       3
       2
       5
       3
       5
       4
       5
       3
       3
       5
       4
       2
       3
       1
       4
       8
       4
       3
       4
       6
       2
       1
       2
       3
       2
       6
       3
       2
       5
       2
       1
       1
       5
       1
       3
       3
       2
       5
       2
       7
       2
       1
       2
       6
       3
       1
       2
       4
       3
       0
       7
       4
       3
       3
       3
       4
       2
       6
       2
       2
       0
       5
       3
       3
       7
       7
       6
       3
       4
       3
       3
       1
       3
       2
       2
       4
       0
       1
       3
       1
       2
       1
       3
       3
       2
       2
       3
       6
       4
       2
       3
       3
       3
       1
       3
       3
       0
       4
       4
       6
       2
       3
       2
       4
       4
       5
       3
       2
       6
       2
       1
       1
       6
       3
       3
       0
       7
       3
       0
       5
       4
       3
       1
       3
       2
       3
       3
       9
       0
       5
       1
       3
       5
       2
       2
       2
       4
       2
       5
       8
       6
       4
       2
       6
       5
       2
       5
       4
       3
       4
       3
       0
       5
       1
       2
       4
       5
       2
       5
       1
       6
       8
       4
       4
       3
       3
       5
       4
       5
       3
       1
       2
       4
       1
      10
       5
       4
       2
       3
       4
       2
       2
       1
       0
       3
       4
       2
       2
       3
       4
       6
       2
       2
       4
       3
       3
       1
       2
       6
       3
       3
       1
       1
       5
       2
       2
       4
       2
       3
       8
       3
       2
       2
       2
       5
       1
       4
       6
       1
       2
       1
       2
       2
       3
       0
       3
       3
       4
       2
       1
       4
       4
       3
       2
       0
       7
       3
       3
       4
       2
       5
       6
       5
       1
       2
       3
       2
       2
       2
       4
       1
       3
       5
       5
       5
       5
       3
       4
       2
       6
       2
       2
       8
       3
       3
       4
       3
       2
       2
       1
       4
       1
       3
       5
       4
       2
       5
       2
       5
       3
       3
       3
       3
       0
       3
       3
       2
       2
       1
       2
       2
       4
       1
       6
       2
       2
       2
       1
       0
       3
       0
       3
       4
       2
       1
       4
       1
       5
       3
       5
       4
       2
       4
       2
       2
       3
       1
       3
       4
       1
       7
       3
       3
       5
       5
       5
       2
       5
       2
       2
       4
       3
       2
       2
       2
       3
       1
       1
       3
       3
       4
       4
       3
       2
       0
       7
       4
       0
       6
       3
       2
       5
       3
       7
       6
       1
       3
       0
       3
       2
       4
       3
       5
       4
       2
       2
       1
       1
       4
       3
       2
       0
       1
       1
       1
       2
       2
       3
       1
       4
       2
       4
       1
       2
       5
       1
       3
       2
       1
       3
       4
       4
       6
       4
       3
       3
       5
       3
       1
       5
       0
       2
       1
       3
       4
       1
       1
       5
       4
       1
       1
       5
       5
       2
       0
       1
       3
       4
       1
       1
       4
       4
       3
       2
       3
       3
       1
       2
       3
       2
       1
       2
       4
       5
       7
       5
       2
       4
       5
       1
       1
       1
       3
       3
       4
       4
       3
       4
       2
       3
       2
       5
       1
       5
       0
       2
       5
       5
       2
       5
       4
       6
       2
       3
       4
       6
       2
       2
       1
       7
       3
       5
       3
       1
       1
       2
       6
       5
       3
       4
       2
       3
       5
       0
       2
       3
       3
       2
       3
       4
       4
       2
       4
       2
       1
       1
       3
       0
       0
       1
       5
       2
       7
       2
       2
       3
       2
       0
       1
       5
       1
       0
       4
       2
       2
       2
       5
       2
       2
       2
       2
       1
       3
       0
       6
       2
       2
       2
       8
       1
       0
       3
       4
       4
       4
       1
       2
       2
       6
       8
       1
       1
       0
       3
       1
       1
       5
       1
       5
       0
       4
       1
       0
       4
       1
       1
       9
       2
       1
       4
       1
       4
       5
       4
       3
       0
       0
       4
       5
       4
       2
       4
       5
       3
       2
       1
       4
       2
       2
       2
       2
       1
       4
       7
       8
       0
       1
       1
       4
       4
       3
       3
       1
       6
       2
       2
       1
       3
       2
       5
       2
       1
       3
       5
       7
       2
       1
       6
       4
       5
       1
       5
       3
       2
       2
       6
       3
       2
       2
       4
       1
       1
       5
       4
       2
       3
       1
       7
       2
       2
       4
       2
       4
       2
       4
       4
       2
       0
       0
       3
       3
       2
       2
       3
       4
       0
       1
       4
       6
       2
       4
       4
       5
       1
       0
       3
       4
       4
       4
       3
       1
       2
       0
       5
       5
       5
       3
       3
       0
       1
       4
       6
       3
       2
       7
       2
       1
       3
       5
       1
       3
       5
       3
       4
       3
       0
       4
       3
       2
       3
       0
       2
       3
       5
       1
       2
       2
       1
       2
       2
       3
       3
       1
       0
       1
       3
       2
       0
       2
       3
       2
       3
       4
       5
       1
       2
       4
       1
       1
       3
       0
       3
       3
       3
       1
       1
       1
       1
       2
       3
       1
       3
       2
       6
       2
       1
       3
       3
       2
       2
       3
       5
       3
       7
       4
       6
       3
       1
       4
       5
       4
       3
       2
       5
       3
       0
       4
       3
       3
       2
       4
       2
       2
       4
       3
       0
       5
       2
       2
       3
       6
       1
       2
       3
       3
       3
       2
       0
       3
       2
       6
       2
       4
       2
       1
       2
       1
       5
       6
       3
       4
       2
       3
       3
       5
       5
       6
       2
       7
       2
       0
       4
       3
       3
       1
       3
       0
       3
       1
       2
       2
       1
       1
       2
       1
       4
       3
       3
       5
       3
       4
       1
       0
       1
       3
       1
       2
       1
       3
       3
       5
       3
       1
       4
       1
       2
       2
       3
       3
       0
       0
       1
       0
       0
       0
       0
       0
       0
       0
       0
       0
       0
       0
       0
       0
       0
       0
       0
       0
       0
       0
       0
       0
       0
       0
       0
       0
       0
       0
       0
       0
       0
       0
       0
       0
       0
       0
       0
       0
       0
       0
       0
       0
       0
       0
       0
       0
       0
       0
       0
       0
       0
       0
       0
       0
       0
       0
       0
       0
       0
       0
       0
       0
       0
       0
       0
       0
       0
       0
       0
       0
       0
       0
       0
       0
       0
       0
       0
       0
       0
       0
       0
       0
       0
       0
       0
       0
       0
       0
       0
       0
       0
       0
       0
       0
       0
       0
       0
       0
       0
       0
       0
       0
       0
       0
       0
       0
       0
       0
       0
       0
       0
       0
       0
       0
       0
       0
       0
       0
       0
       0
       0
       0
       0
       0
       0
       0
       0
       0
       0
       0
       0
       0
       0
       0
       0
       0
       0
       0
       0
       0
       0
       0
       0
       0
       0
       0
       0
       0
       0
       0
       0
       0
       0
       0
       0
       0
       0
       0
       0
       0
       0
       0
       0
       0
       0
       0
       0
       0
       0
       0
       0
       0
       0
       0
       0
       0
       0
       0
       0
       0
       0
       0
       0
       0
       0
       0
$ROI:
2
2765 2788
2820 2882
$PRESETS:
None
0
0
$ENER_FIT:
0.000000 0.402997
$MCA_CAL:
3
0.000000E+000 4.029968E-001 0.000000E+000 keV
$SHAPE_CAL:
3
0.000000E+000 0.000000E+000 0.000000E+000
