$SPEC_ID:
Cs137
$SPEC_REM:
DET# 2
DETDESC# DETECTOR 2
AP# Maestro Version 7.01
$DATE_MEA:
03/08/2017 10:06:35
$MEAS_TIM:
8766 8778
$DATA:
0 8191
       0
       0
       0
       0
       0
       0
       0
       0
       0
       0
       0
       0
       0
       0
       0
       0
       0
       0
       0
       0
       0
       0
       0
       0
       0
       0
       0
       0
       0
       0
       0
       0
       0
       0
       0
       0
       0
       0
       0
       0
       0
       0
       0
       0
       0
       0
       0
       0
       0
       0
       0
       0
       0
       0
       0
       0
       0
       0
       0
       0
       0
       0
       0
       0
       0
       0
       0
       0
       0
       0
       0
       0
       0
       0
       0
       0
       0
       0
       0
       0
       0
       0
       0
       0
       0
       0
       0
       0
       0
       0
       0
       0
       0
       0
       0
      11
     205
     739
     820
     832
     850
     891
     845
     830
     831
     864
     907
     805
     868
     876
     782
     817
     834
     795
     817
     847
     815
     817
     914
     863
     829
     833
     855
     838
     848
     884
     817
     810
     878
     816
     802
     898
     870
     826
     890
     815
     842
     813
     870
     872
     801
     892
     872
     867
     898
     984
     968
     906
    1000
     966
     943
     986
     972
     910
    1027
    1036
     963
    1048
    1003
    1009
     997
     962
    1023
     978
     962
    1004
     936
    1011
     981
     962
     995
     983
     983
     984
     993
    1027
    1030
    1027
    1084
    1326
    1900
    2358
    2471
    2009
    1743
    2214
    3199
    3633
    3019
    1844
    1097
     917
     904
     876
     949
     901
     869
     939
     879
     904
     957
     952
     965
     862
     927
     922
     900
     991
    1123
    1259
    1699
    2016
    1943
    1546
    1194
     978
    1113
    1128
    1224
    1093
     990
     956
     896
     893
     922
     865
     868
     805
     902
     851
     931
     900
     901
     956
     863
     868
     855
     855
     828
     901
     825
     885
     808
     826
     845
     853
     919
     861
     856
     837
     880
     881
     820
     874
     871
     877
     949
     874
     871
     864
     867
     897
     905
     817
     951
     894
     892
     909
     902
     902
     962
     952
     931
     955
     909
     943
     916
     923
    1009
     882
     965
     956
     908
     956
     926
     970
     956
     998
     923
     956
    1004
     936
     955
     998
     917
     982
     902
     956
     925
     988
     941
     978
     934
    1000
     939
     984
     940
     980
    1000
     919
     981
     930
     947
     960
     988
     914
     963
     924
     967
     943
     946
     936
     991
     962
     953
     901
     932
     954
    1028
    1019
     997
     988
     948
     948
     967
     970
     988
     997
    1014
     953
     978
     994
    1008
     946
     949
     947
     997
     942
    1028
    1028
     940
     958
     960
     954
     964
     957
     964
     938
     944
     925
     996
     942
     991
    1015
     899
     986
     990
     933
     958
     980
     968
     968
     942
     948
     962
    1013
     944
     904
     988
    1019
     989
     959
     962
    1032
     993
     929
    1041
     955
     926
     944
     950
     951
     969
     969
    1063
    1203
    1400
    1511
    1392
    1179
    1035
    1015
     992
     968
     933
     981
     934
     960
    1041
    1000
     994
     983
    1032
    1075
    1019
     983
    1000
     986
    1009
    1063
    1093
    1092
    1038
    1100
    1012
    1177
    1204
    1171
    1220
    1156
    1296
    1252
    1253
    1287
    1312
    1282
    1257
    1239
    1258
    1320
    1225
    1351
    1239
    1232
    1250
    1283
    1248
    1263
    1224
    1282
    1216
    1191
    1186
    1234
    1202
    1228
    1209
    1157
    1269
    1218
    1197
    1188
    1236
    1208
    1175
    1237
    1179
    1173
    1171
    1236
    1059
    1186
    1200
    1219
    1210
    1102
    1190
    1173
    1099
    1120
    1148
    1185
    1176
    1187
    1158
    1097
    1103
    1083
    1162
    1126
    1097
    1187
    1160
    1148
    1165
    1159
    1171
    1124
    1123
    1213
    1104
    1131
    1141
    1259
    1161
    1190
    1205
    1253
    1213
    1184
    1239
    1205
    1206
    1216
    1225
    1237
    1245
    1241
    1285
    1223
    1272
    1240
    1297
    1217
    1228
    1249
    1213
    1224
    1181
    1293
    1237
    1197
    1243
    1214
    1224
    1219
    1215
    1213
    1175
    1207
    1216
    1184
    1235
    1235
    1226
    1188
    1249
    1281
    1194
    1232
    1215
    1181
    1105
    1184
    1225
    1163
    1256
    1196
    1172
    1204
    1158
    1191
    1231
    1117
    1078
    1060
    1198
    1128
    1110
    1111
    1168
    1139
    1126
    1023
    1081
    1067
    1121
    1111
    1071
    1100
    1056
    1108
    1094
    1095
    1080
    1075
    1054
    1025
    1090
    1103
    1032
    1071
    1023
    1034
    1039
    1076
    1123
    1062
    1064
    1045
    1067
    1052
    1017
    1055
    1022
     982
    1006
    1048
    1058
    1067
    1004
    1012
     969
     980
    1004
    1051
    1005
     974
    1023
     983
     971
    1029
     991
    1023
     914
     981
    1015
    1021
     997
     960
     954
     975
    1010
    1004
    1000
     918
    1023
     973
     962
    1006
     973
     930
     978
    1010
     960
     990
     981
     961
    1020
     983
     981
     992
    1000
     931
     957
     950
     987
     919
     874
     937
     984
     957
     954
    1009
     953
     966
    1038
     922
     962
     964
     924
     944
    1030
     984
     978
     942
     951
     996
     944
     943
     984
     952
     950
     962
     959
     961
    1002
     969
     940
     968
     985
     967
     908
     945
     957
     950
     977
     935
     971
     938
     944
     989
     925
     916
     962
     993
     971
     949
     964
     946
     985
     949
     986
     987
     970
     949
     995
     976
    1025
     955
    1006
    1005
    1017
     940
     966
     977
     996
     952
     985
     942
    1017
    1037
     988
     984
     980
     991
     958
    1028
    1029
     996
    1021
    1039
     959
     967
    1034
     986
     977
     983
    1030
     990
     942
    1002
    1008
    1035
     999
     966
    1015
    1027
     988
     975
    1036
     962
    1045
    1023
    1009
     986
    1035
    1080
    1032
    1020
     958
     998
     920
     998
     987
     974
     989
    1004
    1028
     988
     992
    1016
    1081
    1008
    1062
    1019
    1017
     964
    1044
    1065
    1032
    1011
    1064
    1075
    1074
    1059
     960
    1041
    1127
    1043
    1036
    1063
    1056
     984
     985
    1067
    1035
    1030
    1068
    1039
    1057
    1068
    1068
    1095
    1104
    1053
    1038
    1111
    1057
    1102
    1065
    1070
    1020
    1092
    1040
    1088
    1079
    1070
    1047
    1049
    1072
    1015
    1044
    1069
    1045
     989
    1019
     985
     983
     991
    1000
     937
    1013
     991
     925
     901
     974
     918
     882
     812
     816
     839
     823
     797
     791
     769
     740
     727
     792
     743
     683
     716
     756
     658
     762
     707
     676
     647
     677
     651
     674
     679
     668
     655
     692
     684
     671
     652
     666
     604
     624
     589
     626
     651
     649
     645
     590
     630
     635
     613
     616
     617
     604
     630
     589
     591
     620
     604
     583
     586
     575
     595
     595
     587
     564
     618
     616
     537
     592
     547
     552
     605
     546
     558
     520
     541
     571
     591
     530
     552
     545
     559
     550
     510
     547
     574
     532
     494
     514
     478
     535
     518
     481
     498
     489
     501
     554
     495
     490
     519
     492
     501
     496
     505
     486
     513
     483
     516
     530
     440
     464
     507
     459
     479
     514
     500
     466
     444
     460
     452
     451
     433
     463
     491
     473
     454
     434
     461
     442
     461
     439
     478
     433
     443
     486
     454
     418
     428
     410
     425
     413
     428
     405
     431
     392
     427
     422
     424
     436
     424
     396
     449
     434
     398
     397
     426
     381
     408
     414
     398
     383
     375
     372
     388
     385
     390
     367
     404
     358
     397
     388
     365
     386
     390
     394
     382
     370
     367
     385
     364
     367
     345
     374
     413
     386
     358
     344
     384
     338
     379
     348
     349
     366
     370
     396
     352
     349
     352
     401
     341
     348
     344
     344
     329
     349
     357
     335
     337
     344
     333
     337
     319
     338
     328
     357
     375
     333
     311
     309
     336
     320
     312
     374
     330
     337
     311
     339
     307
     326
     350
     363
     342
     345
     353
     364
     370
     324
     342
     329
     309
     343
     340
     344
     352
     341
     349
     317
     319
     310
     337
     345
     342
     351
     361
     330
     323
     309
     315
     341
     324
     345
     320
     332
     370
     337
     308
     346
     293
     304
     331
     290
     315
     323
     295
     316
     356
     315
     300
     337
     309
     313
     329
     317
     307
     320
     304
     333
     336
     347
     323
     310
     326
     352
     326
     332
     353
     311
     343
     321
     327
     311
     320
     360
     319
     301
     327
     304
     300
     363
     279
     314
     298
     347
     308
     346
     326
     297
     342
     318
     304
     358
     321
     302
     299
     328
     334
     295
     311
     265
     328
     304
     301
     285
     313
     306
     329
     339
     347
     323
     299
     328
     332
     311
     334
     330
     334
     361
     358
     337
     349
     341
     332
     299
     309
     312
     320
     297
     327
     324
     300
     309
     329
     298
     313
     334
     326
     291
     304
     300
     295
     308
     324
     311
     272
     317
     326
     324
     324
     345
     322
     288
     339
     334
     306
     307
     304
     305
     313
     310
     330
     310
     341
     332
     357
     311
     288
     298
     329
     312
     322
     326
     344
     291
     348
     359
     344
     328
     358
     323
     348
     325
     324
     348
     339
     310
     369
     466
     525
     639
     842
    1157
    1820
    2975
    4624
    7141
   10345
   14144
   18413
   22390
   25465
   26677
   26117
   23112
   18595
   14346
   10048
    6682
    4205
    2475
    1422
     897
     614
     421
     374
     338
     282
     286
     282
     267
     280
     221
     300
     280
     258
     280
     249
     286
     252
     236
     239
     268
     267
     272
     271
     256
     291
     266
     268
     278
     241
     250
     237
     260
     251
     277
     277
     272
     235
     245
     274
     252
     295
     246
     242
     239
     283
     246
     253
     232
     257
     251
     274
     272
     275
     277
     265
     258
     233
     259
     258
     269
     272
     267
     231
     242
     286
     273
     248
     256
     257
     257
     261
     264
     261
     262
     254
     270
     256
     283
     287
     245
     264
     248
     266
     239
     274
     268
     271
     250
     261
     257
     248
     280
     261
     267
     277
     268
     275
     245
     283
     275
     256
     267
     274
     251
     268
     242
     268
     244
     270
     277
     262
     262
     273
     247
     267
     243
     258
     277
     264
     280
     264
     251
     253
     280
     239
     262
     268
     268
     270
     286
     260
     280
     241
     263
     261
     274
     246
     286
     280
     302
     281
     275
     279
     272
     278
     285
     257
     254
     264
     279
     250
     282
     247
     288
     313
     286
     262
     285
     303
     233
     284
     294
     263
     266
     266
     267
     299
     286
     285
     263
     277
     249
     277
     267
     280
     274
     294
     257
     312
     283
     285
     271
     293
     271
     256
     284
     276
     256
     290
     268
     263
     259
     291
     312
     255
     262
     275
     278
     249
     290
     282
     281
     253
     301
     283
     321
     291
     298
     292
     248
     274
     285
     282
     284
     295
     279
     284
     271
     284
     291
     254
     286
     281
     291
     260
     289
     280
     279
     290
     270
     284
     287
     322
     284
     257
     308
     271
     288
     284
     271
     297
     290
     284
     285
     301
     266
     310
     260
     293
     315
     292
     285
     270
     290
     284
     303
     314
     310
     305
     342
     275
     305
     307
     279
     316
     271
     277
     303
     281
     282
     317
     301
     287
     305
     276
     302
     281
     286
     289
     287
     324
     312
     275
     314
     274
     271
     278
     271
     295
     280
     326
     281
     288
     281
     310
     290
     271
     309
     284
     310
     289
     296
     303
     286
     311
     259
     295
     315
     339
     291
     282
     272
     297
     288
     267
     318
     285
     320
     300
     304
     304
     281
     320
     287
     327
     303
     321
     321
     329
     328
     320
     321
     296
     308
     319
     308
     294
     296
     287
     322
     332
     292
     283
     316
     287
     318
     315
     328
     289
     311
     276
     332
     336
     296
     294
     322
     304
     292
     323
     308
     333
     297
     336
     316
     324
     340
     296
     333
     361
     339
     320
     332
     329
     309
     311
     309
     328
     351
     350
     312
     324
     338
     324
     316
     323
     302
     317
     334
     357
     343
     318
     324
     322
     345
     333
     342
     322
     309
     350
     333
     327
     335
     319
     367
     325
     321
     292
     340
     346
     323
     345
     370
     347
     338
     343
     325
     352
     365
     366
     326
     367
     329
     363
     354
     348
     327
     340
     328
     362
     352
     323
     364
     343
     331
     291
     337
     358
     349
     337
     335
     319
     309
     342
     325
     321
     385
     361
     361
     347
     331
     332
     371
     330
     339
     389
     342
     362
     357
     355
     360
     362
     354
     380
     340
     366
     358
     339
     353
     351
     357
     376
     376
     331
     330
     387
     383
     365
     414
     344
     362
     369
     349
     359
     370
     355
     354
     356
     395
     371
     350
     362
     352
     369
     373
     400
     396
     335
     370
     383
     387
     387
     371
     361
     380
     393
     352
     400
     370
     364
     385
     385
     379
     358
     373
     381
     365
     346
     370
     384
     366
     371
     412
     438
     401
     369
     377
     373
     378
     397
     403
     365
     377
     395
     416
     383
     419
     377
     389
     373
     358
     411
     369
     412
     412
     387
     416
     413
     384
     392
     431
     372
     379
     410
     400
     400
     401
     397
     382
     397
     408
     393
     384
     420
     390
     421
     418
     388
     407
     395
     425
     412
     425
     405
     389
     440
     398
     417
     448
     356
     379
     460
     434
     431
     389
     440
     393
     382
     423
     438
     411
     409
     438
     396
     395
     410
     375
     427
     400
     400
     411
     401
     423
     381
     421
     406
     429
     466
     419
     444
     404
     392
     422
     407
     422
     397
     419
     446
     392
     415
     409
     389
     447
     433
     437
     414
     418
     431
     430
     440
     441
     411
     428
     399
     443
     429
     425
     404
     419
     446
     484
     434
     412
     416
     438
     394
     414
     425
     409
     436
     412
     401
     399
     377
     400
     411
     422
     357
     312
     380
     338
     370
     351
     330
     338
     310
     339
     319
     330
     340
     306
     309
     289
     318
     318
     308
     305
     284
     302
     334
     274
     298
     290
     301
     313
     285
     289
     269
     297
     294
     284
     286
     292
     274
     282
     267
     264
     295
     270
     303
     280
     327
     300
     293
     265
     300
     298
     295
     304
     312
     325
     328
     274
     309
     257
     288
     292
     288
     283
     277
     274
     285
     277
     247
     268
     272
     263
     276
     270
     273
     260
     232
     262
     306
     252
     268
     292
     250
     260
     272
     279
     238
     257
     258
     247
     292
     290
     264
     255
     239
     248
     241
     230
     254
     244
     262
     228
     255
     259
     253
     261
     252
     235
     241
     229
     246
     239
     239
     251
     234
     226
     217
     234
     243
     249
     249
     276
     238
     250
     251
     245
     245
     214
     207
     227
     227
     214
     257
     229
     242
     227
     214
     242
     228
     231
     247
     222
     237
     236
     204
     201
     244
     223
     232
     225
     238
     217
     202
     217
     197
     234
     225
     216
     227
     202
     229
     227
     223
     223
     202
     204
     236
     207
     220
     212
     233
     219
     205
     252
     192
     220
     203
     186
     220
     214
     192
     193
     201
     191
     225
     219
     201
     186
     201
     192
     203
     188
     193
     228
     191
     202
     207
     222
     187
     203
     186
     186
     206
     206
     195
     193
     191
     180
     185
     201
     180
     197
     195
     175
     200
     197
     216
     185
     170
     179
     184
     169
     164
     182
     172
     188
     149
     166
     213
     172
     200
     177
     171
     191
     196
     177
     161
     184
     196
     169
     158
     172
     174
     181
     177
     183
     175
     159
     174
     169
     180
     144
     175
     188
     175
     165
     181
     190
     165
     197
     176
     171
     180
     189
     234
     220
     252
     287
     346
     368
     488
     561
     677
     723
     767
     749
     755
     653
     540
     413
     291
     260
     202
     225
     179
     182
     150
     167
     161
     171
     165
     153
     170
     144
     187
     175
     163
     172
     145
     191
     159
     170
     175
     170
     160
     169
     156
     162
     177
     149
     162
     181
     166
     178
     170
     156
     156
     160
     147
     186
     149
     144
     136
     170
     158
     154
     136
     146
     171
     129
     173
     162
     171
     154
     162
     163
     144
     173
     167
     163
     162
     160
     162
     169
     165
     163
     138
     159
     164
     181
     150
     163
     175
     159
     174
     179
     157
     171
     147
     167
     176
     176
     170
     167
     187
     194
     183
     227
     214
     229
     240
     248
     243
     232
     223
     230
     168
     189
     188
     179
     161
     124
     170
     158
     146
     177
     156
     173
     158
     164
     147
     164
     197
     156
     177
     172
     173
     169
     216
     230
     227
     252
     315
     326
     363
     489
     632
     715
     850
     932
    1043
    1015
     998
     865
     774
     610
     448
     325
     250
     232
     175
     158
     173
     173
     160
     173
     162
     185
     144
     176
     187
     173
     166
     150
     160
     168
     192
     162
     168
     160
     186
     190
     159
     161
     170
     148
     163
     187
     143
     172
     152
     151
     156
     162
     172
     152
     148
     160
     185
     165
     145
     182
     178
     175
     170
     175
     178
     184
     151
     172
     183
     168
     170
     197
     177
     187
     190
     170
     183
     186
     170
     194
     178
     194
     160
     180
     194
     183
     190
     200
     197
     229
     258
     248
     357
     458
     636
     866
    1112
    1512
    1944
    2612
    3383
    4606
    6188
    7524
    8716
    9560
    9959
   10336
    9592
    8625
    6820
    4992
    3246
    1936
    1262
     782
     512
     378
     230
     198
     201
     191
     184
     166
     149
     159
     178
     170
     163
     182
     135
     171
     180
     179
     164
     158
     145
     174
     183
     193
     166
     149
     172
     175
     184
     184
     192
     179
     185
     201
     202
     160
     174
     160
     179
     173
     186
     169
     181
     200
     185
     185
     160
     147
     166
     192
     177
     168
     182
     170
     162
     194
     185
     176
     182
     167
     187
     192
     177
     174
     190
     173
     200
     193
     185
     195
     193
     221
     202
     164
     194
     184
     172
     192
     193
     183
     196
     181
     197
     179
     185
     175
     189
     176
     180
     211
     168
     195
     207
     178
     209
     186
     197
     185
     189
     180
     205
     186
     184
     215
     191
     178
     180
     229
     212
     170
     164
     200
     187
     165
     201
     210
     200
     177
     208
     187
     198
     184
     202
     198
     195
     183
     189
     215
     207
     206
     211
     221
     195
     182
     213
     199
     199
     211
     228
     228
     207
     196
     195
     210
     235
     216
     222
     226
     227
     211
     204
     191
     183
     193
     218
     220
     235
     195
     215
     227
     225
     214
     211
     222
     218
     228
     227
     193
     232
     207
     220
     255
     237
     218
     216
     216
     248
     225
     222
     250
     235
     238
     242
     225
     231
     241
     206
     211
     228
     242
     251
     189
     237
     230
     263
     230
     236
     231
     253
     209
     239
     207
     206
     241
     229
     246
     203
     244
     251
     241
     226
     238
     261
     252
     203
     226
     234
     244
     251
     256
     238
     233
     236
     245
     245
     251
     239
     234
     239
     228
     243
     236
     231
     261
     251
     265
     257
     204
     216
     246
     241
     253
     260
     224
     258
     229
     230
     251
     247
     260
     233
     235
     242
     236
     286
     233
     213
     243
     243
     245
     225
     259
     233
     222
     200
     227
     245
     221
     217
     208
     210
     252
     184
     184
     177
     212
     179
     182
     186
     234
     194
     158
     174
     172
     180
     166
     157
     179
     156
     156
     157
     156
     158
     155
     168
     149
     153
     139
     187
     132
     144
     144
     151
     154
     159
     158
     166
     166
     157
     143
     144
     157
     154
     152
     134
     165
     174
     193
     161
     192
     198
     181
     214
     240
     305
     381
     393
     472
     488
     511
     542
     550
     544
     493
     477
     381
     301
     220
     180
     149
     145
     158
     161
     129
     124
     139
     124
     107
     131
     138
     122
     129
     132
     125
     131
     128
     128
     110
     109
     123
     145
     121
     143
     133
     112
     100
     120
     100
     117
     104
     112
     130
     120
     122
     115
     114
     137
     100
     113
     107
     131
     109
     110
     115
     108
     118
     101
     101
     108
     123
     138
     105
     114
     105
     108
     102
     120
      97
     107
     121
     102
      94
     107
     125
     102
     108
     103
     115
     126
     115
     102
     120
      97
     103
     111
     109
     101
     115
      97
     102
     110
      92
     100
      98
     101
     105
     102
      87
      86
      92
     101
      98
     104
      77
      84
      98
     104
     106
      87
      92
      83
      97
      87
      94
      94
      78
     104
      88
      87
      91
      84
      81
      81
      77
      65
      73
      77
      88
      80
      71
      72
      73
      96
      83
      76
      89
      86
      81
      66
      72
      70
      81
      71
      71
      71
      76
      70
      76
      71
      66
      78
      69
      84
      79
      72
      60
      65
      55
      47
      77
      56
      56
      66
      69
      61
      60
      50
      53
      79
      61
      61
      58
      75
      67
      49
      55
      51
      56
      39
      65
      51
      54
      65
      66
      58
      38
      40
      48
      44
      53
      54
      65
      50
      40
      69
      58
      54
      44
      45
      48
      53
      61
      36
      53
      47
      40
      43
      41
      50
      46
      43
      46
      43
      41
      49
      35
      46
      51
      41
      43
      34
      37
      23
      36
      29
      42
      36
      53
      21
      35
      33
      34
      46
      49
      48
      36
      42
      34
      35
      51
      37
      42
      54
      36
      46
      32
      38
      40
      43
      28
      28
      18
      33
      27
      30
      25
      31
      33
      29
      36
      35
      31
      34
      38
      30
      28
      29
      23
      32
      35
      27
      32
      21
      29
      43
      29
      30
      23
      22
      22
      33
      33
      29
      25
      27
      42
      28
      27
      29
      33
      25
      36
      35
      36
      24
      30
      35
      32
      24
      24
      29
      25
      28
      29
      22
      24
      37
      28
      28
      25
      33
      24
      28
      21
      22
      20
      26
      29
      25
      28
      20
      29
      19
      24
      25
      23
      30
      25
      23
      25
      20
      29
      30
      25
      35
      35
      30
      27
      18
      27
      21
      30
      23
      23
      27
      26
      17
      26
      34
      28
      17
      36
      23
      34
      26
      23
      20
      21
      37
      26
      23
      25
      23
      21
      22
      25
      18
      18
      24
      17
      32
      31
      33
      26
      32
      37
      26
      33
      35
      49
      34
      42
      45
      35
      51
      44
      42
      33
      29
      19
      33
      22
      28
      34
      20
      27
      27
      25
      34
      26
      18
      28
      27
      32
      32
      20
      17
      23
      19
      39
      24
      17
      28
      14
      19
      31
      31
      20
      17
      21
      19
      21
      24
      18
      30
      20
      23
      29
      24
      24
      31
      36
      26
      31
      34
      25
      28
      24
      28
      21
      16
      26
      41
      38
      31
      26
      37
      30
      34
      38
      35
      46
      53
      51
      55
      75
      91
     123
     169
     235
     296
     426
     512
     596
     830
    1095
    1291
    1611
    2022
    2572
    3275
    4091
    4537
    5137
    5648
    5914
    5818
    5899
    6093
    5583
    4906
    3856
    2874
    1843
    1197
     765
     567
     375
     256
     196
     118
      54
      30
      16
      13
       9
      10
      12
      14
       9
      10
      10
       6
      13
      11
       7
       9
      18
      10
      13
      10
      16
       5
      17
      12
       7
      12
      11
       7
      11
       3
      18
      11
       9
       8
      10
      11
      10
       5
       6
      12
      15
       5
       7
       9
       5
       8
       9
      11
      12
      15
      10
      15
       4
      10
      15
       5
       9
       7
      13
       8
       8
       9
       7
      13
       4
       7
      11
      13
       8
      12
      13
       3
      11
       6
       8
      16
       9
       3
      11
       8
      11
       3
      15
       6
      10
      15
       9
      10
      11
       7
      12
      10
      12
      16
       8
       7
       6
       5
       8
      17
      14
      12
      15
       9
       6
       8
       9
      17
      10
      10
      11
      14
      12
       4
       9
       9
       6
      10
      12
      15
       8
       7
       7
       8
       8
       8
       5
       8
      11
      14
      11
       6
       7
       5
       9
      10
      12
       6
       7
       8
       9
      14
      10
      10
      14
       9
      10
      11
       6
       6
       7
      13
      11
       7
      13
       6
      10
       5
      12
       7
      13
      12
      16
      14
       6
       8
      15
      15
      18
      17
      16
      14
       9
      11
      12
       9
       9
      11
      16
       9
      15
      11
      12
       9
       7
      12
      12
      16
      10
       9
       7
      10
       7
       7
       9
      13
       4
      15
      11
      11
      12
       9
       7
       8
       9
       8
       9
      13
       8
      10
       5
       6
      10
      10
       9
      11
      11
       9
       7
      10
       4
       7
       6
       5
       4
       9
       9
       9
       7
      13
       9
      16
       5
       7
       7
       9
       4
      11
      13
      10
       5
       9
       7
       9
       9
      10
       6
      12
      11
       0
      15
       6
       6
       6
       9
      16
       4
       9
      12
       7
       6
      18
       6
       9
      15
      12
       5
      11
      11
      11
      12
       3
      15
       7
       9
       6
       6
       6
      12
      12
      11
      10
      11
       5
      11
       6
      11
      14
      14
      13
      12
      16
      14
      13
      15
      22
      14
      15
      18
      18
      16
      10
      17
      11
       8
      11
      11
       9
      10
       8
       8
       7
       7
       2
       9
       8
       8
      10
      12
       7
       7
       6
      12
      13
       7
       5
       1
       4
      11
      13
       6
      11
      14
       4
      14
      12
       5
      21
       7
       6
       9
       6
      10
       6
      11
       6
       8
      13
       6
       7
       6
      14
       6
       8
       8
       8
      10
       8
       9
      15
       9
      11
       8
      11
       5
       8
      13
       7
       7
       8
       4
       8
       8
       9
       5
       8
       6
       4
       4
      10
       9
       8
       7
       8
      10
       9
       5
       8
       5
       9
       8
       9
       8
       9
      13
       5
      10
      14
       7
       6
       5
      12
       8
       8
      12
      10
       7
       7
       7
      10
       8
       8
      11
      12
      14
      13
      17
       7
      16
       8
      15
       7
      22
      13
      21
      26
      22
      27
      27
      29
      38
      31
      53
      49
      59
      51
      66
      50
      45
      51
      49
      34
      38
      17
      22
      22
      19
      19
       7
       9
       7
       8
       8
      14
      10
       9
       8
       8
       4
       3
      12
       7
       3
      10
       7
       6
       9
       5
      11
       8
      12
      13
       6
       7
       7
       8
      14
       7
       4
       7
       5
       8
       7
      13
      10
       8
       7
       8
      12
       5
      10
       8
       7
       6
       8
       9
       8
       7
       3
      15
       8
       4
       7
      10
       8
       5
      11
      12
      10
       4
      10
       6
       6
       9
       7
      12
      10
       7
       8
       9
      11
       9
      16
      10
       9
      16
       8
       7
       4
       7
       4
       7
       6
      11
       9
       7
       8
       8
       8
       5
      10
       7
       4
      11
       5
       6
       7
       8
      10
      10
       7
       7
       8
       3
       6
       6
       8
       8
       9
       7
      13
       5
       9
       9
       6
       3
       6
      12
       9
       9
      11
      10
       5
       7
       4
       6
       1
       5
      10
       4
       9
       7
       7
       8
       6
      12
       7
       3
      10
       8
       3
       9
      10
       8
       9
       7
       5
       9
       6
       7
       7
      10
       9
       8
       8
       9
       7
       3
       9
       8
      13
      12
       5
      11
       7
       2
       9
       5
       9
       5
       9
       7
       8
       7
       6
       6
       4
       8
       9
       8
      16
      10
       8
       6
      13
       7
       7
       7
       4
       6
       9
       9
       6
       8
      10
      10
       7
      11
       8
      13
       6
      11
       8
       3
       7
      12
       4
       7
       8
       9
       7
       7
       5
       8
       9
       8
       9
       7
      10
      12
      14
       8
       7
       9
       9
       6
       9
      13
       7
       5
       9
       4
      12
       4
       7
      10
      13
       8
      11
       5
       8
      15
       2
      10
      18
       8
       6
       9
       7
       5
       8
      12
       4
       6
      12
       8
       7
       6
      10
       4
       9
       4
       6
       7
       5
       6
      10
      12
       8
       5
       7
       6
       5
       7
       5
       9
       9
       5
      11
      10
       4
       7
       7
       5
       9
       6
       5
       7
       6
       7
       1
       9
      11
       3
       9
       9
      11
       4
       8
       5
       5
       5
       8
       6
       5
       8
       8
       7
       6
       8
       9
      12
       3
       2
       5
       9
       6
       7
       9
       6
       9
      10
       8
       6
       6
      15
       9
       7
       4
       3
       5
      12
       9
       9
       9
       9
       4
       5
       2
      12
       5
       6
       5
      11
       5
      10
       7
       5
      16
       9
       9
       5
       6
       8
      10
       4
       6
       9
       5
       8
       7
      11
       4
       7
       8
       9
       5
       7
       8
       5
       7
       7
       5
       7
       4
      11
       6
       5
       6
       4
      10
       4
       4
       5
      11
       5
      10
       7
      10
       9
       3
       8
       8
       4
       4
       6
       9
       4
       4
       7
       2
       6
       3
       4
       6
       3
       6
      10
       3
       9
      10
       4
       4
       7
       3
       6
       4
       8
       5
       6
       3
       2
       6
       8
       8
       9
       8
       7
       7
       7
       3
       5
       5
       6
       3
      11
       5
       5
       5
       6
       9
       4
       6
       6
       2
       5
       5
       6
       4
       9
       7
       8
       6
       6
       7
       5
       4
       5
       6
       7
       8
       6
       7
       7
       6
       6
       2
       6
       7
       4
       9
       5
       5
       9
       3
       4
       3
       3
      10
       6
       9
       6
       4
       5
       7
       5
       2
       1
       7
       5
       9
       5
       8
       5
       9
       4
       7
       7
       5
       8
       6
      10
       4
       2
       5
       3
       3
      12
       4
       2
       5
       3
       3
       5
       7
       6
       5
       3
       5
       4
       5
      10
       6
       1
       6
       2
       5
       5
       7
       4
       2
       4
       5
       2
       4
       5
       3
       7
       5
       5
       4
       3
       7
      10
       3
       5
       6
       2
       7
       3
       7
       4
       8
       6
       8
       7
       4
       5
       1
       4
       6
       7
      12
       5
       8
       7
      16
      11
       7
       5
      10
      15
      15
      10
       8
      13
       9
       8
       5
       7
      12
       4
       6
       4
       4
       5
       4
       3
       5
       6
       4
       2
       2
       3
       2
       8
       8
       4
       8
       4
       5
       2
       1
       6
       3
       9
       6
       5
       6
       6
       2
       7
       5
       5
       2
       2
       6
       4
       5
       2
       5
       4
       5
       5
       1
       5
       3
       1
       5
       3
       5
       4
       4
       3
       8
       4
       2
       5
       5
       5
       9
       3
       5
       6
       3
       2
       5
       5
       2
       4
       2
       5
       6
       6
       5
       8
       2
       1
       2
       4
       4
       7
       6
      10
       7
       5
       7
       7
       2
       6
       5
       5
       8
       2
       8
       9
       7
       6
       5
       3
       2
       5
       2
       4
       7
       3
       5
       3
       8
       1
       6
       6
       7
       2
       3
       7
       6
       2
       3
       3
       6
       4
       3
       6
       2
       5
       8
       6
       3
       4
       6
       5
       4
       2
       3
       2
       2
       1
       3
       8
       4
       8
       2
       6
       4
       3
       2
       5
       9
       3
       5
       3
       4
       3
       2
       2
       5
       3
       5
       2
       1
       2
       3
       6
       3
       6
       8
       3
       4
       2
       4
       7
       4
       2
       6
       3
       3
      11
      12
       7
       5
       4
       4
       4
       8
       6
       6
       2
       3
       5
       6
      10
       5
       7
       6
       6
       5
       4
       9
       7
       9
       6
       5
       9
       8
      17
      11
      15
       7
      19
      19
      17
      11
      20
      27
      25
      22
      30
      25
      32
      44
      37
      31
      34
      37
      26
      35
      23
      17
      21
      16
      12
      15
       6
       6
       7
      10
       7
       5
       7
       5
       3
       5
       4
       5
       6
       4
       4
       2
       1
       6
       7
       5
       0
       7
       2
       7
       4
       4
       3
       4
       2
       3
       4
       7
       4
       3
       1
       5
       5
       3
       5
       5
       4
       3
       4
       2
       3
       1
       3
       3
       5
       5
       8
       5
       8
       3
       3
       4
       4
       5
       2
       9
       4
       4
       4
       1
       4
       3
       4
       3
       4
       9
       4
       5
       3
       3
       5
       3
       6
       5
       0
       6
       8
       6
       4
       5
       5
       1
      11
       2
       2
       2
       2
       2
       6
       5
       4
       6
       7
       2
       5
       8
       4
       7
       5
       6
       4
       5
       1
       4
       5
       4
       1
       4
       6
       3
       4
       6
       2
       7
       5
       1
       4
       5
       3
       3
       2
       5
       2
       4
       8
       1
       5
       3
       6
       0
       6
       4
       4
       3
       2
       6
       4
       5
       1
       5
       2
       4
       5
       5
       3
       2
       3
       7
       4
       5
       2
       5
       3
       0
       4
       7
       3
       3
       3
       3
       5
       5
       5
       5
       5
       5
       3
       2
       4
       5
      12
       6
       2
       4
       3
       5
       5
       3
       2
       8
       5
       9
       8
       3
       8
       1
       5
       5
       6
       4
       4
       3
       5
       1
       5
       2
       3
       6
       6
       7
       6
       8
       2
       1
       3
       2
       6
       7
       3
       8
       5
       4
       5
       5
       4
       6
       4
       5
       6
       5
       4
       7
       4
       5
       6
       3
       6
       4
       5
       7
       5
       2
       6
       7
       9
       7
       6
       5
       4
       4
       5
       6
       6
       5
       8
       8
      11
       4
       7
       7
       6
       7
       5
       9
       5
       9
       4
       3
       2
       5
       8
       6
      10
       3
       1
       7
      13
       1
       7
       6
       5
       6
       5
       2
       3
       3
       4
       7
       5
       6
       2
       6
       6
       6
       5
       5
       3
       5
       3
       3
       4
       2
       6
       3
       3
       7
       4
       1
       3
       3
       4
       5
       6
       6
       2
       3
       2
       5
       8
       6
       5
       5
       4
       6
       2
       6
       2
       7
       6
       4
       7
       3
       3
       3
       2
       6
       6
       4
       5
       3
       6
       9
       5
       9
       8
       7
       4
       5
       5
       8
       6
       6
       8
       3
       7
       5
       7
       5
       4
       3
       5
       7
       6
       6
       4
       7
      10
       7
       4
       4
       8
       6
       2
       8
      10
       9
       3
       5
       4
       4
       8
       5
       2
       7
       7
       6
       7
       3
       6
       1
       5
       8
       5
       3
       4
       3
       3
       5
       2
       9
       4
       2
       4
       7
       8
       8
       6
       8
       4
       3
       6
       3
       5
       7
       5
       4
       9
       6
       7
       4
       6
       3
       4
       4
       3
       6
       2
       4
       2
       5
       6
       4
       8
       3
       3
       6
       9
       6
       4
       9
       1
       6
       5
      11
       6
       6
       6
       8
       9
       5
       1
       5
       3
       6
       2
       4
       4
       6
       5
       5
       6
       1
       9
       3
       6
       3
       2
       7
       5
       4
       7
       3
       2
       4
       7
       3
       6
       5
       6
       5
       8
       7
       6
       5
       7
       3
       3
       9
       4
       5
       2
       8
       5
       5
       9
       6
       5
       3
       3
       9
       5
       3
       5
       4
       3
       3
       7
       1
       3
       6
       2
       8
       6
       3
       5
       5
       0
       2
       4
       2
       4
       6
       5
       3
       2
       4
       2
       6
       5
       6
       6
       5
       1
       4
       5
       8
       6
       5
       1
       5
       2
       2
       2
       7
       5
       1
       1
       6
       2
       3
       3
       2
       4
       4
       6
       4
       2
       3
       3
       5
       5
       4
       4
       2
       3
       4
       2
       5
       5
       2
       3
       8
       6
       3
       2
       7
       6
       9
       3
       2
       8
       5
       6
       5
       5
       4
       3
       3
       2
       4
       4
       7
       6
      10
       5
       3
       4
       5
       3
       4
       3
       9
       3
       1
       9
       9
       6
       5
       3
       2
       6
       2
       7
       3
       3
       1
       4
       3
       5
       3
       2
       5
       3
       7
       3
       1
       4
       4
       4
       1
       2
       2
       5
       4
       1
       6
       0
       4
       3
       5
       1
       6
       3
       4
       3
       2
       2
       4
       3
       1
       2
       1
       4
       1
       2
       7
       4
       7
       2
       2
       3
       2
       4
       4
       3
       1
       2
       1
       0
       0
       4
       3
       3
       5
       1
       1
       3
       1
       3
       2
       0
       1
       2
       2
       1
       3
       2
       5
       2
       2
       3
       5
       3
       3
       2
       3
       2
       0
       3
       3
       2
       1
       2
       1
       4
       1
       4
       1
       2
       3
       4
       3
       2
       6
       5
       1
       4
       1
       2
       2
       2
       3
       4
       0
       1
       1
       5
       2
       1
       7
       1
       0
       3
       3
       1
       1
       2
       2
       3
       2
       2
       3
       3
       3
       3
       3
       2
       2
       3
       1
       1
       2
       1
       2
       4
       2
       3
       0
       0
       2
       4
       3
       5
       0
       2
       0
       1
       1
       0
       0
       2
       1
       0
       0
       1
       1
       5
       1
       2
       1
       5
       1
       0
       2
       2
       0
       2
       1
       1
       2
       1
       2
       1
       1
       1
       0
       0
       2
       0
       0
       0
       1
       1
       3
       0
       1
       0
       2
       2
       2
       3
       2
       1
       2
       2
       1
       2
       6
       1
       4
       1
       2
       1
       1
       1
       1
       2
       0
       0
       1
       4
       0
       1
       2
       0
       3
       0
       0
       1
       0
       1
       0
       2
       2
       2
       1
       3
       0
       2
       0
       0
       1
       1
       2
       0
       2
       2
       0
       1
       1
       0
       0
       2
       2
       0
       1
       0
       1
       1
       1
       0
       1
       1
       1
       2
       1
       3
       2
       0
       1
       0
       0
       2
       0
       1
       0
       1
       2
       0
       1
       1
       0
       0
       0
       0
       2
       1
       0
       0
       0
       0
       0
       0
       0
       1
       1
       0
       2
       1
       1
       0
       1
       1
       2
       1
       1
       1
       1
       1
       0
       3
       1
       1
       1
       1
       2
       0
       2
       0
       1
       0
       1
       0
       0
       1
       1
       1
       0
       0
       2
       0
       0
       1
       3
       0
       2
       1
       0
       0
       1
       0
       2
       1
       0
       1
       1
       0
       1
       0
       1
       1
       0
       1
       1
       1
       0
       4
       1
       0
       2
       1
       0
       0
       1
       1
       0
       0
       0
       0
       0
       1
       1
       0
       2
       2
       0
       0
       2
       1
       0
       3
       1
       0
       3
       3
       3
       2
       2
       1
       4
       3
       2
       0
       3
       3
       3
       2
       4
       7
       6
       4
       3
       7
       6
       5
       9
      15
      14
      13
      25
      31
      26
      31
      45
      37
      43
      48
      39
      50
      44
      46
      46
      58
      66
      59
      59
      65
      62
      47
      48
      34
      37
      22
      15
       6
       4
       6
       7
       7
       5
       1
       3
       2
       1
       3
       1
       1
       1
       1
       3
       0
       2
       4
       1
       2
       1
       2
       2
       0
       1
       3
       3
       4
       1
       2
       2
       2
       0
       1
       0
       0
       2
       0
       2
       1
       2
       0
       2
       0
       1
       0
       0
       0
       0
       0
       1
       1
       0
       0
       0
       1
       1
       0
       1
       0
       0
       1
       3
       0
       0
       0
       0
       0
       0
       0
       0
       0
       0
       0
       1
       0
       0
       0
       0
       0
       0
       1
       0
       0
       0
       0
       0
       4
       2
       0
       0
       1
       1
       0
       2
       0
       1
       4
       1
       1
       2
       6
       2
       1
       2
       6
       3
       3
       3
       7
      10
       7
       4
      13
      10
      16
      13
      15
      21
      20
      10
      13
      22
      16
      13
      10
      17
      10
      15
       6
       6
       2
       3
       3
       2
       1
       2
       0
       0
       1
       0
       2
       1
       0
       1
       0
       0
       0
       0
       0
       0
       0
       0
       0
       2
       0
       0
       0
       0
       1
       0
       0
       0
       0
       0
       1
       0
       1
       1
       0
       0
       0
       0
       0
       1
       0
       1
       0
       1
       1
       0
       0
       0
       0
       3
       1
       2
       2
       0
       0
       0
       0
       0
       0
       1
       1
       1
       0
       2
       1
       0
       0
       1
       0
       1
       0
       0
       0
       1
       1
       1
       0
       0
       1
       0
       2
       0
       0
       0
       0
       0
       0
       2
       1
       0
       0
       0
       0
       0
       0
       2
       0
       0
       0
       1
       0
       1
       0
       0
       0
       0
       0
       1
       0
       0
       0
       1
       0
       0
       1
       0
       0
       1
       0
       0
       1
       0
       0
       1
       0
       0
       0
       0
       0
       1
       0
       0
       0
       0
       0
       0
       0
       0
       0
       0
       0
       0
       3
       0
       1
       0
       1
       0
       0
       0
       0
       0
       0
       0
       1
       0
       0
       0
       1
       0
       0
       1
       0
       0
       0
       4
       0
       0
       0
       0
       1
       1
       0
       1
       1
       0
       0
       0
       2
       1
       0
       0
       0
       0
       0
       1
       0
       1
       1
       1
       1
       1
       0
       0
       1
       0
       0
       2
       0
       1
       0
       1
       0
       0
       3
       0
       0
       0
       1
       1
       1
       0
       0
       0
       0
       1
       1
       2
       1
       1
       0
       0
       0
       1
       0
       1
       1
       1
       0
       0
       0
       0
       0
       0
       0
       1
       0
       0
       1
       0
       1
       0
       0
       0
       0
       0
       1
       0
       0
       0
       1
       0
       2
       0
       0
       0
       0
       1
       1
       0
       0
       0
       0
       0
       0
       0
       0
       0
       1
       1
       0
       0
       1
       0
       2
       0
       0
       1
       0
       1
       0
       0
       0
       0
       1
       0
       1
       0
       0
       1
       0
       2
       0
       0
       1
       0
       0
       0
       2
       1
       1
       1
       0
       1
       1
       1
       0
       0
       0
       1
       1
       1
       0
       0
       1
       0
       0
       0
       0
       0
       0
       1
       3
       0
       0
       0
       0
       0
       0
       1
       0
       0
       0
       0
       0
       0
       1
       1
       1
       0
       0
       2
       0
       0
       0
       0
       0
       0
       0
       0
       0
       0
       0
       2
       0
       1
       0
       0
       0
       1
       1
       1
       0
       0
       1
       0
       0
       0
       1
       0
       0
       1
       0
       0
       2
       1
       0
       1
       0
       0
       0
       0
       0
       0
       1
       2
       0
       1
       0
       2
       1
       0
       0
       1
       0
       1
       0
       1
       1
       0
       0
       1
       0
       0
       0
       0
       0
       1
       0
       0
       0
       0
       1
       1
       0
       0
       0
       1
       0
       0
       1
       0
       0
       1
       0
       0
       0
       0
       0
       0
       0
       0
       0
       0
       1
       0
       0
       1
       0
       0
       1
       1
       0
       0
       0
       1
       1
       1
       0
       0
       0
       0
       0
       0
       1
       0
       1
       0
       0
       0
       1
       1
       0
       0
       0
       0
       0
       1
       0
       1
       1
       0
       0
       0
       0
       1
       0
       0
       0
       0
       2
       0
       1
       0
       0
       0
       0
       1
       0
       0
       0
       0
       0
       0
       0
       0
       0
       0
       0
       1
       0
       0
       0
       1
       0
       1
       1
       1
       0
       0
       0
       0
       1
       0
       0
       0
       0
       0
       0
       0
       1
       1
       0
       1
       0
       0
       1
       0
       0
       0
       0
       0
       0
       0
       0
       0
       1
       0
       1
       0
       0
       1
       0
       1
       0
       1
       1
       0
       0
       0
       1
       1
       0
       1
       1
       0
       1
       0
       0
       0
       1
       0
       1
       0
       0
       0
       0
       0
       0
       1
       0
       0
       1
       0
       0
       0
       0
       0
       0
       0
       0
       0
       0
       2
       1
       0
       0
       0
       0
       0
       0
       1
       0
       0
       0
       0
       0
       0
       1
       1
       1
       0
       0
       0
       0
       0
       0
       0
       0
       0
       1
       1
       0
       1
       0
       0
       1
       1
       1
       2
       0
       0
       1
       1
       0
       1
       0
       0
       0
       1
       0
       0
       0
       0
       0
       0
       0
       0
       0
       1
       0
       1
       0
       0
       0
       0
       0
       0
       0
       0
       0
       0
       0
       0
       0
       0
       0
       0
       0
       0
       0
       1
       0
       0
       0
       0
       0
       0
       0
       0
       0
       1
       0
       0
       1
       0
       0
       0
       0
       0
       0
       0
       0
       0
       2
       0
       0
       0
       0
       0
       0
       1
       2
       0
       0
       1
       0
       0
       0
       0
       0
       0
       0
       0
       1
       0
       0
       0
       1
       1
       0
       0
       0
       0
       0
       0
       1
       0
       0
       0
       0
       1
       0
       1
       0
       0
       0
       0
       1
       0
       0
       1
       1
       0
       0
       0
       1
       1
       0
       0
       0
       0
       1
       0
       2
       0
       1
       0
       0
       0
       1
       1
       0
       0
       3
       1
       0
       0
       0
       0
       2
       1
       0
       0
       1
       2
       0
       0
       0
       2
       1
       1
       1
       0
       0
       1
       1
       2
       1
       2
       0
       4
       1
       1
       0
       1
       2
       0
       0
       1
       0
       0
       1
       0
       0
       1
       1
       0
       4
       0
       1
       1
       0
       0
       1
       1
       1
       0
       0
       0
       0
       0
       0
       0
       1
       0
       0
       1
       0
       0
       1
       3
       0
       0
       0
       0
       0
       1
       0
       1
       0
       0
       1
       0
       1
       1
       0
       0
       0
       0
       0
       0
       0
       1
       0
       0
       0
       0
       1
       1
       1
       0
       0
       0
       0
       0
       0
       0
       1
       0
       0
       0
       0
       0
       0
       0
       0
       0
       0
       0
       0
       0
       1
       0
       0
       0
       0
       0
       0
       0
       0
       0
       0
       0
       1
       1
       1
       0
       1
       0
       0
       0
       1
       0
       1
       2
       0
       0
       0
       0
       0
       0
       0
       0
       0
       0
       0
       0
       0
       0
       0
       0
       1
       0
       1
       0
       0
       0
       2
       0
       0
       1
       0
       0
       0
       0
       0
       0
       1
       0
       0
       1
       0
       0
       0
       0
       0
       1
       0
       1
       0
       0
       0
       2
       0
       1
       0
       1
       0
       2
       0
       1
       0
       0
       0
       0
       0
       1
       0
       0
       0
       0
       2
       0
       0
       0
       0
       0
       0
       1
       2
       0
       0
       0
       0
       0
       0
       0
       0
       0
       1
       1
       0
       0
       0
       0
       0
       1
       0
       0
       0
       1
       1
       2
       0
       0
       0
       0
       1
       0
       0
       1
       0
       1
       0
       1
       0
       0
       0
       0
       0
       0
       0
       0
       2
       0
       0
       0
       1
       0
       0
       0
       0
       1
       0
       0
       1
       0
       0
       0
       0
       1
       0
       0
       0
       0
       0
       0
       0
       0
       0
       0
       0
       1
       0
       1
       0
       1
       1
       0
       0
       0
       0
       0
       0
       1
       1
       0
       0
       0
       0
       0
       0
       0
       0
       0
       0
       0
       0
       0
       0
       0
       0
       0
       1
       1
       0
       0
       0
       0
       1
       0
       0
       1
       0
       0
       1
       0
       0
       0
       1
       0
       0
       0
       0
       0
       0
       0
       0
       0
       0
       0
       0
       1
       0
       1
       1
       1
       0
       0
       0
       1
       0
       0
       0
       0
       0
       0
       0
       0
       1
       0
       0
       0
       0
       0
       0
       0
       0
       1
       1
       0
       1
       0
       0
       0
       0
       0
       0
       1
       0
       0
       0
       1
       0
       0
       2
       0
       0
       0
       0
       0
       1
       2
       0
       1
       0
       0
       0
       0
       0
       1
       0
       0
       0
       0
       0
       0
       0
       0
       0
       1
       1
       0
       0
       0
       0
       1
       1
       0
       0
       0
       0
       0
       0
       0
       0
       0
       1
       0
       0
       0
       0
       0
       0
       1
       0
       0
       0
       0
       0
       1
       1
       0
       0
       2
       0
       0
       0
       0
       1
       0
       1
       0
       0
       0
       0
       0
       0
       0
       1
       0
       0
       0
       1
       0
       0
       0
       0
       1
       0
       0
       1
       1
       0
       0
       0
       0
       1
       1
       0
       0
       0
       1
       0
       0
       1
       0
       0
       0
       1
       0
       0
       0
       0
       0
       0
       0
       0
       0
       0
       0
       0
       0
       1
       0
       0
       1
       0
       0
       1
       0
       0
       0
       0
       2
       0
       1
       0
       0
       0
       0
       0
       0
       0
       0
       0
       0
       0
       2
       0
       0
       0
       0
       0
       0
       0
       1
       0
       0
       0
       0
       0
       1
       0
       1
       0
       0
       0
       0
       0
       0
       0
       0
       0
       0
       1
       1
       1
       0
       0
       0
       0
       1
       0
       0
       1
       2
       0
       0
       0
       1
       0
       0
       0
       0
       0
       1
       0
       1
       1
       0
       0
       0
       1
       0
       0
       1
       1
       0
       1
       0
       0
       0
       1
       0
       0
       1
       1
       1
       0
       1
       0
       1
       0
       0
       1
       1
       0
       0
       0
       1
       0
       0
       0
       0
       0
       0
       0
       0
       0
       0
       0
       0
       0
       0
       2
       0
       1
       0
       0
       0
       0
       0
       0
       0
       0
       0
       1
       0
       0
       1
       1
       0
       0
       0
       0
       0
       0
       0
       0
       0
       1
       0
       0
       0
       0
       2
       1
       0
       0
       1
       0
       1
       0
       0
       0
       0
       0
       0
       1
       1
       0
       0
       0
       0
       1
       1
       0
       0
       0
       0
       0
       0
       0
       0
       0
       0
       0
       0
       0
       0
       0
       0
       0
       0
       1
       0
       0
       0
       0
       0
       0
       0
       0
       0
       0
       0
       1
       1
       1
       1
       0
       0
       0
       0
       0
       2
       1
       0
       0
       0
       0
       1
       0
       0
       0
       0
       0
       0
       0
       0
       0
       0
       0
       2
       0
       2
       0
       0
       2
       0
       0
       0
       1
       0
       0
       1
       0
       0
       1
       1
       1
       0
       0
       1
       0
       0
       0
       0
       0
       1
       0
       0
       0
       0
       0
       0
       0
       0
       0
       1
       0
       0
       0
       0
       0
       0
       0
       0
       0
       0
       0
       0
       0
       0
       0
       0
       1
       1
       0
       0
       0
       0
       0
       0
       0
       0
       1
       0
       0
       1
       0
       0
       0
       0
       0
       1
       0
       0
       0
       1
       1
       0
       0
       0
       0
       0
       0
       0
       1
       0
       0
       2
       0
       0
       0
       0
       0
       0
       0
       1
       0
       0
       0
       0
       0
       0
       1
       0
       0
       0
       0
       0
       0
       0
       0
       0
       0
       1
       1
       0
       0
       0
       0
       0
       1
       0
       1
       1
       1
       0
       0
       1
       0
       0
       0
       0
       1
       0
       1
       0
       0
       0
       1
       0
       0
       0
       1
       0
       0
       0
       0
       0
       0
       1
       0
       1
       0
       0
       1
       0
       0
       1
       0
       1
       0
       0
       0
       0
       0
       0
       0
       0
       0
       0
       0
       1
       0
       0
       0
       0
       0
       1
       0
       0
       0
       0
       1
       0
       0
       0
       1
       0
       0
       1
       0
       0
       0
       0
       0
       0
       0
       0
       1
       1
       2
       0
       0
       0
       1
       0
       0
       0
       1
       0
       0
       0
       1
       0
       0
       0
       0
       1
       0
       1
       0
       0
       0
       0
       0
       0
       1
       1
       0
       0
       0
       0
       0
       0
       0
       0
       0
       0
       2
       0
       0
       0
       0
       0
       0
       0
       0
       0
       1
       0
       0
       0
       0
       0
       0
       0
       0
       0
       1
       1
       1
       1
       0
       0
       0
       0
       1
       1
       0
       0
       0
       0
       1
       0
       0
       0
       0
       0
       0
       0
       0
       0
       0
       0
       0
       0
       0
       0
       1
       2
       0
       1
       0
       1
       0
       0
       0
       0
       0
       0
       0
       0
       0
       0
       0
       0
       0
       0
       0
       0
       0
       0
       0
       0
       0
       0
       0
       0
       0
       0
       0
       0
       0
       1
       0
       0
       0
       0
       0
       2
       0
       0
       0
       0
       0
       1
       0
       2
       0
       0
       0
       0
       0
       2
       0
       0
       0
       1
       0
       0
       0
       0
       0
       0
       0
       0
       0
       0
       0
       0
       0
       1
       1
       0
       0
       0
       0
       0
       0
       0
       0
       0
       0
       0
       0
       0
       0
       1
       0
       0
       1
       0
       0
       0
       0
       0
       0
       1
       0
       0
       0
       1
       1
       0
       1
       0
       0
       0
       0
       0
       0
       0
       0
       1
       0
       1
       0
       1
       0
       0
       0
       0
       0
       1
       0
       1
       0
       0
       0
       0
       0
       0
       1
       0
       0
       0
       0
       0
       0
       0
       0
       1
       0
       1
       0
       0
       0
       0
       0
       1
       0
       0
       2
       0
       0
       0
       0
       0
       0
       0
       1
       2
       0
       0
       0
       0
       1
       0
       0
       0
       1
       0
       0
       0
       0
       0
       0
       0
       0
       1
       0
       0
       0
       0
       0
       0
       1
       0
       0
       0
       1
       0
       0
       0
       0
       0
       0
       0
       0
       1
       0
       0
       0
       0
       0
       0
       1
       0
       0
       0
       0
       0
       0
       0
       0
       0
       0
       1
       0
       0
       2
       0
       1
       0
       0
       0
       1
       0
       1
       1
       0
       0
       0
       0
       0
       1
       0
       0
       1
       0
       1
       0
       0
       0
       0
       0
       1
       0
       0
       0
       0
       0
       0
       0
       0
       0
       1
       0
       0
       0
       0
       0
       0
       0
       0
       0
       1
       0
       0
       0
       0
       0
       1
       0
       1
       0
       0
       1
       0
       0
       0
       0
       0
       0
       0
       0
       0
       0
       2
       0
       0
       0
       0
       2
       0
       0
       0
       0
       0
       0
       0
       0
       0
       1
       1
       0
       0
       0
       0
       0
       0
       0
       0
       0
       0
       0
       0
       0
       0
       0
       1
       0
       0
       0
       0
       1
       0
       0
       0
       0
       0
       0
       0
       1
       0
       0
       0
       0
       0
       1
       0
       0
       0
       0
       0
       0
       1
       0
       1
       0
       0
       0
       1
       0
       0
       0
       0
       0
       0
       0
       0
       0
       0
       0
       0
       0
       0
       0
       0
       0
       0
       1
       0
       0
       0
       0
       0
       0
       0
       1
       0
       0
       0
       0
       0
       0
       0
       0
       0
       0
       0
       0
       0
       1
       0
       0
       0
       0
       1
       0
       1
       0
       0
       0
       0
       1
       1
       0
       0
       0
       0
       0
       0
       0
       0
       1
       1
       0
       0
       0
       0
       2
       1
       0
       1
       0
       2
       0
       0
       0
       0
       0
       0
       0
       0
       0
       1
       0
       0
       0
       0
       0
       0
       0
       0
       0
       0
       1
       1
       1
       0
       0
       0
       0
       0
       0
       0
       0
       0
       0
       0
       0
       0
       0
       1
       0
       0
       0
       0
       0
       1
       0
       0
       0
       0
       0
       0
       0
       0
       0
       0
       0
       0
       0
       0
       0
       0
       0
       1
       0
       0
       0
       0
       0
       0
       0
       1
       0
       0
       1
       0
       0
       0
       0
       1
       1
       0
       1
       0
       0
       0
       0
       0
       0
       0
       0
       0
       0
       0
       0
       0
       0
       0
       0
       0
       0
       0
       0
       0
       0
       0
       0
       0
       0
       0
       0
       0
       0
       0
       0
       0
       0
       0
       0
       0
       0
       0
       0
       0
       0
       0
       0
       0
       0
       0
       0
       0
       0
       0
       0
       0
       0
       0
       0
       0
       0
       0
       0
       0
       0
       0
       0
       0
       0
       0
       0
       0
       0
       0
       0
       0
       0
       0
       0
       0
       0
       0
       0
       0
       0
       0
       0
       0
       0
       0
       0
       0
       0
       0
       0
       0
       0
       0
       0
       0
       0
       0
       0
       0
       0
       0
       0
       0
       0
       0
       0
       0
       0
       0
       0
       0
       0
       0
       0
       0
       0
       0
       0
       0
       0
       0
       0
       0
       0
       0
       0
       0
       0
       0
       0
       0
       0
       0
       0
       0
       0
       0
       0
       0
       0
       0
       0
       0
       0
       0
       0
       0
       0
       0
       0
       0
       0
       0
       0
       0
       0
       0
       0
       0
       0
       0
       0
       0
       0
       0
       0
       0
       0
       0
       0
       0
       0
       0
       0
       0
       0
       0
       0
       0
       0
       0
       0
       0
       0
       0
$ROI:
2
2765 2788
2820 2882
$PRESETS:
None
0
0
$ENER_FIT:
0.000000 0.402997
$MCA_CAL:
3
0.000000E+000 4.029968E-001 0.000000E+000 keV
$SHAPE_CAL:
3
0.000000E+000 0.000000E+000 0.000000E+000
