#             0.000000e+00 1.454210e+00 2.459210e+00 2.775420e+00 2.902150e+00 2.942560e+00 3.037860e+00 3.263660e+00 3.269100e+00 3.273700e+00 3.420550e+00 3.450900e+00 3.524000e+00 3.531100e+00 3.593710e+00 3.620090e+00 3.775000e+00 3.870000e+00 3.898800e+00 3.943600e+00 4.020000e+00 4.105900e+00 4.108400e+00 4.260000e+00 4.294700e+00 4.347900e+00 4.358700e+00 4.383000e+00 4.404300e+00 4.449600e+00 4.474600e+00 4.518300e+00 4.538000e+00 4.574100e+00 0.000000e+00 0.000000e+00 0.000000e+00 0.000000e+00 0.000000e+00 0.000000e+00 0.000000e+00 4.575100e+00
 3.500000e+00 4.039224e-02 3.678945e-04 1.656838e-09 4.072157e-13 7.313231e-16 3.260277e-17 0.000000e+00 0.000000e+00 0.000000e+00 0.000000e+00 0.000000e+00 0.000000e+00 0.000000e+00 0.000000e+00 0.000000e+00 0.000000e+00 0.000000e+00 0.000000e+00 0.000000e+00 0.000000e+00 0.000000e+00 0.000000e+00 0.000000e+00 0.000000e+00 0.000000e+00 0.000000e+00 0.000000e+00 0.000000e+00 0.000000e+00 0.000000e+00 0.000000e+00 0.000000e+00 0.000000e+00 0.000000e+00 0.000000e+00 0.000000e+00 0.000000e+00 0.000000e+00 0.000000e+00 0.000000e+00 0.000000e+00 0.000000e+00
 6.000000e+00 4.672728e-01 6.096382e-01 1.167690e-01 5.490100e-02 2.454690e-02 1.038456e-02 2.437300e-02 1.063319e-02 1.040507e-02 1.021532e-02 5.158957e-03 3.583916e-03 3.192297e-03 1.033291e-03 2.401699e-03 1.969648e-03 8.310804e-04 4.426100e-04 4.108213e-04 2.284974e-04 1.582925e-04 8.603654e-05 9.017896e-05 2.446741e-05 1.645124e-05 1.039159e-05 9.697194e-06 4.657761e-06 5.347242e-06 3.452833e-06 2.689498e-06 1.517055e-06 3.768756e-07 4.787574e-07 0.000000e+00 0.000000e+00 0.000000e+00 0.000000e+00 0.000000e+00 0.000000e+00 0.000000e+00 9.040963e-06
 8.500000e+00 2.285482e-01 6.683288e-01 6.635403e-01 3.825457e-01 2.064744e-01 8.444110e-02 3.252085e-01 2.768835e-01 2.757363e-01 2.747670e-01 2.902081e-01 1.547767e-01 3.291546e-01 5.484479e-02 2.093935e-01 3.012708e-01 2.065303e-01 1.443572e-01 1.523824e-01 9.446271e-02 1.205273e-01 1.743074e-01 1.174801e-01 9.490666e-02 1.333358e-01 8.295672e-02 1.040774e-01 1.127328e-01 1.121751e-01 7.023330e-02 8.585984e-02 6.232672e-02 1.533140e-02 3.254156e-02 0.000000e+00 0.000000e+00 0.000000e+00 0.000000e+00 0.000000e+00 0.000000e+00 0.000000e+00 7.585055e-01
 1.100000e+01 7.293591e-02 2.569469e-01 3.615478e-01 1.939477e-01 1.041408e-01 4.100663e-02 1.810895e-01 1.699629e-01 1.696943e-01 1.694671e-01 2.122745e-01 9.801417e-02 2.762415e-01 3.454387e-02 1.536241e-01 2.683011e-01 1.893349e-01 1.302910e-01 1.384841e-01 8.303822e-02 1.232639e-01 2.277018e-01 1.280904e-01 1.205902e-01 2.117745e-01 1.162522e-01 1.612572e-01 2.309149e-01 2.025089e-01 1.112465e-01 1.533915e-01 1.078747e-01 2.371161e-02 5.786755e-02 0.000000e+00 0.000000e+00 0.000000e+00 0.000000e+00 0.000000e+00 0.000000e+00 0.000000e+00 9.006391e+00
 1.350000e+01 1.944390e-02 7.404702e-02 1.184610e-01 6.040611e-02 3.204114e-02 1.244292e-02 5.768021e-02 5.533523e-02 5.527875e-02 5.523100e-02 7.306311e-02 3.171053e-02 9.992132e-02 1.107663e-02 5.191187e-02 9.821915e-02 6.821818e-02 4.589874e-02 4.875558e-02 2.859500e-02 4.443230e-02 8.954629e-02 4.659372e-02 4.503414e-02 8.614693e-02 4.413164e-02 6.369412e-02 1.014856e-01 8.416659e-02 4.308919e-02 6.203870e-02 4.238621e-02 8.820804e-03 2.239155e-02 0.000000e+00 0.000000e+00 0.000000e+00 0.000000e+00 0.000000e+00 0.000000e+00 0.000000e+00 1.870279e+01
 1.600000e+01 4.957807e-03 1.970599e-02 3.375410e-02 1.664522e-02 8.744378e-03 3.375319e-03 1.604215e-02 1.552501e-02 1.551258e-02 1.550206e-02 2.104226e-02 8.841431e-03 2.957219e-02 3.073674e-03 1.477243e-02 2.919257e-02 1.997557e-02 1.324356e-02 1.408071e-02 8.157286e-03 1.292270e-02 2.726804e-02 1.360797e-02 1.326742e-02 2.651797e-02 1.307053e-02 1.923583e-02 3.240061e-02 2.608206e-02 1.284327e-02 1.887470e-02 1.269014e-02 2.576471e-03 6.630248e-03 0.000000e+00 0.000000e+00 0.000000e+00 0.000000e+00 0.000000e+00 0.000000e+00 0.000000e+00 2.144260e+01
 1.850000e+01 1.292781e-03 5.290705e-03 9.464574e-03 4.557331e-03 2.377906e-03 9.154632e-04 4.413740e-03 4.290879e-03 4.287928e-03 4.285432e-03 5.906473e-03 2.433402e-03 8.448626e-03 8.439158e-04 4.112543e-03 8.357254e-03 5.653036e-03 3.713053e-03 3.949150e-03 2.271866e-03 3.637428e-03 7.896361e-03 3.837756e-03 3.757656e-03 7.717761e-03 3.711400e-03 5.529131e-03 9.635563e-03 7.614230e-03 3.658057e-03 5.444088e-03 3.622132e-03 7.262542e-04 1.879781e-03 0.000000e+00 0.000000e+00 0.000000e+00 0.000000e+00 0.000000e+00 0.000000e+00 0.000000e+00 1.867067e+01
 2.100000e+01 3.542946e-04 1.480704e-03 2.734178e-03 1.292413e-03 6.705681e-04 2.578974e-04 1.255756e-03 1.224437e-03 1.223684e-03 1.223049e-03 1.702939e-03 6.922049e-04 2.468682e-03 2.397523e-04 1.179032e-03 2.444945e-03 1.638076e-03 1.068682e-03 1.137473e-03 6.513311e-04 1.049495e-03 2.325509e-03 1.109159e-03 1.088804e-03 2.279358e-03 1.077057e-03 1.617816e-03 2.887711e-03 2.252649e-03 1.063504e-03 1.596089e-03 1.054376e-03 2.098713e-04 5.444307e-04 0.000000e+00 0.000000e+00 0.000000e+00 0.000000e+00 0.000000e+00 0.000000e+00 0.000000e+00 1.532613e+01
 2.350000e+01 1.007519e-04 4.284996e-04 8.113751e-04 3.776866e-04 1.950483e-04 7.500922e-05 3.678154e-04 3.593862e-04 3.591839e-04 3.590128e-04 5.036804e-04 2.025833e-04 7.381619e-04 7.016375e-05 3.471748e-04 7.316393e-04 4.861182e-04 3.153923e-04 3.360094e-04 1.916525e-04 3.102496e-04 6.988957e-04 3.284089e-04 3.229482e-04 6.862754e-04 3.197964e-04 4.833237e-04 8.791990e-04 6.789767e-04 3.161630e-04 4.774609e-04 3.137168e-04 6.217284e-05 1.613743e-04 0.000000e+00 0.000000e+00 0.000000e+00 0.000000e+00 0.000000e+00 0.000000e+00 0.000000e+00 1.269998e+01
 2.600000e+01 2.991634e-05 1.290222e-04 2.494540e-04 1.145715e-04 5.890710e-05 2.265073e-05 1.117758e-04 1.093906e-04 1.093334e-04 1.092850e-04 1.542676e-04 6.152178e-05 2.282220e-04 2.129323e-05 1.059382e-04 2.263373e-04 1.492676e-04 9.638152e-05 1.027830e-04 5.844856e-05 9.493099e-05 2.168865e-04 1.006353e-04 9.909278e-05 2.132493e-04 9.820246e-05 1.491748e-04 2.757262e-04 2.111469e-04 9.717611e-05 1.475054e-04 9.648508e-05 1.905282e-05 4.945958e-05 0.000000e+00 0.000000e+00 0.000000e+00 0.000000e+00 0.000000e+00 0.000000e+00 0.000000e+00 1.061449e+01
 2.850000e+01 9.209985e-06 4.018684e-05 7.907467e-05 3.588422e-05 1.838185e-05 7.068120e-06 3.505400e-05 3.434638e-05 3.432941e-05 3.431507e-05 4.868505e-05 1.927544e-05 7.262344e-05 6.668910e-06 3.332331e-05 7.205289e-05 4.719309e-05 3.034610e-05 3.238960e-05 1.837098e-05 2.991771e-05 6.919758e-05 3.175485e-05 3.129918e-05 6.810107e-05 3.103630e-05 4.735722e-05 8.875384e-05 6.746789e-05 3.073411e-05 4.686152e-05 3.052985e-05 6.011221e-06 1.560409e-05 0.000000e+00 0.000000e+00 0.000000e+00 0.000000e+00 0.000000e+00 0.000000e+00 0.000000e+00 8.908274e+00
 3.100000e+01 2.961358e-06 1.306190e-05 2.611132e-05 1.172001e-05 5.983975e-06 2.300976e-06 1.146133e-05 1.124085e-05 1.123557e-05 1.123110e-05 1.600539e-05 6.296321e-06 2.405454e-05 2.177876e-06 1.092212e-05 2.387287e-05 1.553692e-05 9.953170e-06 1.063169e-05 6.016497e-06 9.820307e-06 2.296525e-05 1.043397e-05 1.029205e-05 2.261666e-05 1.021018e-05 1.564186e-05 2.968490e-05 2.241546e-05 1.011584e-05 1.548586e-05 1.005235e-05 1.974848e-06 5.125320e-06 0.000000e+00 0.000000e+00 0.000000e+00 0.000000e+00 0.000000e+00 0.000000e+00 0.000000e+00 7.557900e+00
 3.350000e+01 9.775253e-07 4.350545e-06 8.824281e-06 3.919170e-06 1.994574e-06 7.668852e-07 3.836495e-06 3.765846e-06 3.764152e-06 3.762720e-06 5.384613e-06 2.105323e-06 8.150419e-06 7.278945e-07 3.663760e-06 8.090968e-06 5.233420e-06 3.340472e-06 3.570639e-06 2.016232e-06 3.297876e-06 7.793870e-06 3.507354e-06 3.461932e-06 7.679963e-06 3.435731e-06 5.283461e-06 1.014720e-05 7.614235e-06 3.405539e-06 5.233097e-06 3.385219e-06 6.634819e-07 1.721694e-06 0.000000e+00 0.000000e+00 0.000000e+00 0.000000e+00 0.000000e+00 0.000000e+00 0.000000e+00 6.626161e+00
 3.600000e+01 3.374121e-07 1.513237e-06 3.109441e-06 1.367425e-06 6.938285e-07 2.667862e-07 1.339437e-06 1.315616e-06 1.315045e-06 1.314562e-06 1.888252e-06 7.340987e-07 2.877177e-06 2.537389e-07 1.281227e-06 2.856755e-06 1.836982e-06 1.168543e-06 1.249889e-06 7.042913e-07 1.154236e-06 2.754823e-06 1.228610e-06 1.213345e-06 2.715795e-06 1.204543e-06 1.858997e-06 3.610370e-06 2.693288e-06 1.194402e-06 1.841940e-06 1.187579e-06 2.322524e-07 6.025632e-07 0.000000e+00 0.000000e+00 0.000000e+00 0.000000e+00 0.000000e+00 0.000000e+00 0.000000e+00 5.708109e+00
 3.850000e+01 1.201263e-07 5.427561e-07 1.128734e-06 4.916039e-07 2.487089e-07 9.563743e-08 4.818108e-07 4.734791e-07 4.732795e-07 4.731107e-07 6.819510e-07 2.636981e-07 1.045799e-06 9.111923e-08 4.614568e-07 1.038516e-06 6.639033e-07 4.209170e-07 4.505078e-07 2.533437e-07 4.159277e-07 1.002195e-06 4.430766e-07 4.378072e-07 9.884265e-07 4.347344e-07 6.732690e-07 1.321782e-06 9.804178e-07 4.311953e-07 6.672665e-07 4.288143e-07 8.369359e-08 2.170840e-07 0.000000e+00 0.000000e+00 0.000000e+00 0.000000e+00 0.000000e+00 0.000000e+00 0.000000e+00 4.961805e+00
 4.100000e+01 4.410890e-08 2.006182e-07 4.223029e-07 1.821086e-07 9.184926e-08 3.531299e-08 1.785630e-07 1.755477e-07 1.754754e-07 1.754144e-07 2.537228e-07 9.757371e-08 3.916282e-07 3.369545e-08 1.711986e-07 3.889383e-07 2.471454e-07 1.561525e-07 1.672395e-07 9.385348e-08 1.543515e-07 3.755323e-07 1.645534e-07 1.626275e-07 3.704086e-07 1.615174e-07 2.510325e-07 4.982638e-07 3.674562e-07 1.602390e-07 2.488450e-07 1.593790e-07 3.103418e-08 8.048997e-08 0.000000e+00 0.000000e+00 0.000000e+00 0.000000e+00 0.000000e+00 0.000000e+00 0.000000e+00 4.339912e+00
 4.350000e+01 1.665683e-08 7.625499e-08 1.623051e-07 6.930464e-08 3.484752e-08 1.339354e-08 6.797998e-08 6.685416e-08 6.682720e-08 6.680440e-08 9.695628e-08 3.707960e-08 1.506116e-07 1.279578e-08 6.523144e-08 1.495879e-07 9.448467e-08 5.948929e-08 6.375530e-08 3.570128e-08 5.881898e-08 1.444901e-07 6.275430e-08 6.203691e-08 1.425349e-07 6.161615e-08 9.610710e-08 1.928396e-07 1.414141e-07 6.114044e-08 9.528605e-08 6.082048e-08 1.181164e-08 3.063781e-08 0.000000e+00 0.000000e+00 0.000000e+00 0.000000e+00 0.000000e+00 0.000000e+00 0.000000e+00 3.823325e+00
 4.600000e+01 6.472683e-09 2.978715e-08 6.414063e-08 2.711098e-08 1.358637e-08 5.219566e-09 2.659857e-08 2.616338e-08 2.615296e-08 2.614415e-08 3.807815e-08 1.447524e-08 5.954814e-08 4.991006e-09 2.553662e-08 5.914456e-08 3.711657e-08 2.328034e-08 2.496701e-08 1.394681e-08 2.301665e-08 5.713171e-08 2.457664e-08 2.430043e-08 5.636630e-08 2.414129e-08 3.779979e-08 7.671680e-08 5.592562e-08 2.395811e-08 3.748073e-08 2.383492e-08 4.615076e-09 1.197355e-08 0.000000e+00 0.000000e+00 0.000000e+00 0.000000e+00 0.000000e+00 0.000000e+00 0.000000e+00 3.390554e+00
 4.850000e+01 2.581584e-09 1.195391e-08 2.602061e-08 1.088006e-08 5.434114e-09 2.086509e-09 1.067598e-08 1.050277e-08 1.049862e-08 1.049512e-08 1.533601e-08 5.793871e-09 2.414232e-08 1.995753e-09 1.025107e-08 2.397883e-08 1.495129e-08 9.340816e-09 1.002496e-08 5.585549e-09 9.238561e-09 2.316602e-08 9.871837e-09 9.762191e-09 2.285627e-08 9.699039e-09 1.524534e-08 3.128867e-08 2.267801e-08 9.626359e-09 1.511765e-08 9.577494e-09 1.848632e-09 4.797734e-09 0.000000e+00 0.000000e+00 0.000000e+00 0.000000e+00 0.000000e+00 0.000000e+00 0.000000e+00 3.021538e+00
 5.100000e+01 1.070157e-09 4.978123e-09 1.095203e-08 4.535123e-09 2.256021e-09 8.655786e-10 4.448691e-09 4.376822e-09 4.375102e-09 4.373648e-09 6.415092e-09 2.408678e-09 1.016528e-08 8.286263e-10 4.273447e-09 1.009622e-08 6.254335e-09 3.892111e-09 4.179632e-09 2.322713e-09 3.849736e-09 9.753119e-09 4.116137e-09 4.070691e-09 9.622462e-09 4.044524e-09 6.383619e-09 1.324747e-08 9.547294e-09 4.014415e-09 6.330268e-09 3.994177e-09 7.682189e-10 1.994700e-09 0.000000e+00 0.000000e+00 0.000000e+00 0.000000e+00 0.000000e+00 0.000000e+00 0.000000e+00 2.722742e+00
 5.350000e+01 4.486434e-10 2.097436e-09 4.666472e-09 1.907097e-09 9.451407e-10 3.622712e-10 1.871312e-09 1.840979e-09 1.840254e-09 1.839640e-09 2.709101e-09 1.009761e-09 4.324939e-09 3.468539e-10 1.797387e-09 4.295231e-09 2.640814e-09 1.635718e-09 1.757868e-09 9.737979e-10 1.617903e-09 4.147764e-09 1.731141e-09 1.712024e-09 4.091666e-09 1.701020e-09 2.697365e-09 5.669236e-09 4.059407e-09 1.688362e-09 2.674725e-09 1.679857e-09 3.217115e-10 8.359336e-10 0.000000e+00 0.000000e+00 0.000000e+00 0.000000e+00 0.000000e+00 0.000000e+00 0.000000e+00 2.481542e+00
