$SPEC_ID:
Cs137
$SPEC_REM:
DET# 2
DETDESC# DETECTOR 2
AP# Maestro Version 7.01
$DATE_MEA:
02/15/2017 15:28:33
$MEAS_TIM:
3539 3557
$DATA:
0 8191
       0
       0
       0
       0
       0
       0
       0
       0
       0
       0
       0
       0
       0
       0
       0
       0
       0
       0
       0
       0
       0
       0
       0
       0
       0
       0
       0
       0
       0
       0
       0
       0
       0
       0
       0
       0
       0
       0
       0
       0
       0
       0
       0
       0
       0
       0
       0
       0
       0
       0
       0
       0
       0
       0
       0
       0
       0
       0
       0
       0
       0
       0
       0
       0
       0
       0
       0
       0
       0
       0
       0
       0
       0
       0
       0
       0
       0
       0
       0
       0
       0
       0
       0
       0
       0
       0
       0
       0
       0
       0
       0
       0
       0
       0
       0
       2
      33
     404
     615
     600
     630
     571
     588
     606
     658
     635
     674
     638
     651
     686
     660
     686
     662
     763
     685
     758
     774
     770
     770
     802
     836
     902
     915
     956
    1014
    1069
    1032
    1068
    1111
    1080
    1115
    1128
    1140
    1115
    1109
    1162
    1679
    3355
    5193
    3926
    1949
    1217
    1115
    1246
    1229
    1228
    1175
    1177
    1322
    1239
    1252
    1278
    1254
    1369
    1399
    1485
    1491
    1580
    1657
    1819
    2002
    2128
    2154
    2064
    2198
    2186
    2261
    2274
    2234
    2358
    2361
    2344
    2303
    2275
    2350
    2387
    2341
    2454
    2673
    2681
    2691
    2901
    2964
    3092
    3107
    3067
    2943
    3197
    4225
    5692
    5319
    3697
    2839
    3573
    5710
    7429
    5423
    2845
    1775
    1547
    1470
    1352
    1236
    1141
    1257
    1910
    3745
    5775
    6819
   18698
   48677
   58629
   30450
    7111
    1296
     722
     705
     792
     997
    1661
    2456
    2610
    1812
     950
     725
     769
    1008
    1247
    1191
     873
     710
     616
     652
     625
     653
     614
     658
     666
     677
     608
     660
     738
     710
     696
     741
     666
     668
     618
     722
     698
     693
     703
     662
     670
     679
     721
     761
     801
     776
     752
     784
     796
     785
     819
     790
     799
     823
     818
     806
     814
     805
     806
     815
     846
     821
     877
     852
     862
     839
     822
     804
     793
     874
     841
     855
     891
     896
     903
     889
     967
     943
     986
     966
     858
     855
     888
     852
     833
     847
     879
     878
     908
     922
     862
     818
     896
     820
     939
     889
     834
     869
     857
     896
     863
     864
     887
     904
     880
     833
     940
     944
     949
     953
     844
     883
     944
     887
     851
     937
     975
     910
     941
     989
     949
     924
     918
     943
     900
     978
     972
     947
     983
     955
     957
     958
     943
    1016
     941
     924
     954
    1045
    1008
     983
     947
    1024
    1027
    1009
    1011
    1008
    1023
    1095
    1011
    1058
    1047
    1121
    1066
    1055
    1034
    1162
    1068
    1135
    1158
    1084
    1145
    1095
    1126
    1052
    1190
    1134
    1145
    1155
    1151
    1210
    1209
    1201
    1242
    1228
    1228
    1315
    1211
    1284
    1291
    1336
    1350
    1332
    1364
    1385
    1392
    1364
    1415
    1355
    1428
    1439
    1385
    1388
    1389
    1486
    1480
    1436
    1401
    1405
    1438
    1426
    1430
    1355
    1461
    1562
    1935
    2158
    2171
    1765
    1447
    1338
    1383
    1379
    1358
    1385
    1445
    1325
    1355
    1405
    1369
    1367
    1382
    1305
    1306
    1355
    1400
    1348
    1411
    1366
    1345
    1372
    1407
    1318
    1309
    1302
    1285
    1277
    1314
    1212
    1251
    1265
    1306
    1242
    1220
    1174
    1165
    1142
    1144
    1131
    1127
    1133
    1072
    1080
    1151
    1020
    1098
    1003
    1013
     951
     974
     969
     985
    1004
     944
     873
     932
     918
     933
     882
     927
     878
     924
     864
     858
     877
     906
     881
     888
     833
     867
     831
     869
     777
     826
     843
     825
     906
     875
     891
     789
     852
     825
     798
     794
     816
     885
     792
     816
     796
     786
     822
     797
     868
     787
     823
     817
     780
     821
     791
     785
     821
     806
     796
     806
     767
     823
     746
     852
     808
     763
     735
     747
     737
     724
     769
     740
     726
     666
     653
     707
     663
     654
     606
     601
     626
     591
     627
     643
     530
     617
     550
     629
     577
     561
     587
     586
     616
     541
     538
     479
     550
     554
     505
     532
     538
     531
     517
     539
     505
     508
     470
     465
     483
     481
     490
     465
     500
     515
     731
     871
     896
     700
     526
     496
     457
     462
     461
     421
     466
     452
     401
     395
     456
     418
     410
     432
     402
     412
     416
     380
     404
     387
     363
     391
     378
     369
     377
     345
     371
     373
     385
     373
     352
     338
     357
     332
     318
     346
     399
     340
     340
     332
     326
     297
     336
     334
     320
     314
     274
     347
     306
     330
     316
     285
     304
     275
     275
     269
     261
     288
     255
     302
     268
     279
     285
     283
     258
     258
     269
     298
     264
     234
     253
     250
     241
     239
     253
     242
     263
     239
     255
     234
     223
     232
     192
     238
     234
     216
     210
     224
     206
     197
     196
     210
     190
     203
     179
     196
     208
     168
     191
     190
     191
     205
     211
     172
     177
     186
     169
     175
     183
     150
     151
     169
     145
     168
     169
     175
     184
     145
     148
     150
     153
     165
     163
     139
     149
     161
     146
     134
     127
     144
     132
     161
     256
     652
    2004
    4571
    5990
    4810
    2176
     618
     182
     127
     120
     109
     102
     145
     121
     107
     112
     124
     129
     123
     114
     104
     111
     102
     106
      96
     106
     106
      98
     106
     110
     106
     100
      93
      91
     107
      94
      98
      94
      98
      90
      80
     113
     107
      96
      93
      86
      86
      92
      89
     102
     103
      97
      83
      79
      79
      70
      88
      82
      81
      89
      90
      78
      79
      77
      69
      77
      81
     133
     357
    1547
    5057
   10246
   13538
   10454
    4709
    1211
     248
      84
      83
      73
      68
      85
      92
     106
      85
      74
      60
      69
      57
      72
      61
      58
      69
      68
      67
      65
      66
      69
      64
      66
      61
      58
      51
      41
      65
      68
      66
      58
      59
      52
      37
      66
      53
      64
      46
      60
      53
      69
      57
      58
      65
      47
      49
      42
      70
      52
      64
      52
      43
      56
      39
      58
      52
      57
      49
      51
      53
      66
      46
      61
      47
      53
      33
      53
      54
      58
      67
      60
      46
      81
      90
     125
     128
     110
      80
      71
      45
      55
      50
      54
      39
      55
      55
      70
      73
      52
      50
      56
      51
      54
      37
      49
      43
      43
      39
      47
      52
      38
      49
      53
      46
      44
      44
      53
      49
      49
      46
      33
      35
      46
      41
      38
      42
      49
      51
      34
      44
      39
      57
      49
      39
      40
      62
      55
      66
     143
     607
    2665
    9457
   22846
   36296
   36091
   22083
    8185
    1870
     277
      64
      36
      24
      18
      22
      27
      18
      24
      23
      14
      18
      14
      18
      15
      17
      15
      10
      15
      17
      17
      18
      16
      12
      19
      16
      12
      20
      21
      18
      16
      17
      16
      12
      20
      13
      15
      19
      18
      11
      18
      10
      17
      19
      12
      12
      10
      12
      19
      19
      15
      14
      17
      14
      13
      15
      16
      15
      16
      19
      14
       8
      25
      49
     187
     774
    2233
    4049
    5128
    4041
    2020
     630
     170
      85
     112
     188
     188
     134
      62
      25
      15
      15
      14
      14
      22
      37
      49
      49
      42
      20
      17
       6
       9
       8
       5
       6
       2
       5
       3
       6
       8
       4
       6
       6
       6
       7
       1
       1
       5
       3
       3
       2
       7
       2
       6
       6
       1
       3
       8
       4
       7
       4
       3
       9
       2
       5
       5
       3
       4
       5
       6
       6
       3
       3
      13
       4
       7
       2
       5
       5
      11
       7
       8
       7
       7
      13
      13
      19
      36
      26
      16
      10
      13
       5
      13
      11
       5
      10
      11
       5
       6
      11
       8
       7
       8
       5
       6
       5
      10
       8
       3
       6
       8
       3
      10
       8
      12
       8
       5
       6
      13
       9
       3
       8
      10
      10
       8
       5
       7
      11
       4
       7
       1
       9
       5
       7
       6
       6
       7
       5
      12
       3
       7
      13
      30
      73
      81
      77
      48
      17
       5
       2
       2
       4
       5
       2
       3
       1
       2
       4
       1
       2
       4
       5
       3
       2
       5
       2
       1
       4
       0
       3
       1
       4
       1
       2
       6
       1
       2
       3
       2
       2
       3
       3
       2
       5
       5
       4
       2
       2
       5
       4
       3
       3
       4
       1
       2
       4
       4
       2
       3
       1
       8
       4
       5
       4
       0
       1
       1
       3
       2
       4
       1
       1
       0
       2
       3
       3
       3
       1
       5
       1
       4
       4
       2
       3
       4
       1
       4
       0
       1
       2
       2
       1
       3
       1
       2
       4
       3
       0
       1
       1
       4
       2
       3
       1
       0
       1
       8
       4
       3
       3
       3
       4
       2
       1
       3
       2
       5
       2
       4
       1
       1
       2
       2
       3
       2
       5
       1
       1
       1
       2
       2
       2
       4
       2
       2
       0
       7
       1
       2
       2
       0
       3
       5
       2
       2
       3
       2
       2
       4
       2
       3
       4
       0
       0
       6
       6
       3
       3
       0
       1
       1
       3
       0
       1
       3
       0
       2
       4
       1
       2
       1
       8
       2
       1
       3
       1
       6
       1
       4
       2
       1
       2
       3
       1
       1
       4
       3
       2
       0
       4
       4
       5
       4
      10
       7
      10
       9
      12
      13
      15
       8
      11
       8
       3
       1
       3
       2
       2
       4
       4
       2
       2
       4
       0
       3
       2
       1
       2
       2
       0
       4
       4
       2
       3
       3
       3
       2
       2
       1
       7
       1
       2
       4
       4
       1
       3
       2
       1
       4
       2
       4
       1
       3
       2
       5
       1
       3
       4
       3
       5
       0
       1
       1
       2
       0
       3
       1
       1
       2
       0
       2
       3
       2
       2
       4
       4
       2
       0
       3
       1
       1
       2
       3
       2
       3
       4
       3
       2
       3
       0
       1
       4
       1
       3
       1
       0
       1
       1
       1
       1
       3
       1
       1
       3
       1
       4
       0
       5
       4
       3
       2
       4
       4
       2
       3
       2
       1
       1
       1
       2
       1
       3
       0
       3
       1
       0
       5
       1
       1
       1
       2
       3
       3
       0
       2
       1
       0
       1
       1
       3
       0
       3
       1
       0
       1
       3
       2
       2
       0
       4
       1
       2
       0
       1
       0
       2
       2
       2
       3
       4
       3
       3
       0
       1
       2
       1
       2
       2
       2
       0
       1
       2
       1
       1
       4
       2
       2
       2
       2
       6
       0
       4
       1
       2
       1
       1
       4
       0
       1
       0
       0
       1
       0
       2
       9
       3
       3
       1
       2
       5
       1
       5
       2
       1
       3
       2
       1
       1
       2
       2
       2
       3
       1
       1
       5
       4
       1
       0
       4
       2
       0
       0
       1
       2
       1
       0
       1
       0
       2
       1
       2
       1
       2
       3
       2
       1
       2
       3
       1
       1
       1
       1
       0
       4
       3
       3
       0
       2
       2
       1
       5
       0
       3
       4
       2
       2
       1
       1
       4
       2
       2
       2
       5
       6
       7
       3
       3
       0
       1
       1
       4
       1
       2
       3
       5
       0
       3
       3
       2
       2
       2
       2
       1
       2
       3
       2
       3
       0
       1
       3
       2
       3
       2
       2
       5
       1
       2
       1
       3
       2
       1
       1
       3
       4
       1
       0
       2
       0
       1
       3
       3
       2
       1
       0
       1
       1
       5
       0
       1
       4
       3
       2
       1
       2
       2
       1
       1
       3
       1
       0
       2
       1
       2
       3
       3
       0
       3
       0
       1
       1
       3
       0
       3
       1
       2
       2
       1
       0
       1
       2
       2
       2
       3
       0
       1
       2
       2
       2
       3
       0
       2
       1
       1
       2
       1
       3
       3
       2
       3
       1
       0
       2
       2
       1
       0
       0
       3
       2
       2
       1
       0
       3
       3
       2
       2
       2
       2
       0
       1
       4
       0
       0
       0
       1
       2
       3
       0
       1
       0
       2
       1
       2
       1
       2
       2
       1
       1
       1
       3
       3
       1
       1
       0
       2
       0
       1
       2
       0
       0
       1
       0
       2
       3
       3
       2
       1
       1
       2
       1
       1
       2
       3
       1
       0
       3
       2
       0
       1
       3
       1
       1
       0
       0
       2
       0
       0
       2
       1
       0
       0
       2
       0
       3
       1
       0
       2
       3
       3
       1
       1
       0
       2
       2
       3
       0
       2
       1
       1
       6
       0
       1
       0
       3
       0
       2
       1
       2
       2
       1
       0
       4
       2
       4
       0
       1
       1
       0
       2
       1
       2
       1
       1
       3
       2
       2
       0
       4
       2
       1
       0
       3
       0
       2
       3
       1
       1
       2
       0
       1
       4
       1
       0
       2
       0
       0
       2
       0
       2
       0
       1
       1
       0
       2
       1
       1
       0
       0
       1
       0
       2
       2
       0
       3
       0
       1
       0
       2
       1
       0
       2
       3
       1
       2
       1
       1
       0
       2
       2
       0
       0
       0
       2
       1
       2
       0
       0
       1
       2
       0
       3
       2
       1
       1
       1
       0
       3
       1
       0
       0
       0
       2
       0
       1
       0
       0
       0
       0
       0
       0
       3
       1
       0
       1
       5
       0
       0
       0
       2
       0
       0
       2
       2
       2
       1
       1
       1
       1
       1
       1
       2
       0
       0
       0
       1
       1
       1
       3
       1
       0
       3
       5
       2
       3
       2
       0
       1
       1
       0
       3
       2
       0
       0
       1
       3
       0
       1
       2
       1
       1
       1
       1
       2
       3
       0
       1
       2
       1
       1
       2
       0
       0
       0
       3
       1
       0
       1
       0
       0
       1
       0
       2
       1
       2
       2
       0
       2
       3
       1
       0
       2
       0
       2
       1
       2
       0
       1
       2
       1
       0
       1
       0
       2
       3
       0
       1
       0
       1
       1
       1
       1
       2
       0
       0
       0
       3
       1
       4
       1
       0
       1
       1
       0
       4
       1
       1
       5
       0
       0
       2
       1
       1
       2
       3
       0
       0
       2
       1
       1
       1
       2
       1
       1
       1
       1
       2
       1
       1
       0
       1
       0
       0
       0
       2
       1
       1
       0
       0
       1
       0
       0
       0
       0
       1
       0
       2
       0
       1
       0
       2
       1
       3
       3
       0
       3
       0
       1
       1
       1
       4
       0
       0
       1
       0
       0
       1
       1
       0
       0
       2
       1
       1
       2
       3
       2
       1
       0
       1
       2
       0
       3
       1
       0
       3
       2
       1
       1
       1
       1
       2
       2
       0
       1
       3
       2
       1
       2
       1
       2
       2
       0
       2
       1
       3
       1
       0
       0
       1
       0
       0
       1
       4
       3
       1
       1
       1
       0
       1
       3
       1
       0
       1
       0
       1
       1
       0
       0
       1
       0
       1
       0
       1
       0
       0
       0
       0
       0
       2
       2
       1
       2
       0
       0
       0
       3
       0
       0
       1
       1
       0
       0
       1
       1
       0
       0
       0
       0
       0
       1
       0
       1
       1
       0
       5
       1
       0
       3
       1
       1
       1
       1
       2
       0
       4
       2
       2
       3
       0
       0
       2
       0
       1
       1
       0
       1
       0
       0
       0
       5
       2
       1
       3
       1
       0
       0
       1
       1
       3
       1
       1
       1
       2
       0
       2
       0
       3
       1
       2
       1
       0
       0
       0
       2
       2
       2
       1
       0
       1
       0
       0
       3
       0
       1
       0
       2
       1
       1
       2
       1
       1
       0
       1
       0
       2
       0
       1
       2
       2
       1
       1
       1
       3
       4
       2
       1
       0
       2
       1
       2
       1
       1
       3
       0
       0
       0
       3
       0
       0
       1
       0
       1
       0
       1
       1
       0
       1
       0
       1
       1
       1
       0
       3
       0
       0
       3
       0
       0
       1
       1
       1
       0
       0
       0
       1
       2
       1
       1
       1
       2
       0
       0
       1
       0
       1
       0
       0
       1
       2
       1
       3
       2
       2
       0
       0
       0
       1
       1
       0
       0
       0
       2
       1
       0
       1
       1
       0
       2
       0
       1
       1
       0
       0
       1
       1
       1
       0
       1
       0
       0
       1
       0
       0
       1
       1
       0
       0
       1
       3
       0
       2
       0
       3
       0
       2
       2
       1
       1
       0
       2
       1
       2
       1
       0
       0
       0
       0
       1
       0
       1
       3
       2
       2
       0
       0
       2
       0
       0
       2
       1
       1
       0
       1
       0
       1
       1
       0
       1
       0
       1
       0
       0
       1
       1
       1
       0
       0
       2
       0
       2
       1
       0
       2
       1
       3
       1
       0
       1
       5
       0
       0
       1
       1
       1
       1
       1
       0
       0
       0
       2
       1
       1
       1
       1
       1
       2
       3
       2
       1
       0
       0
       1
       1
       0
       1
       0
       0
       0
       2
       4
       1
       0
       1
       0
       0
       1
       1
       5
       0
       0
       1
       0
       0
       1
       0
       2
       1
       2
       0
       2
       0
       1
       1
       0
       0
       1
       1
       0
       0
       0
       1
       1
       0
       1
       1
       1
       0
       1
       1
       1
       1
       1
       2
       1
       0
       0
       1
       1
       0
       1
       2
       1
       0
       0
       1
       0
       1
       1
       0
       2
       2
       1
       1
       0
       3
       1
       0
       0
       0
       2
       1
       1
       3
       0
       0
       0
       0
       1
       0
       0
       2
       1
       1
       1
       1
       0
       0
       0
       0
       2
       1
       1
       2
       2
       0
       1
       1
       0
       2
       0
       2
       2
       0
       0
       1
       1
       1
       1
       0
       1
       0
       0
       1
       0
       0
       0
       1
       3
       1
       1
       1
       0
       3
       1
       0
       0
       1
       0
       0
       0
       0
       0
       0
       0
       0
       2
       0
       1
       1
       0
       0
       1
       1
       1
       0
       2
       1
       1
       0
       1
       0
       0
       0
       0
       1
       0
       0
       1
       2
       0
       2
       0
       0
       0
       0
       2
       1
       1
       1
       1
       1
       2
       1
       0
       1
       2
       1
       2
       0
       0
       0
       0
       0
       2
       1
       1
       1
       0
       1
       0
       0
       1
       1
       0
       0
       1
       0
       3
       1
       1
       1
       1
       2
       1
       0
       0
       1
       0
       1
       0
       0
       1
       1
       1
       2
       0
       0
       1
       2
       0
       0
       1
       1
       2
       0
       1
       0
       1
       0
       0
       0
       0
       0
       2
       0
       1
       1
       2
       0
       1
       1
       1
       0
       1
       0
       0
       0
       0
       0
       0
       1
       0
       1
       0
       2
       3
       0
       2
       2
       1
       0
       2
       0
       2
       2
       0
       1
       0
       1
       0
       0
       0
       0
       0
       2
       1
       1
       1
       1
       2
       0
       1
       0
       0
       2
       0
       0
       3
       0
       0
       1
       0
       2
       0
       2
       1
       2
       4
       0
       1
       1
       0
       1
       0
       2
       0
       0
       0
       1
       0
       0
       1
       1
       2
       0
       1
       2
       0
       2
       1
       0
       0
       0
       2
       1
       2
       3
       0
       0
       1
       1
       0
       0
       2
       1
       1
       0
       0
       0
       1
       0
       0
       0
       0
       0
       1
       0
       0
       0
       0
       0
       1
       0
       1
       3
       0
       0
       0
       0
       2
       0
       1
       1
       1
       0
       0
       1
       0
       1
       2
       1
       0
       0
       2
       0
       2
       2
       0
       0
       0
       2
       1
       0
       1
       0
       1
       2
       2
       2
       1
       0
       0
       0
       0
       0
       3
       1
       0
       0
       0
       0
       2
       0
       1
       1
       0
       0
       1
       0
       0
       0
       0
       0
       0
       2
       0
       2
       0
       0
       0
       1
       0
       1
       0
       1
       2
       1
       2
       0
       1
       1
       0
       3
       0
       2
       1
       1
       0
       1
       2
       1
       0
       2
       0
       1
       1
       3
       1
       3
       1
       0
       2
       1
       2
       1
       0
       0
       1
       4
       0
       1
       1
       0
       0
       0
       1
       0
       1
       2
       0
       0
       2
       2
       0
       1
       0
       0
       0
       0
       0
       0
       0
       0
       0
       1
       1
       1
       0
       2
       0
       0
       1
       1
       0
       1
       1
       0
       0
       1
       1
       1
       1
       1
       2
       0
       0
       2
       0
       0
       0
       0
       1
       0
       2
       1
       1
       0
       0
       1
       0
       1
       0
       0
       1
       0
       0
       2
       0
       1
       0
       1
       0
       1
       0
       1
       0
       0
       0
       0
       0
       1
       1
       0
       0
       1
       1
       1
       0
       1
       2
       1
       1
       0
       0
       1
       0
       0
       0
       0
       0
       0
       1
       1
       1
       0
       1
       2
       0
       1
       0
       0
       0
       1
       0
       0
       0
       2
       0
       1
       0
       1
       0
       1
       0
       0
       0
       0
       0
       0
       1
       2
       1
       0
       1
       1
       0
       0
       0
       0
       1
       1
       2
       0
       1
       1
       2
       0
       0
       1
       0
       1
       1
       1
       1
       0
       1
       0
       0
       0
       0
       1
       0
       0
       0
       0
       1
       0
       0
       0
       0
       0
       0
       1
       0
       0
       1
       1
       0
       0
       1
       0
       0
       0
       1
       1
       1
       0
       1
       0
       0
       0
       1
       1
       1
       0
       0
       0
       2
       0
       0
       1
       0
       0
       0
       1
       0
       1
       0
       0
       0
       1
       1
       2
       1
       0
       3
       1
       0
       0
       1
       1
       1
       0
       0
       0
       0
       0
       0
       0
       0
       0
       0
       1
       2
       0
       2
       0
       0
       0
       0
       1
       1
       0
       0
       0
       0
       1
       0
       1
       1
       0
       0
       1
       1
       0
       0
       0
       2
       1
       1
       0
       1
       0
       0
       2
       0
       1
       1
       0
       1
       1
       1
       1
       0
       0
       1
       2
       2
       4
       1
       2
       0
       0
       0
       0
       0
       1
       0
       0
       1
       0
       0
       1
       1
       0
       0
       2
       0
       0
       0
       1
       2
       1
       0
       0
       0
       0
       1
       3
       0
       3
       1
       0
       1
       0
       0
       1
       1
       0
       1
       0
       0
       1
       1
       2
       1
       1
       0
       1
       1
       0
       0
       0
       0
       2
       1
       1
       1
       0
       1
       1
       1
       0
       0
       1
       2
       0
       1
       2
       1
       0
       1
       1
       0
       0
       0
       0
       0
       0
       0
       0
       0
       0
       0
       1
       0
       0
       0
       0
       0
       1
       0
       1
       1
       0
       0
       0
       0
       1
       0
       2
       1
       0
       0
       0
       0
       0
       1
       0
       0
       2
       0
       1
       1
       1
       1
       4
       0
       1
       2
       0
       1
       0
       1
       0
       1
       0
       0
       1
       1
       0
       0
       1
       0
       0
       0
       0
       1
       0
       1
       0
       1
       0
       1
       1
       0
       1
       0
       0
       1
       2
       0
       0
       0
       1
       0
       0
       1
       1
       1
       0
       1
       1
       0
       0
       0
       2
       0
       0
       0
       0
       0
       0
       0
       0
       1
       2
       0
       0
       0
       0
       0
       1
       0
       2
       1
       2
       0
       1
       0
       1
       0
       0
       1
       0
       0
       1
       0
       0
       0
       0
       1
       2
       0
       1
       0
       0
       0
       0
       1
       0
       0
       0
       0
       1
       0
       0
       0
       1
       0
       0
       1
       1
       0
       0
       0
       1
       1
       0
       1
       0
       0
       1
       0
       0
       0
       0
       0
       0
       0
       0
       1
       0
       0
       0
       0
       1
       0
       1
       0
       0
       1
       0
       1
       0
       1
       1
       0
       0
       2
       1
       1
       0
       0
       3
       0
       1
       0
       0
       0
       0
       0
       1
       1
       1
       1
       1
       0
       0
       0
       0
       0
       2
       0
       1
       1
       0
       0
       2
       1
       1
       0
       0
       1
       0
       0
       0
       1
       0
       1
       0
       1
       0
       1
       0
       0
       0
       1
       0
       1
       0
       0
       0
       0
       0
       1
       0
       1
       0
       1
       0
       0
       0
       1
       2
       1
       0
       1
       1
       0
       1
       2
       2
       0
       1
       0
       0
       0
       0
       1
       0
       0
       0
       1
       0
       0
       0
       0
       1
       0
       0
       0
       0
       0
       0
       0
       0
       2
       0
       0
       0
       1
       1
       0
       0
       0
       0
       2
       1
       0
       1
       1
       0
       1
       0
       0
       0
       0
       2
       3
       1
       1
       1
       0
       0
       1
       0
       0
       1
       1
       2
       1
       4
       0
       0
       3
       0
       0
       0
       1
       1
       1
       0
       1
       0
       0
       0
       0
       1
       2
       0
       1
       0
       0
       1
       0
       0
       0
       0
       1
       1
       0
       0
       0
       1
       0
       0
       1
       0
       1
       0
       0
       2
       0
       2
       1
       0
       0
       0
       0
       0
       1
       0
       0
       0
       0
       0
       0
       0
       0
       0
       0
       0
       0
       0
       0
       0
       0
       1
       2
       0
       0
       0
       0
       1
       0
       0
       0
       1
       0
       0
       0
       1
       0
       1
       0
       1
       0
       0
       0
       0
       0
       0
       0
       3
       0
       1
       0
       0
       0
       0
       0
       0
       1
       1
       2
       0
       0
       1
       0
       0
       0
       0
       0
       1
       0
       0
       0
       0
       0
       2
       0
       0
       1
       0
       1
       0
       1
       0
       0
       1
       0
       1
       0
       0
       0
       0
       0
       0
       0
       1
       0
       1
       0
       0
       0
       0
       0
       1
       0
       0
       1
       1
       0
       0
       1
       1
       1
       1
       1
       1
       0
       0
       1
       0
       0
       1
       1
       1
       0
       0
       0
       0
       0
       0
       0
       0
       0
       0
       0
       0
       0
       0
       1
       1
       0
       0
       0
       1
       0
       0
       0
       0
       0
       0
       0
       0
       1
       0
       0
       2
       0
       0
       1
       0
       0
       0
       0
       3
       1
       0
       1
       0
       0
       1
       1
       0
       0
       0
       0
       2
       1
       1
       0
       0
       0
       1
       0
       1
       1
       1
       1
       2
       1
       2
       1
       1
       0
       1
       0
       1
       0
       0
       1
       0
       0
       0
       0
       1
       1
       2
       1
       0
       1
       0
       0
       0
       0
       0
       0
       0
       1
       0
       0
       0
       0
       0
       0
       0
       0
       1
       0
       0
       0
       1
       1
       1
       1
       0
       0
       0
       0
       0
       0
       0
       0
       0
       1
       1
       0
       0
       0
       0
       0
       0
       0
       0
       0
       0
       0
       0
       0
       1
       1
       1
       0
       0
       0
       0
       0
       0
       0
       0
       0
       0
       0
       0
       0
       0
       0
       1
       1
       0
       0
       0
       0
       1
       1
       0
       1
       0
       0
       1
       2
       0
       0
       0
       0
       1
       0
       0
       0
       0
       0
       0
       2
       0
       0
       2
       0
       0
       0
       0
       0
       0
       1
       0
       0
       1
       0
       0
       0
       1
       1
       0
       1
       0
       1
       1
       0
       0
       2
       1
       1
       0
       0
       0
       0
       0
       1
       0
       0
       0
       0
       0
       1
       0
       0
       0
       0
       1
       0
       0
       0
       1
       0
       0
       0
       0
       0
       0
       1
       0
       0
       0
       0
       0
       1
       0
       0
       1
       0
       1
       0
       1
       0
       0
       0
       0
       1
       0
       0
       1
       1
       1
       0
       0
       0
       0
       0
       0
       1
       0
       0
       2
       0
       0
       0
       0
       1
       0
       1
       0
       0
       0
       0
       0
       0
       1
       0
       0
       0
       0
       1
       0
       1
       0
       1
       2
       1
       0
       0
       1
       1
       2
       0
       0
       0
       0
       0
       1
       2
       0
       0
       0
       1
       0
       1
       0
       0
       1
       2
       0
       0
       0
       0
       2
       0
       2
       0
       0
       1
       0
       1
       1
       0
       1
       1
       0
       0
       2
       1
       0
       0
       0
       1
       0
       0
       1
       0
       0
       0
       1
       0
       0
       0
       1
       0
       0
       1
       0
       0
       0
       0
       1
       0
       0
       0
       0
       0
       0
       0
       0
       0
       1
       0
       0
       1
       0
       0
       0
       1
       0
       0
       0
       1
       0
       0
       0
       0
       0
       1
       1
       0
       0
       1
       0
       0
       0
       0
       0
       0
       0
       0
       0
       0
       0
       0
       0
       0
       0
       0
       0
       0
       0
       0
       0
       0
       0
       0
       1
       0
       0
       0
       0
       0
       0
       0
       1
       1
       1
       1
       0
       0
       0
       0
       3
       0
       1
       0
       0
       1
       0
       0
       0
       0
       0
       0
       0
       1
       0
       0
       0
       1
       0
       0
       0
       0
       0
       0
       1
       1
       0
       0
       0
       2
       0
       1
       0
       0
       0
       0
       0
       0
       1
       0
       0
       1
       0
       0
       0
       1
       0
       0
       0
       0
       0
       0
       1
       1
       0
       0
       0
       0
       1
       0
       1
       0
       0
       0
       0
       0
       1
       0
       0
       0
       0
       1
       0
       0
       0
       0
       0
       1
       0
       0
       0
       0
       0
       1
       1
       1
       0
       0
       1
       0
       0
       0
       0
       0
       0
       0
       0
       0
       1
       0
       0
       0
       0
       0
       0
       1
       1
       0
       0
       0
       0
       2
       0
       1
       0
       1
       0
       1
       0
       1
       1
       1
       1
       0
       0
       0
       1
       0
       0
       0
       0
       0
       0
       0
       0
       0
       0
       0
       0
       1
       0
       0
       0
       0
       1
       0
       0
       0
       0
       0
       0
       2
       2
       0
       2
       0
       0
       1
       0
       0
       1
       0
       0
       0
       1
       0
       0
       1
       0
       0
       0
       1
       0
       0
       1
       0
       0
       0
       0
       1
       0
       0
       0
       0
       0
       0
       1
       0
       1
       0
       1
       0
       0
       0
       1
       0
       0
       0
       0
       0
       1
       0
       0
       0
       1
       0
       1
       1
       0
       0
       0
       0
       0
       0
       1
       1
       0
       0
       0
       0
       1
       0
       1
       0
       0
       0
       2
       0
       1
       0
       0
       1
       1
       0
       0
       0
       1
       0
       0
       0
       0
       0
       0
       0
       1
       0
       0
       1
       1
       0
       2
       0
       0
       0
       1
       0
       1
       2
       0
       0
       0
       0
       0
       0
       0
       0
       0
       0
       0
       0
       0
       0
       0
       0
       0
       0
       0
       0
       0
       0
       0
       2
       0
       0
       0
       0
       1
       0
       0
       0
       1
       0
       0
       0
       0
       0
       0
       0
       0
       0
       0
       0
       0
       0
       0
       0
       0
       0
       0
       0
       0
       0
       0
       0
       0
       0
       1
       0
       0
       1
       0
       0
       0
       0
       0
       0
       2
       0
       0
       1
       0
       0
       1
       0
       0
       0
       0
       0
       0
       0
       1
       0
       0
       0
       0
       0
       0
       0
       0
       0
       0
       0
       2
       0
       0
       0
       0
       0
       0
       0
       0
       0
       0
       0
       0
       0
       0
       0
       1
       1
       1
       0
       1
       1
       1
       0
       0
       0
       0
       1
       0
       0
       0
       0
       0
       0
       0
       1
       0
       0
       1
       0
       1
       0
       0
       0
       0
       2
       0
       0
       0
       0
       0
       0
       0
       0
       0
       1
       0
       0
       0
       0
       0
       0
       0
       0
       0
       0
       1
       1
       0
       0
       1
       1
       0
       0
       2
       1
       1
       0
       0
       0
       1
       0
       0
       1
       0
       0
       0
       1
       0
       0
       0
       2
       0
       0
       1
       0
       0
       0
       0
       0
       1
       1
       0
       0
       0
       0
       0
       0
       0
       1
       0
       0
       0
       0
       0
       0
       0
       0
       0
       0
       0
       1
       0
       0
       1
       1
       1
       0
       0
       0
       1
       0
       0
       0
       0
       1
       0
       0
       1
       0
       0
       0
       0
       0
       1
       0
       0
       0
       1
       0
       0
       0
       1
       1
       1
       0
       0
       0
       1
       0
       0
       0
       1
       2
       0
       0
       0
       0
       0
       0
       0
       0
       0
       0
       0
       0
       0
       1
       0
       0
       1
       0
       0
       1
       0
       0
       0
       0
       0
       0
       1
       0
       0
       0
       0
       0
       0
       0
       0
       1
       0
       0
       0
       0
       0
       0
       0
       0
       0
       0
       0
       0
       0
       0
       0
       0
       0
       0
       0
       0
       0
       0
       0
       0
       0
       0
       0
       0
       0
       0
       0
       0
       0
       0
       0
       0
       0
       0
       1
       0
       0
       0
       0
       1
       0
       0
       1
       0
       0
       0
       1
       0
       0
       0
       0
       0
       0
       0
       0
       0
       0
       0
       0
       0
       0
       0
       0
       0
       0
       1
       0
       0
       0
       0
       0
       0
       0
       0
       0
       0
       0
       0
       1
       0
       0
       0
       1
       1
       0
       0
       0
       0
       0
       1
       1
       1
       0
       0
       0
       0
       1
       0
       0
       0
       0
       0
       0
       1
       1
       0
       0
       0
       0
       0
       0
       0
       0
       0
       2
       0
       0
       0
       0
       0
       0
       0
       0
       0
       0
       1
       0
       0
       0
       1
       2
       0
       0
       0
       0
       0
       0
       0
       0
       0
       1
       0
       0
       0
       0
       0
       0
       0
       1
       0
       0
       0
       1
       0
       1
       0
       1
       0
       0
       0
       0
       0
       0
       0
       1
       0
       1
       0
       1
       0
       1
       0
       0
       1
       0
       0
       0
       2
       0
       0
       0
       0
       0
       1
       0
       0
       1
       1
       0
       0
       0
       0
       0
       0
       0
       0
       0
       0
       0
       0
       0
       0
       0
       0
       0
       0
       1
       0
       1
       0
       0
       0
       0
       0
       0
       0
       1
       0
       0
       0
       0
       0
       1
       0
       0
       0
       0
       1
       0
       0
       0
       0
       0
       0
       0
       0
       1
       0
       1
       0
       0
       0
       0
       0
       0
       0
       0
       0
       0
       0
       0
       0
       0
       0
       0
       0
       0
       1
       1
       0
       1
       0
       1
       0
       0
       0
       0
       0
       0
       0
       0
       0
       0
       0
       0
       0
       0
       0
       0
       0
       1
       0
       0
       0
       0
       0
       0
       0
       1
       1
       0
       0
       0
       0
       0
       0
       0
       1
       0
       1
       0
       0
       0
       0
       0
       0
       1
       0
       0
       0
       0
       0
       0
       1
       0
       0
       0
       0
       0
       0
       0
       1
       0
       0
       1
       2
       1
       0
       0
       0
       0
       0
       0
       0
       0
       0
       1
       0
       0
       0
       0
       0
       0
       0
       0
       0
       0
       0
       0
       0
       1
       0
       0
       1
       0
       0
       0
       0
       0
       1
       0
       0
       1
       0
       0
       0
       0
       0
       0
       1
       0
       0
       0
       0
       0
       0
       0
       0
       1
       1
       0
       0
       0
       0
       0
       0
       0
       2
       0
       0
       0
       0
       0
       0
       0
       0
       0
       0
       0
       0
       1
       0
       1
       0
       0
       0
       0
       0
       0
       1
       0
       0
       0
       0
       0
       1
       0
       0
       0
       0
       0
       0
       0
       0
       0
       0
       1
       0
       0
       0
       1
       0
       0
       0
       0
       1
       0
       0
       0
       1
       0
       0
       0
       1
       1
       0
       1
       0
       0
       0
       0
       0
       1
       0
       0
       0
       0
       0
       0
       0
       0
       0
       2
       0
       0
       2
       0
       0
       1
       0
       0
       0
       0
       1
       1
       0
       0
       1
       0
       0
       0
       0
       0
       0
       0
       0
       0
       0
       0
       0
       0
       0
       0
       1
       1
       0
       0
       0
       0
       1
       0
       0
       0
       0
       0
       1
       0
       0
       0
       0
       0
       0
       1
       0
       0
       0
       0
       0
       0
       0
       0
       0
       0
       0
       0
       0
       0
       1
       0
       0
       1
       1
       0
       0
       0
       0
       1
       0
       0
       0
       0
       0
       0
       1
       1
       0
       1
       0
       0
       0
       0
       0
       1
       0
       1
       0
       0
       0
       0
       0
       0
       1
       0
       1
       1
       0
       0
       0
       0
       1
       1
       1
       0
       0
       0
       0
       1
       0
       0
       0
       0
       0
       0
       0
       0
       0
       0
       0
       0
       0
       0
       1
       0
       1
       0
       0
       0
       0
       0
       0
       0
       0
       0
       0
       0
       0
       1
       0
       0
       0
       0
       0
       0
       0
       1
       0
       0
       0
       2
       0
       0
       0
       0
       0
       1
       0
       1
       0
       0
       0
       0
       0
       0
       0
       0
       0
       0
       0
       0
       0
       0
       0
       0
       0
       0
       0
       0
       0
       0
       0
       0
       0
       0
       0
       0
       0
       0
       0
       0
       1
       0
       1
       0
       0
       0
       0
       0
       0
       0
       0
       0
       1
       0
       0
       1
       0
       0
       1
       0
       0
       0
       0
       0
       2
       0
       0
       0
       0
       1
       0
       0
       0
       0
       0
       0
       0
       0
       0
       1
       1
       0
       0
       0
       1
       0
       0
       0
       0
       1
       1
       1
       0
       0
       1
       1
       1
       0
       0
       1
       0
       0
       0
       0
       0
       0
       0
       0
       1
       0
       0
       0
       1
       0
       0
       0
       0
       0
       0
       0
       1
       0
       0
       0
       0
       0
       1
       0
       0
       0
       0
       0
       0
       0
       1
       0
       0
       0
       0
       1
       0
       0
       0
       0
       0
       0
       0
       0
       0
       0
       0
       0
       0
       1
       0
       1
       0
       0
       1
       0
       0
       0
       0
       1
       0
       0
       0
       0
       0
       0
       0
       1
       0
       0
       0
       0
       0
       0
       0
       0
       0
       0
       0
       0
       1
       0
       0
       0
       0
       1
       0
       0
       0
       0
       0
       0
       0
       1
       0
       0
       0
       0
       0
       1
       0
       0
       0
       0
       0
       0
       1
       0
       0
       0
       0
       0
       0
       0
       0
       0
       0
       0
       0
       0
       1
       0
       0
       0
       0
       0
       0
       0
       0
       0
       0
       0
       0
       0
       0
       0
       0
       0
       0
       0
       0
       0
       0
       0
       0
       0
       0
       0
       0
       0
       0
       0
       0
       0
       0
       0
       0
       0
       0
       1
       0
       0
       0
       0
       0
       0
       0
       0
       0
       0
       0
       0
       0
       0
       1
       0
       0
       0
       0
       0
       0
       0
       0
       0
       0
       0
       0
       0
       0
       1
       0
       0
       0
       0
       0
       0
       0
       0
       0
       0
       0
       0
       0
       0
       0
       0
       0
       0
       0
       0
       0
       1
       0
       0
       0
       0
       0
       0
       0
       0
       0
       0
       0
       0
       0
       0
       0
       0
       0
       0
       0
       1
       0
       0
       0
       0
       0
       0
       0
       0
       0
       0
       0
       1
       0
       1
       0
       0
       0
       0
       0
       0
       1
       0
       1
       0
       0
       0
       0
       1
       0
       0
       1
       1
       0
       1
       0
       0
       0
       0
       0
       0
       0
       0
       0
       0
       0
       0
       1
       0
       1
       0
       0
       0
       0
       0
       0
       1
       0
       0
       0
       0
       1
       0
       0
       0
       1
       0
       0
       0
       0
       0
       0
       0
       0
       0
       0
       0
       0
       0
       0
       0
       0
       0
       0
       0
       0
       0
       0
       0
       0
       0
       0
       0
       0
       0
       0
       0
       0
       0
       0
       0
       0
       3
       0
       0
       0
       0
       0
       0
       1
       0
       0
       0
       1
       1
       0
       1
       1
       0
       0
       0
       0
       0
       1
       0
       0
       1
       0
       1
       0
       1
       1
       0
       0
       0
       0
       0
       0
       1
       0
       0
       0
       0
       0
       0
       0
       0
       0
       0
       0
       0
       0
       0
       0
       0
       0
       0
       0
       0
       0
       0
       0
       0
       2
       0
       0
       0
       0
       0
       0
       0
       0
       0
       0
       1
       0
       0
       0
       0
       0
       0
       0
       0
       0
       1
       0
       2
       0
       0
       0
       0
       0
       0
       0
       0
       0
       0
       0
       0
       0
       0
       1
       0
       0
       0
       0
       0
       0
       0
       0
       0
       0
       2
       0
       0
       1
       0
       0
       0
       0
       0
       0
       0
       0
       0
       0
       1
       1
       0
       0
       0
       0
       0
       0
       0
       0
       0
       0
       0
       0
       0
       0
       0
       0
       0
       0
       0
       0
       0
       0
       0
       0
       1
       0
       0
       0
       0
       0
       0
       0
       0
       0
       0
       0
       1
       0
       0
       0
       1
       0
       1
       0
       0
       0
       0
       0
       0
       0
       0
       0
       1
       0
       0
       0
       2
       0
       0
       0
       0
       1
       0
       0
       0
       0
       0
       1
       0
       0
       0
       0
       0
       0
       0
       0
       0
       0
       0
       0
       0
       0
       0
       0
       0
       1
       0
       0
       0
       0
       0
       0
       0
       0
       0
       0
       0
       0
       0
       0
       0
       0
       0
       0
       0
       0
       0
       0
       0
       0
       0
       0
       0
       0
       0
       0
       1
       0
       0
       0
       0
       0
       0
       0
       0
       0
       0
       0
       0
       0
       0
       0
       1
       0
       0
       0
       0
       0
       0
       0
       0
       0
       0
       0
       1
       0
       0
       0
       0
       0
       0
       0
       0
       0
       0
       0
       0
       0
       0
       0
       0
       0
       0
       1
       0
       0
       1
       0
       0
       0
       0
       1
       0
       0
       0
       1
       0
       0
       0
       0
       0
       0
       0
       0
       0
       0
       0
       0
       0
       0
       0
       0
       0
       1
       0
       0
       0
       0
       0
       2
       0
       0
       0
       0
       1
       0
       0
       0
       0
       0
       0
       2
       0
       0
       0
       0
       0
       0
       0
       0
       0
       0
       0
       0
       0
       0
       0
       0
       0
       0
       0
       0
       0
       0
       0
       0
       0
       0
       0
       0
       0
       0
       0
       0
       0
       0
       0
       1
       0
       0
       0
       0
       0
       0
       1
       0
       0
       0
       1
       0
       0
       0
       0
       0
       0
       0
       1
       0
       0
       0
       0
       0
       0
       0
       0
       0
       1
       0
       0
       0
       0
       0
       1
       1
       0
       0
       0
       0
       0
       0
       0
       0
       0
       0
       0
       0
       0
       0
       1
       0
       0
       0
       0
       1
       0
       0
       0
       0
       0
       0
       0
       0
       0
       0
       0
       0
       0
       1
       0
       0
       0
       0
       0
       0
       0
       0
       0
       0
       0
       0
       1
       0
       0
       0
       0
       0
       0
       0
       0
       1
       0
       0
       0
       0
       0
       0
       0
       0
       0
       0
       0
       0
       0
       0
       0
       0
       0
       0
       0
       0
       1
       0
       0
       0
       1
       0
       0
       1
       0
       0
       0
       0
       0
       0
       0
       0
       0
       0
       0
       0
       0
       0
       0
       0
       0
       0
       0
       0
       0
       0
       0
       0
       0
       0
       0
       0
       0
       0
       0
       0
       0
       0
       0
       0
       0
       0
       0
       0
       0
       1
       1
       0
       0
       0
       0
       0
       0
       0
       0
       0
       0
       0
       0
       0
       0
       0
       0
       0
       0
       0
       0
       0
       0
       0
       0
       0
       0
       1
       0
       1
       0
       1
       1
       0
       0
       0
       0
       0
       0
       0
       0
       0
       0
       0
       0
       0
       0
       0
       0
       0
       0
       0
       0
       0
       1
       0
       0
       0
       1
       0
       0
       0
       0
       0
       0
       0
       0
       1
       0
       0
       0
       0
       1
       0
       0
       1
       0
       1
       0
       0
       0
       0
       0
       0
       0
       0
       0
       0
       0
       0
       1
       0
       0
       0
       0
       1
       0
       0
       0
       0
       0
       0
       0
       0
       0
       0
       0
       2
       0
       0
       0
       0
       0
       0
       1
       0
       0
       0
       0
       0
       0
       0
       0
       0
       0
       0
       0
       0
       0
       0
       0
       0
       0
       0
       0
       0
       0
       0
       0
       0
       0
       0
       1
       0
       0
       0
       0
       0
       0
       0
       0
       0
       0
       0
       0
       0
       1
       0
       0
       0
       0
       0
       1
       1
       0
       0
       0
       0
       0
       0
       0
       0
       0
       0
       0
       0
       0
       0
       0
       0
       0
       0
       0
       0
       0
       0
       0
       0
       0
       1
       0
       0
       0
       0
       1
       0
       0
       0
       0
       0
       0
       0
       0
       0
       0
       0
       0
       0
       0
       0
       0
       0
       0
       0
       0
       1
       0
       0
       0
       0
       0
       0
       0
       0
       1
       0
       0
       2
       0
       0
       0
       0
       0
       0
       1
       0
       0
       0
       0
       0
       0
       0
       0
       0
       0
       0
       0
       0
       0
       0
       1
       0
       0
       0
       0
       0
       0
       0
       0
       0
       0
       0
       0
       0
       1
       0
       0
       0
       0
       0
       0
       0
       0
       0
       0
       0
       0
       0
       0
       0
       0
       0
       1
       1
       0
       0
       0
       0
       0
       0
       0
       0
       0
       0
       0
       0
       0
       0
       0
       0
       0
       0
       1
       0
       0
       0
       0
       0
       0
       0
       0
       1
       0
       0
       1
       0
       0
       0
       0
       0
       0
       0
       0
       0
       0
       0
       0
       0
       0
       0
       0
       0
       0
       0
       0
       0
       0
       0
       0
       0
       1
       0
       0
       0
       0
       0
       0
       0
       0
       0
       0
       0
       0
       0
       0
       0
       0
       0
       1
       0
       1
       0
       0
       0
       0
       0
       0
       0
       0
       0
       0
       0
       0
       0
       0
       0
       0
       0
       0
       0
       0
       0
       0
       0
       0
       0
       0
       0
       0
       0
       0
       0
       0
       0
       0
       0
       0
       0
       0
       0
       0
       0
       0
       0
       0
       0
       0
       0
       0
       0
       0
       0
       0
       0
       0
       0
       1
       0
       0
       0
       0
       0
       0
       0
       0
       0
       0
       0
       1
       0
       0
       0
       0
       0
       0
       0
       1
       0
       0
       0
       0
       0
       0
       0
       0
       1
       0
       0
       1
       0
       0
       0
       0
       0
       0
       0
       0
       0
       0
       0
       1
       0
       1
       0
       0
       0
       0
       0
       0
       0
       0
       0
       0
       0
       0
       1
       0
       0
       1
       0
       1
       1
       0
       0
       1
       0
       0
       1
       1
       1
       0
       0
       0
       0
       1
       1
       0
       0
       0
       0
       0
       0
       0
       0
       0
       0
       0
       0
       0
       0
       0
       0
       0
       0
       0
       0
       0
       0
       0
       0
       0
       0
       0
       1
       1
       0
       0
       0
       0
       0
       1
       0
       1
       0
       0
       0
       0
       0
       0
       0
       0
       0
       0
       0
       0
       0
       0
       0
       0
       0
       0
       0
       0
       0
       0
       0
       0
       1
       1
       0
       0
       0
       0
       0
       1
       0
       0
       0
       0
       0
       0
       0
       1
       0
       0
       0
       0
       0
       0
       0
       0
       0
       0
       0
       0
       0
       0
       0
       0
       0
       0
       0
       0
       0
       0
       1
       0
       0
       0
       0
       0
       0
       0
       0
       0
       0
       0
       0
       0
       0
       0
       0
       0
       1
       0
       0
       0
       0
       1
       0
       0
       0
       0
       0
       0
       0
       0
       1
       0
       0
       0
       0
       0
       0
       0
       0
       0
       0
       0
       0
       0
       0
       0
       0
       0
       0
       0
       0
       0
       0
       0
       1
       1
       0
       0
       1
       0
       0
       0
       0
       0
       0
       0
       0
       0
       0
       0
       0
       0
       0
       0
       0
       0
       0
       0
       0
       0
       0
       0
       0
       0
       0
       0
       0
       0
       0
       0
       0
       0
       0
       0
       0
       0
       0
       0
       0
       0
       0
       0
       0
       0
       0
       0
       0
       0
       0
       0
       1
       1
       0
       0
       0
       1
       0
       0
       0
       0
       0
       0
       0
       0
       0
       0
       0
       0
       0
       0
       0
       0
       0
       0
       0
       0
       0
       0
       0
       0
       0
       0
       0
       0
       0
       0
       0
       0
       0
       0
       0
       0
       1
       0
       0
       0
       0
       0
       0
       0
       0
       0
       0
       0
       0
       1
       0
       0
       0
       0
       0
       0
       0
       0
       0
       0
       1
       0
       0
       1
       0
       0
       0
       0
       0
       0
       0
       0
       0
       0
       0
       0
       0
       1
       0
       0
       0
       0
       0
       0
       0
       0
       0
       0
       1
       0
       0
       0
       0
       1
       0
       0
       0
       0
       0
       0
       0
       0
       0
       0
       0
       0
       0
       1
       0
       0
       0
       0
       1
       0
       0
       0
       0
       0
       1
       0
       0
       0
       0
       0
       1
       0
       0
       0
       0
       0
       0
       0
       0
       0
       0
       1
       0
       0
       0
       0
       0
       0
       0
       1
       0
       0
       0
       0
       0
       0
       0
       0
       0
       0
       0
       1
       0
       0
       0
       0
       0
       0
       0
       0
       0
       0
       0
       0
       0
       0
       0
       0
       0
       0
       0
       0
       0
       0
       0
       0
       0
       0
       0
       0
       0
       0
       0
       0
       1
       0
       0
       0
       0
       0
       1
       0
       0
       0
       0
       0
       0
       0
       0
       0
       0
       0
       0
       0
       1
       0
       0
       0
       0
       0
       0
       0
       1
       0
       0
       0
       0
       1
       0
       0
       0
       0
       0
       0
       0
       0
       0
       0
       0
       0
       0
       0
       0
       0
       1
       0
       0
       0
       1
       0
       1
       0
       0
       0
       1
       1
       0
       0
       0
       1
       0
       0
       0
       0
       0
       0
       0
       0
       0
       0
       0
       0
       0
       0
       0
       0
       0
       0
       0
       0
       1
       0
       0
       0
       0
       1
       0
       1
       0
       0
       0
       0
       1
       0
       0
       0
       0
       0
       0
       0
       0
       0
       0
       0
       0
       0
       0
       0
       0
       0
       0
       0
       0
       0
       0
       0
       0
       0
       0
       0
       0
       0
       0
       0
       0
       0
       0
       0
       0
       0
       0
       0
       0
       0
       0
       0
       0
       0
       0
       0
       0
       0
       0
       0
       0
       0
       0
       0
       0
       1
       0
       0
       0
       0
       0
       0
       1
       0
       1
       0
       0
       0
       0
       0
       0
       0
       0
       0
       0
       0
       0
       0
       0
       0
       0
       1
       0
       0
       0
       0
       0
       1
       1
       0
       0
       0
       0
       0
       0
       2
       1
       0
       0
       0
       0
       1
       0
       0
       0
       0
       0
       1
       1
       0
       0
       0
       0
       0
       0
       1
       0
       0
       0
       0
       0
       0
       0
       0
       0
       0
       0
       0
       0
       0
       0
       0
       0
       1
       0
       0
       0
       0
       0
       0
       0
       0
       0
       0
       0
       0
       0
       0
       0
       0
       0
       0
       0
       0
       0
       0
       0
       0
       0
       0
       0
       0
       0
       0
       0
       0
       0
       0
       1
       0
       1
       0
       1
       1
       0
       1
       0
       0
       0
       0
       0
       0
       1
       0
       0
       0
       0
       0
       0
       0
       0
       0
       0
       0
       0
       0
       0
       0
       0
       0
       0
       0
       0
       1
       1
       0
       0
       1
       0
       0
       1
       0
       0
       0
       0
       0
       0
       0
       0
       0
       0
       0
       0
       0
       0
       0
       1
       0
       0
       0
       0
       0
       0
       0
       0
       0
       0
       0
       0
       0
       0
       0
       0
       0
       0
       0
       0
       0
       0
       0
       1
       0
       1
       0
       0
       0
       0
       0
       0
       0
       0
       0
       0
       0
       0
       0
       0
       0
       0
       0
       0
       0
       0
       0
       0
       0
       0
       0
       0
       0
       0
       0
       0
       0
       1
       0
       0
       0
       0
       0
       1
       0
       0
       0
       0
       0
       0
       0
       0
       0
       0
       0
       0
       0
       0
       0
       0
       0
       0
       0
       0
       0
       0
       0
       0
       0
       0
       0
       0
       0
       1
       0
       0
       0
       0
       1
       0
       0
       0
       0
       0
       0
       0
       0
       0
       0
       0
       0
       0
       0
       0
       0
       0
       0
       0
       0
       0
       0
       0
       0
       0
       1
       0
       0
       0
       0
       0
       0
       0
       0
       0
       0
       0
       0
       1
       0
       0
       1
       0
       1
       1
       0
       0
       0
       0
       0
       0
       0
       0
       0
       0
       0
       0
       0
       0
       0
       0
       0
       0
       0
       0
       0
       0
       0
       0
       0
       0
       0
       0
       0
       0
       0
       0
       0
       0
       0
       0
       0
       0
       0
       0
       0
       0
       1
       0
       0
       0
       0
       0
       0
       0
       0
       0
       0
       0
       0
       0
       0
       0
       0
       0
       0
       0
       0
       0
       0
       0
       1
       0
       0
       0
       0
       0
       0
       0
       0
       1
       1
       0
       0
       0
       0
       0
       0
       0
       0
       0
       0
       0
       0
       0
       0
       0
       0
       0
       0
       0
       0
       0
       0
       0
       0
       0
       0
       0
       0
       0
       0
       0
       0
       0
       0
       0
       0
       0
       1
       0
       0
       0
       0
       0
       0
       0
       0
       0
       1
       0
       0
       0
       0
       0
       0
       0
       0
       0
       0
       0
       0
       0
       0
       0
       0
       0
       0
       0
       0
       0
       0
       0
       0
       0
       0
       0
       0
       1
       0
       0
       0
       0
       1
       0
       1
       0
       0
       0
       0
       0
       0
       1
       0
       0
       0
       0
       0
       0
       0
       0
       0
       0
       0
       0
       0
       0
       0
       0
       0
       1
       0
       0
       0
       0
       0
       0
       0
       0
       0
       0
       0
       0
       0
       1
       0
       0
       0
       0
       0
       1
       0
       0
       0
       0
       0
       0
       1
       0
       1
       0
       0
       0
       0
       0
       0
       0
       0
       0
       0
       0
       0
       1
       0
       0
       0
       0
       0
       0
       0
       0
       0
       0
       0
       1
       0
       0
       0
       0
       0
       0
       0
       0
       0
       0
       1
       1
       0
       0
       0
       0
       1
       0
       0
       0
       0
       0
       0
       0
       0
       0
       0
       0
       1
       0
       0
       0
       0
       0
       0
       0
       0
       0
       0
       0
       0
       0
       0
       1
       0
       0
       0
       0
       0
       0
       0
       0
       0
       1
       0
       0
       1
       0
       0
       0
       0
       0
       1
       0
       1
       0
       0
       0
       0
       0
       0
       0
       1
       0
       0
       0
       0
       0
       0
       0
       0
       1
       0
       0
       0
       0
       0
       0
       0
       0
       0
       0
       0
       0
       0
       0
       0
       0
       0
       0
       0
       0
       0
       0
       0
       0
       0
       0
       0
       0
       0
       0
       0
       0
       0
       0
       0
       1
       0
       0
       0
       0
       0
       0
       0
       0
       0
       1
       0
       0
       0
       0
       0
       0
       0
       0
       0
       0
       0
       0
       0
       0
       0
       0
       0
       0
       0
       0
       0
       0
       0
       0
       0
       0
       0
       0
       0
       0
       0
       0
       0
       0
       0
       0
       0
       0
       0
       0
       0
       0
       0
       0
       0
       0
       0
       0
       0
       0
       0
       0
       0
       0
       0
       0
       0
       0
       0
       0
       0
       0
       0
       0
       0
       0
       0
       0
       0
       0
       0
       0
       0
       0
       0
       0
       0
       0
       0
       0
       0
       0
       0
       0
       0
       0
       0
       0
       0
       0
       0
       0
       0
       0
       0
       0
       0
       0
       0
       0
       0
       0
       0
       0
       0
       0
       0
       0
       0
       0
       0
       0
       0
       0
       0
       0
       0
       0
       0
       0
       0
       0
       0
       0
       0
       0
       0
       0
       0
       0
       0
       0
       0
       0
       0
       0
$ROI:
1
2831 2841
$PRESETS:
Live Time
36000
0
$ENER_FIT:
0.0 0.38366701234159617
$MCA_CAL:
3
0.0 0.38366701234159617 0.0 keV
$SHAPE_CAL:
3
0.000000E+000 0.000000E+000 0.000000E+000
