$SPEC_ID:
Cs137
$SPEC_REM:
DET# 2
DETDESC# DETECTOR 2
AP# Maestro Version 7.01
$DATE_MEA:
02/13/2017 15:07:40
$MEAS_TIM:
300 303
$DATA:
0 8191
       0
       0
       0
       0
       0
       0
       0
       0
       0
       0
       0
       0
       0
       0
       0
       0
       0
       0
       0
       0
       0
       0
       0
       0
       0
       0
       0
       0
       0
       0
       0
       0
       0
       0
       0
       0
       0
       0
       0
       0
       0
       0
       0
       0
       0
       0
       0
       0
       0
       0
       0
       0
       0
       0
       0
       0
       0
       0
       0
       0
       0
       0
       0
       0
       0
       0
       0
       0
       0
       0
       0
       0
       0
       0
       0
       0
       0
       0
       0
       0
       0
       0
       0
       0
       0
       0
       0
       0
       0
       0
       0
       0
       0
       0
       0
       0
       5
      84
     114
     144
     130
     118
     130
     116
     145
     121
     128
     125
     132
     134
     135
     131
     117
     127
     136
     120
     115
     105
     125
     125
     135
     137
     143
     137
     131
     121
     122
     118
     128
     112
     124
     131
     113
     115
     120
     137
     138
     132
     142
     123
     118
     106
     103
     126
     146
     127
     145
     144
     120
     143
     148
     147
     142
     133
     153
     153
     121
     136
     166
     152
     133
     139
     142
     130
     150
     147
     150
     168
     125
     158
     154
     165
     144
     142
     131
     132
     156
     143
     129
     149
     151
     160
     155
     148
     115
     164
     168
     201
     318
     500
     425
     261
     195
     259
     543
     762
     527
     271
     148
     159
     116
     136
     139
     133
     151
     143
     117
     129
     120
     119
     121
     139
     136
     118
     123
     122
     125
     145
     165
     250
     316
     349
     240
     189
     120
     125
     159
     189
     186
     163
     123
     124
     123
     130
     114
     127
     122
     121
     119
     121
     123
     123
     123
     110
      99
     122
     106
      93
     127
     115
     129
     100
     128
      98
     113
     130
     118
     112
     104
     115
     112
     110
     111
     128
     116
     113
     112
     106
     122
     113
     134
     130
     110
     126
     132
     120
     102
     114
     134
     122
     123
     132
     118
     115
     135
     117
     113
     133
     115
     125
     108
     120
     131
     118
     120
     109
     107
     124
      99
     103
     123
     116
     104
     107
     127
     120
     106
     118
     137
     131
     111
     129
     124
     126
     126
     106
     125
     128
     119
     111
     102
     121
     112
     111
     129
     103
     130
     109
     115
     142
     106
     143
     125
     113
     129
     131
     117
     120
     109
     111
     121
     118
     133
     122
     119
     122
     136
     125
     120
     107
     126
     130
     107
     115
     113
     128
     117
     122
     127
     104
     125
     120
     115
     128
     113
     133
     123
     166
     179
     164
     126
     128
     129
     127
     133
     132
     117
     130
     114
     118
     110
     116
     116
     109
     113
     120
     102
      95
     124
     103
     131
     105
     107
     106
     127
     101
     115
     107
      94
     104
     119
     115
     116
     114
     115
     107
      93
      99
     125
     106
     115
     101
      98
     122
     120
     104
     108
     111
     105
     116
      94
     118
     112
     116
     128
     123
     102
     117
     107
     109
      99
     100
     119
     110
      96
      92
      97
      88
     115
     109
     118
     129
     162
     222
     337
     361
     248
     146
     138
     117
      96
     100
     106
     119
     107
     124
     107
     110
      98
     139
     108
      85
     102
     126
     129
     108
     125
      95
     111
     114
     107
     106
     117
     100
      99
      95
     131
     101
     111
     127
     108
     103
     101
     111
      99
     107
      97
     103
      98
     108
      93
     122
     109
     109
     106
      98
      99
     116
     102
      99
      88
      93
     114
     126
     107
     112
     114
      91
     125
      82
     127
     111
     136
     106
     116
     123
     130
     106
     118
     124
     120
     123
     129
     109
     120
     136
     133
     142
     158
     136
     106
     121
     122
     112
     104
     132
     143
     125
     135
     102
     121
     111
     124
     123
     133
     115
     114
     136
     116
      92
     119
     131
     106
     118
     103
     103
     125
     116
     113
     119
     129
     100
      97
     113
     105
     130
     109
     105
     111
     120
      98
     136
     115
     123
     112
     110
     116
     135
     125
     118
     102
     115
     123
     114
     115
     108
     114
     117
     129
     104
     129
     117
     105
     123
     112
      97
      97
     103
     128
      97
     115
     114
     124
      99
     119
     107
     106
     133
     104
     108
     130
     113
     117
     113
     114
     126
      93
     114
      83
     127
     109
     111
      92
     125
     126
      99
     108
     117
     117
     112
      87
     115
     114
     109
     103
     106
     122
      95
     111
     116
     101
     116
     120
     107
     118
     127
     110
     111
      94
      90
     123
     122
     110
     101
     100
     103
     122
     101
      99
      93
     102
      99
      98
      96
     109
     115
      98
     102
      95
      96
      99
      78
      89
     103
     116
     110
     102
      99
     102
      93
      86
      96
      91
     106
      93
      93
      99
     103
     122
      84
     102
     100
     101
     100
     101
     100
      95
     119
     107
      88
      94
      82
      80
      95
      80
      85
      98
      88
      98
     102
      81
      89
     102
      99
      77
      82
      91
     103
      96
      94
      88
     101
     100
      84
      89
      94
      99
      90
     100
      80
      98
      88
     108
      91
      91
      93
      86
      87
      91
     103
      76
     105
     112
      88
     104
     100
      88
     106
      71
      79
      92
      98
      92
      94
     105
     100
      97
      85
      99
      88
      78
      96
     101
     100
      98
     117
      94
      92
     107
     114
     115
      97
     121
      95
      89
      93
      73
      87
      86
      98
      86
      93
     105
     111
      94
      91
     111
      87
      89
     106
      85
      95
      75
      91
      87
      89
     109
      92
     108
      83
      94
     103
      80
      89
      88
      93
      82
      80
      96
     102
      86
     106
      90
      95
      88
      98
      91
      77
      97
      80
     101
     108
      90
     101
      96
      77
      85
     110
      84
      71
      88
      71
      96
      86
      85
      95
     101
      81
     105
      94
     104
      88
      83
      83
     103
     103
      90
      91
      90
      73
      75
      97
      98
      98
      85
      80
     112
      83
      92
      72
      99
      74
      99
      91
     100
      68
      80
      66
      71
      87
      78
      80
      85
      71
      90
      93
      78
      98
     100
      91
      83
     110
      86
      92
      89
      80
      83
      60
      81
      71
      79
      84
      89
      72
      85
      92
      86
      74
      82
      73
      78
      77
      79
      77
      66
      80
      61
      76
      71
      73
      82
      75
      87
      85
      80
      91
      64
      68
      62
      63
      87
      83
      69
      68
      85
      86
      69
      78
      59
      63
      79
      59
      76
      66
      72
      66
      63
      67
      85
      56
      73
      68
      94
      84
      71
      63
      68
      72
      63
      73
      70
      63
      50
      62
      79
      59
      57
      67
      69
      67
      72
      60
      62
      66
      62
      68
      78
      51
      77
      50
      64
      69
      71
      72
      63
      63
      78
      60
      62
      59
      59
      76
      53
      65
      62
      56
      61
      64
      63
      58
      64
      62
      67
      70
      52
      69
      58
      67
      60
      72
      63
      60
      64
      78
      65
      60
      75
      73
      66
      66
      49
      75
      57
      48
      76
      53
      53
      50
      59
      67
      62
      61
      75
      57
      62
      63
      61
      60
      64
      49
      61
      60
      63
      60
      78
      55
      44
      62
      75
      56
      67
      52
      57
      57
      55
      53
      52
      64
      54
      50
      65
      53
      55
      64
      54
      57
      66
      52
      61
      41
      62
      60
      58
      59
      68
      58
      57
      51
      49
      66
      58
      63
      66
      54
      57
      55
      65
      40
      57
      60
      55
      57
      60
      61
      53
      45
      43
      76
      51
      57
      54
      57
      56
      69
      53
      56
      49
      52
      38
      63
      47
      54
      53
      55
      45
      67
      35
      58
      55
      47
      59
      52
      46
      63
      50
      51
      56
      55
      44
      69
      63
      46
      47
      48
      55
      71
      51
      51
      72
      41
      49
      52
      57
      57
      58
      57
      59
      50
      49
      60
      58
      47
      54
      56
      60
      54
      58
      56
      43
      50
      44
      39
      66
      40
      56
      72
      54
      56
      50
      53
      58
      42
      48
      45
      51
      49
      56
      52
      63
      61
      42
      56
      53
      67
      52
      50
      61
      51
      56
      42
      54
      37
      45
      49
      46
      52
      66
      38
      50
      55
      62
      49
      73
      55
      58
      53
      50
      56
      47
      46
      52
      56
      45
      54
      50
      48
      45
      55
      43
      52
      57
      48
      53
      59
      57
      59
      52
      50
      43
      50
      52
      56
      55
      45
      50
      60
      37
      50
      47
      60
      50
      53
      48
      66
      48
      53
      43
      50
      57
      44
      51
      47
      51
      51
      53
      55
      54
      53
      53
      53
      54
      50
      50
      59
      43
      50
      49
      46
      48
      55
      59
      47
      54
      59
      54
      35
      46
      51
      47
      53
      49
      53
      47
      49
      57
      40
      46
      41
      46
      47
      69
      58
      57
      48
      37
      44
      62
      60
      54
      48
      59
      49
      56
      56
      48
      56
      53
      48
      54
      51
      47
      47
      45
      57
      46
      41
      54
      46
      47
      61
      50
      52
      55
      56
      64
      39
      64
      55
      51
      51
      59
      73
      68
      63
     116
     160
     236
     344
     562
     764
     972
    1021
    1073
     909
     692
     517
     342
     217
     136
      92
      77
      57
      66
      49
      54
      48
      64
      36
      50
      48
      50
      58
      65
      53
      50
      54
      50
      52
      46
      42
      51
      57
      45
      39
      42
      48
      53
      36
      35
      48
      54
      54
      48
      57
      61
      49
      55
      55
      47
      54
      41
      43
      54
      44
      43
      45
      46
      53
      52
      45
      72
      48
      60
      57
      49
      51
      43
      59
      50
      51
      42
      46
      44
      58
      50
      53
      42
      53
      62
      40
      38
      48
      61
      37
      46
      63
      55
      55
      57
      57
      46
      45
      67
      52
      45
      49
      46
      55
      58
      59
      55
      55
      47
      54
      52
      56
      54
      52
      63
      61
      52
      48
      61
      49
      59
      68
      57
      69
      53
      58
      64
      68
      65
      55
      68
      58
      41
      48
      58
      47
      49
      68
      47
      69
      46
      69
      57
      65
      60
      50
      61
      61
      62
      59
      52
      42
      48
      58
      57
      65
      80
      62
      63
      52
      52
      63
      81
      56
      56
      64
      56
      52
      52
      48
      58
      60
      51
      58
      47
      53
      48
      44
      54
      58
      54
      50
      67
      56
      53
      62
      55
      63
      47
      62
      56
      67
      64
      59
      55
      58
      68
      68
      65
      57
      49
      45
      47
      64
      69
      67
      65
      60
      65
      67
      66
      67
      62
      79
      62
      62
      63
      78
      65
      82
      61
      63
      65
      67
      69
      57
      63
      77
      63
      60
      55
      64
      60
      77
      71
      60
      66
      60
      78
      66
      71
      58
      70
      60
      59
      65
      63
      72
      52
      76
      54
      83
      66
      64
      61
      68
      67
      60
      62
      82
      79
      74
      78
      69
      80
      63
      66
      68
      66
      68
      57
      66
      69
      78
      65
      69
      52
      80
      55
      59
      76
      68
      61
      64
      55
      71
      60
      87
      76
      70
      78
      75
      85
      66
      72
      62
      79
      65
      73
      67
      85
      82
      70
      67
      60
      75
      88
      74
      72
      81
      72
      76
      71
      76
      78
      68
      83
      58
      86
      67
      81
      71
      83
      84
      53
      75
      72
      82
      68
      79
      64
      69
      66
      74
      70
      72
      70
      68
      72
      59
      78
      70
      79
      76
      79
      63
      72
      77
      72
      74
      80
      67
      69
      64
      55
      66
      74
      67
      63
      48
      66
      67
      76
      61
      61
      59
      55
      53
      61
      51
      41
      51
      42
      43
      49
      51
      45
      49
      41
      60
      65
      48
      49
      56
      46
      50
      51
      47
      39
      51
      43
      47
      40
      57
      47
      58
      41
      38
      43
      56
      56
      48
      45
      61
      46
      46
      44
      43
      46
      29
      43
      42
      45
      33
      39
      48
      50
      38
      43
      58
      32
      46
      49
      41
      41
      51
      47
      44
      41
      49
      44
      46
      41
      56
      38
      49
      37
      43
      42
      42
      41
      44
      48
      40
      43
      49
      35
      46
      41
      44
      30
      38
      30
      34
      40
      45
      41
      43
      43
      51
      38
      40
      34
      42
      37
      31
      36
      40
      45
      33
      37
      50
      25
      42
      39
      27
      37
      36
      31
      47
      32
      43
      37
      35
      32
      42
      26
      35
      30
      31
      33
      37
      33
      38
      49
      30
      31
      30
      42
      36
      31
      46
      32
      37
      35
      40
      35
      33
      38
      40
      33
      37
      36
      25
      31
      30
      33
      36
      36
      42
      39
      31
      34
      37
      42
      25
      30
      28
      34
      31
      39
      33
      30
      28
      37
      32
      33
      30
      22
      36
      28
      20
      41
      34
      40
      32
      28
      39
      26
      29
      26
      36
      33
      31
      29
      35
      36
      36
      30
      38
      33
      26
      28
      29
      25
      25
      32
      29
      35
      36
      26
      26
      17
      35
      30
      33
      29
      27
      25
      18
      22
      27
      27
      23
      31
      34
      33
      23
      30
      27
      28
      24
      21
      30
      25
      23
      28
      21
      25
      28
      24
      31
      27
      26
      31
      23
      23
      29
      23
      22
      21
      29
      30
      30
      24
      33
      25
      12
      32
      32
      23
      29
      30
      26
      31
      26
      40
      21
      18
      30
      23
      31
      26
      26
      33
      29
      25
      16
      28
      29
      26
      24
      22
      23
      24
      18
      24
      15
      20
      28
      24
      32
      23
      31
      20
      25
      18
      28
      32
      24
      37
      24
      22
      29
      14
      30
      29
      32
      34
      38
      22
      31
      33
      21
      18
      19
      26
      19
      24
      24
      26
      33
      31
      28
      18
      26
      21
      22
      28
      32
      23
      17
      31
      24
      15
      26
      18
      14
      22
      25
      31
      35
      37
      20
      27
      20
      29
      32
      26
      35
      36
      20
      28
      21
      25
      28
      15
      27
      29
      27
      31
      26
      24
      22
      26
      27
      27
      32
      29
      35
      29
      22
      25
      25
      16
      25
      21
      23
      24
      30
      28
      28
      27
      24
      29
      25
      23
      33
      24
      32
      27
      19
      30
      20
      25
      25
      22
      39
      24
      22
      31
      20
      27
      12
      28
      21
      24
      28
      33
      26
      25
      26
      23
      30
      27
      36
      22
      27
      20
      27
      27
      25
      31
      22
      25
      27
      25
      22
      23
       9
      22
      19
      16
      19
      18
      24
      22
      16
      21
      28
      27
      22
      27
      10
      18
      14
      17
      16
      29
      24
      16
      26
      18
      19
      19
      14
      17
      14
      16
      17
      20
      18
      18
      16
      14
      13
      18
      23
      14
      22
      18
      15
      14
      29
      24
      13
      22
      16
      10
      12
      15
      19
      13
      14
      18
      25
      27
      15
      21
      16
      16
      23
      22
      25
      24
      17
      12
      20
      11
      18
      21
      24
      22
      15
      27
      31
      32
      60
     129
     272
     566
    1206
    2071
    3305
    4001
    3891
    3012
    1718
     780
     303
     101
      46
      24
      20
      20
      23
      23
      17
      11
      11
       9
      17
      15
      11
      12
       6
      14
      11
      10
      12
      15
       9
      10
      15
       7
       8
      14
      12
      13
       5
      15
      13
      10
      16
      12
      12
      14
       5
       6
      13
      12
       9
      10
       8
      13
      11
       3
      12
      12
      12
      11
       9
      10
       9
      11
      11
      14
       9
       3
       5
      10
       7
      10
       7
      11
      13
       5
      13
      15
       4
      14
      12
       9
      11
      11
      12
       9
       9
       7
      12
       9
       5
      16
      12
       3
      14
      11
      10
       8
      11
       6
       7
       5
       8
       5
       8
      10
       5
       8
       9
      12
       9
       4
       8
      12
       7
      11
      11
       9
       8
      11
       9
       6
      10
       7
      10
       4
       7
      10
       8
      11
       8
       7
       5
       7
       4
       6
       2
       6
       6
       6
       7
       9
       6
      11
       3
       4
       7
       6
       5
       5
       8
       4
       5
       7
       8
       7
      10
       9
       6
       6
       7
       6
       9
       5
       5
       1
       8
       9
       8
       3
      13
      13
      10
       8
      11
       7
      13
       8
      13
       6
       8
       4
       6
       7
       3
       7
       4
       6
       7
       5
       7
       3
       5
       8
       2
       5
       5
       4
      10
       5
       4
       6
       5
       5
       5
       7
       5
       7
      11
       8
       6
       6
       3
       2
       4
       2
       5
       4
       6
       8
       4
       5
       7
       9
       4
       6
       7
       8
       6
       7
       5
       6
       4
       3
       3
       2
       3
       3
       4
       4
       4
       5
       2
       5
       3
       4
       5
       2
       2
       2
       4
       3
       6
       4
       5
       6
       7
       1
       9
       8
       3
       5
       5
       2
       3
       5
       1
       3
       8
       7
       5
       4
       5
       2
       5
       1
       3
       4
       3
      11
       7
       8
       5
       6
       4
      16
       4
       3
       4
       4
       3
       1
       4
       6
       2
       5
       4
       8
       5
       7
       4
       6
       4
       6
       6
       1
       8
       2
       3
       3
       5
       6
       2
       5
       4
       4
       5
       5
       2
       6
       1
       4
       7
       3
      11
       6
       8
       4
       8
       6
       5
       6
       9
       3
       8
       9
       3
       4
       3
       7
       7
       5
       8
       8
       6
       6
       3
       5
       5
       3
       6
       5
       2
       4
       1
       5
       4
       6
       5
       2
       4
       8
       4
       0
       4
       7
       4
       4
       0
       8
      12
       3
       5
       3
       5
       2
       2
       6
       7
       1
       4
       5
       2
       2
       7
       3
       6
       7
       5
       5
       7
       4
       4
       3
       6
       8
       5
       5
       2
       3
       9
       5
       4
       4
       6
       5
       3
       6
       4
       4
       5
       6
       5
       5
       7
       5
       3
       2
       3
       7
       4
       6
       2
      10
       3
       3
       5
       2
       3
       5
       3
       7
       4
      10
       4
       8
       6
       2
       7
      16
      26
      34
      96
     151
     314
     557
     957
    1175
    1221
    1095
     812
     501
     238
      93
      32
      13
      14
       4
       6
       7
       1
       6
       3
       0
       2
       3
       6
       1
       6
       6
       1
       3
       2
       6
       5
       4
       2
       3
       6
       5
       8
       3
       4
       5
       6
       4
       2
       6
       3
       3
       5
       2
       5
       3
       4
       1
       1
       6
       2
       5
       5
       1
       3
       4
       0
       3
       2
       5
       2
       5
       4
       4
       8
       7
       4
       1
       3
       4
       5
       7
       5
       3
       4
       8
       2
       3
       4
       3
       4
       3
       4
       6
       5
       5
       6
       3
       6
       7
       5
       8
       5
       1
       5
       9
       2
       4
       7
       2
       5
       6
       8
       6
       6
       2
       4
       1
       4
       2
       3
       4
       1
       3
       3
       5
       5
       2
       2
       2
       4
       4
       3
       2
       3
       8
       4
       1
       3
       2
       6
       3
       3
       2
       6
       1
       5
       4
       5
       4
       5
       3
       2
      11
       4
       5
       5
       3
       7
       6
       2
       7
       6
       5
       4
       5
       1
       2
       4
       4
       7
       6
       3
       2
       5
       5
       6
       3
       4
       3
       4
       4
       2
       3
       3
       5
       3
       0
       4
       5
       2
       8
       5
       4
      11
       5
       5
       1
       3
       6
       7
       3
       6
       5
       8
       6
       7
       6
       5
       8
       5
       3
       4
       1
       7
       2
       4
       2
       4
       5
       4
       4
       4
       2
       5
       2
       4
       2
       2
       4
       8
       8
       2
       9
       8
       3
       6
       5
       4
       5
       8
       5
       7
       5
       6
       6
       3
       8
       2
       4
       5
       2
       3
      10
       7
       6
       6
       3
       3
       4
       6
       8
       8
       6
       6
       1
       6
       5
       4
       4
       4
       6
       9
       3
       5
      10
       4
       8
       5
       4
       4
       3
       8
       5
       8
       4
       4
       5
       3
       4
       6
       7
       6
       7
       3
       6
       9
       7
       6
       4
       4
       3
       8
       5
       8
       9
      11
      12
      14
      25
      13
      11
      10
       5
       2
       2
       5
       7
       9
       5
       8
       3
       7
       3
       5
       6
       4
       6
      10
       5
       4
       6
       5
       4
       8
       5
       3
       9
       4
       2
       3
       9
       5
       6
       4
       9
       7
       4
       3
       5
       1
       8
       3
       6
       2
       6
       7
       8
       6
       3
       8
       7
       2
       5
       2
       4
       6
       2
       3
       2
       3
       3
       1
       8
       6
       5
       6
       2
       3
       4
       4
       4
       4
       9
       1
       6
       5
       7
       2
       1
       2
       2
       5
       3
       2
       5
       6
       5
       4
       6
       5
       4
       5
       3
       4
       4
       4
       4
       4
       2
       5
       3
       5
       5
       2
       1
       3
       3
       2
       4
       3
       7
       7
       2
       1
       3
       3
       4
       3
       3
       4
       1
       4
       2
       0
       2
       4
       5
       4
       6
       3
       2
       2
       5
       2
       4
       5
       8
       0
       1
       4
       1
       7
       3
       0
       3
       3
       3
       3
       3
       3
       1
       1
       5
       1
       0
       4
       4
       5
       0
       5
       3
       1
       1
       1
       0
       2
       3
       0
       0
       6
       6
       1
       2
       3
       0
       2
       2
       2
       2
       2
       2
       2
       4
       1
       4
       1
       4
       2
       5
       2
       1
       3
       2
       1
       2
       1
       5
       5
       4
       2
       2
       3
       0
       3
       4
       5
       4
       1
       3
       3
       4
       4
       3
       2
       5
       2
       3
       2
       7
       3
       3
       4
       1
       1
       5
       2
       3
       2
       2
       4
       4
       3
       5
       1
       3
       4
       2
       0
       1
       6
       3
       3
       2
       2
       2
       2
       1
       2
       2
       2
       4
       2
       3
       4
       3
       1
       2
       1
       3
       0
       2
       3
       5
       3
       2
       4
       2
       2
       3
       3
       2
       2
       1
       3
       3
       2
       3
       2
       1
       4
       0
       4
       1
       1
       1
       3
       1
       0
       1
       2
       3
       1
       1
       3
       2
       1
       2
       1
       1
       7
       1
       0
       0
       1
       2
       2
       2
       0
       1
       1
       1
       0
       0
       1
       2
       4
       1
       0
       1
       1
       0
       2
       2
       1
       0
       4
       4
       2
       2
       1
       0
       1
       1
       3
       2
       6
       4
       3
       1
       1
       3
       2
       4
       1
       2
       2
       5
       1
       1
       3
       1
       1
       2
       1
       4
       0
       3
       2
       1
       2
       3
       0
       4
       0
       1
       2
       3
       3
       1
       2
       6
       4
       4
       6
       4
       4
       3
       1
       1
       2
       4
       2
       1
       1
       0
       0
       0
       1
       2
       2
       2
       0
       2
       3
       2
       1
       1
       1
       4
       1
       2
       2
       1
       1
       2
       0
       2
       1
       0
       1
       0
       2
       2
       2
       1
       0
       3
       3
       2
       0
       1
       1
       3
       1
       0
       1
       0
       0
       0
       3
       0
       0
       0
       1
       0
       1
       1
       1
       1
       1
       1
       1
       0
       1
       1
       2
       5
       1
       2
       0
       0
       1
       0
       1
       1
       0
       0
       1
       0
       1
       2
       0
       1
       2
       0
       3
       0
       0
       1
       2
       4
       1
       4
       1
       2
       1
       0
       0
       2
       2
       1
       3
       0
       1
       0
       0
       2
       3
       4
       4
       2
       2
       1
       2
       0
       2
       1
       2
       2
       3
       1
       1
       0
       4
       0
       2
       1
       1
       2
       2
       1
       2
       2
       0
       0
       1
       2
       0
       1
       1
       2
       2
       1
       1
       0
       0
       1
       0
       1
       2
       3
       1
       2
       2
       1
       0
       1
       3
       0
       1
       1
       0
       4
       2
       1
       3
       1
       0
       0
       3
       2
       0
       0
       1
       0
       4
       1
       1
       0
       0
       1
       1
       0
       1
       1
       1
       1
       2
       2
       2
       1
       3
       3
       2
       1
       1
       2
       3
       1
       1
       1
       2
       2
       2
       3
       2
       0
       1
       1
       2
       2
       2
       1
       1
       0
       0
       0
       2
       3
       3
       0
       0
       1
       2
       0
       2
       0
       4
       1
       1
       3
       3
       4
       9
      12
      32
      42
      60
      98
     135
     207
     229
     242
     182
     142
     106
      58
      14
      12
       7
       4
       2
       2
       0
       1
       0
       0
       2
       1
       1
       2
       0
       0
       0
       0
       1
       2
       0
       0
       0
       1
       0
       0
       2
       2
       1
       2
       1
       0
       0
       1
       0
       0
       1
       0
       0
       0
       1
       0
       0
       0
       0
       0
       1
       1
       0
       0
       0
       0
       1
       2
       0
       2
       2
       1
       0
       3
       0
       1
       0
       0
       2
       0
       2
       0
       0
       2
       0
       0
       0
       3
       2
       3
       1
       0
       1
       0
       0
       1
       0
       1
       0
       1
       1
       1
       0
       2
       2
       2
       0
       2
       3
       1
       0
       0
       0
       0
       2
       0
       0
       1
       2
       3
       1
       1
       2
       0
       3
       1
       1
       1
       2
       0
       1
       0
       0
       1
       2
       1
       1
       0
       0
       1
       2
       2
       0
       0
       0
       0
       1
       0
       0
       1
       0
       2
       1
       1
       1
       1
       1
       0
       0
       1
       0
       2
       1
       0
       2
       1
       2
       2
       2
       0
       1
       1
       0
       2
       1
       1
       1
       0
       2
       1
       3
       1
       1
       1
       1
       1
       1
       0
       3
       0
       0
       0
       1
       1
       0
       2
       1
       0
       1
       0
       2
       1
       1
       1
       0
       1
       1
       0
       0
       2
       0
       0
       3
       3
       0
       0
       1
       0
       1
       1
       1
       3
       0
       1
       2
       2
       0
       0
       0
       2
       2
       1
       0
       0
       0
       1
       4
       1
       2
       0
       1
       2
       0
       0
       2
       5
       2
       6
       6
       5
       6
       4
       2
       5
       3
       0
       0
       1
       0
       3
       1
       2
       1
       0
       2
       0
       1
       0
       0
       1
       1
       1
       1
       3
       1
       0
       1
       1
       0
       1
       2
       1
       0
       0
       1
       0
       1
       0
       0
       0
       1
       0
       1
       1
       0
       1
       0
       0
       1
       1
       2
       0
       1
       0
       1
       1
       0
       4
       0
       0
       0
       0
       2
       3
       1
       0
       2
       0
       2
       1
       2
       0
       1
       1
       1
       0
       0
       0
       1
       1
       1
       3
       0
       3
       0
       2
       0
       1
       1
       1
       2
       1
       1
       1
       0
       0
       0
       2
       0
       0
       0
       0
       2
       0
       2
       2
       2
       1
       0
       0
       1
       1
       3
       0
       0
       0
       2
       3
       0
       1
       2
       0
       0
       2
       1
       0
       3
       1
       1
       1
       2
       0
       0
       0
       3
       1
       0
       0
       1
       1
       1
       1
       0
       1
       1
       0
       0
       3
       1
       1
       0
       0
       0
       3
       1
       0
       0
       3
       0
       0
       0
       1
       1
       0
       1
       0
       0
       3
       1
       0
       0
       0
       2
       0
       0
       2
       1
       0
       0
       1
       0
       1
       1
       0
       1
       1
       2
       0
       0
       0
       1
       0
       0
       1
       1
       1
       0
       1
       3
       1
       0
       0
       0
       0
       1
       1
       1
       0
       6
       2
       0
       0
       0
       2
       1
       1
       0
       1
       1
       0
       0
       4
       1
       0
       1
       1
       0
       0
       0
       3
       1
       3
       2
       2
       1
       0
       1
       2
       0
       0
       1
       1
       0
       0
       2
       0
       0
       1
       3
       1
       0
       2
       2
       1
       0
       0
       1
       1
       0
       2
       1
       0
       4
       2
       1
       1
       1
       2
       2
       0
       0
       2
       1
       0
       0
       1
       2
       0
       0
       0
       0
       1
       0
       1
       1
       0
       1
       0
       0
       2
       1
       0
       2
       3
       0
       2
       0
       1
       2
       0
       0
       0
       1
       4
       1
       0
       0
       3
       0
       0
       2
       1
       1
       1
       1
       0
       2
       0
       2
       0
       1
       0
       0
       3
       1
       3
       1
       0
       1
       1
       1
       5
       0
       2
       2
       0
       1
       0
       1
       1
       3
       0
       0
       1
       4
       0
       2
       1
       0
       0
       2
       1
       2
       2
       2
       2
       0
       0
       1
       0
       3
       2
       1
       0
       1
       2
       0
       1
       2
       1
       1
       0
       2
       1
       0
       3
       1
       0
       1
       0
       0
       0
       0
       2
       0
       1
       1
       1
       1
       1
       1
       0
       1
       2
       1
       1
       1
       2
       0
       0
       0
       2
       1
       1
       1
       0
       2
       0
       1
       0
       1
       1
       1
       1
       1
       0
       1
       0
       1
       1
       1
       1
       0
       0
       0
       2
       0
       0
       1
       1
       1
       0
       0
       0
       1
       1
       1
       2
       0
       2
       1
       2
       1
       1
       0
       2
       0
       0
       3
       1
       2
       0
       0
       2
       2
       3
       0
       2
       1
       2
       0
       1
       0
       2
       0
       0
       2
       0
       2
       0
       0
       2
       2
       0
       1
       1
       0
       2
       1
       1
       3
       0
       1
       0
       2
       0
       1
       2
       1
       3
       1
       0
       0
       0
       0
       0
       2
       2
       1
       0
       1
       2
       0
       0
       1
       0
       2
       1
       2
       2
       1
       2
       1
       1
       1
       0
       1
       2
       3
       1
       0
       1
       1
       0
       0
       1
       1
       3
       1
       1
       0
       0
       2
       1
       2
       0
       1
       0
       0
       0
       1
       0
       0
       1
       0
       1
       1
       1
       0
       0
       1
       0
       0
       1
       1
       2
       2
       1
       0
       0
       0
       0
       0
       0
       1
       0
       0
       0
       0
       1
       0
       1
       0
       0
       2
       2
       1
       0
       1
       2
       1
       0
       0
       2
       1
       4
       0
       1
       1
       1
       0
       2
       0
       1
       2
       1
       0
       0
       1
       0
       1
       0
       3
       0
       0
       1
       1
       0
       2
       1
       1
       0
       1
       1
       1
       2
       2
       0
       1
       2
       1
       0
       0
       0
       0
       0
       3
       1
       1
       2
       1
       0
       1
       0
       0
       1
       0
       2
       0
       2
       1
       1
       1
       0
       1
       0
       2
       1
       1
       0
       0
       1
       2
       2
       2
       0
       2
       1
       1
       0
       1
       1
       0
       0
       0
       1
       1
       0
       1
       1
       1
       0
       1
       1
       0
       1
       0
       0
       0
       0
       0
       1
       3
       0
       0
       0
       2
       2
       1
       1
       1
       2
       0
       2
       3
       1
       5
       4
       5
       5
      11
      12
      10
       6
       2
      10
       6
       7
       7
       6
       4
       3
       1
       1
       2
       3
       0
       0
       0
       0
       0
       2
       3
       1
       3
       2
       0
       2
       4
       1
       1
       0
       3
       3
       1
       0
       1
       1
       2
       1
       0
       2
       3
       1
       1
       1
       0
       2
       1
       1
       2
       2
       0
       0
       2
       0
       0
       1
       0
       2
       1
       1
       1
       2
       0
       0
       0
       0
       0
       1
       1
       0
       1
       2
       0
       0
       2
       0
       0
       1
       2
       0
       1
       0
       2
       2
       3
       2
       0
       1
       2
       0
       3
       1
       2
       3
       2
       0
       1
       1
       2
       1
       1
       2
       4
       1
       0
       0
       0
       0
       1
       0
       2
       1
       1
       2
       2
       1
       0
       2
       0
       1
       5
       1
       0
       1
       3
       1
       2
       3
       0
       0
       0
       1
       0
       1
       1
       2
       1
       0
       0
       2
       2
       0
       1
       3
       1
       1
       0
       1
       2
       0
       2
       1
       1
       0
       0
       3
       1
       2
       4
       3
       1
       2
       0
       1
       1
       1
       0
       1
       0
       0
       0
       0
       2
       2
       0
       2
       0
       1
       1
       2
       1
       1
       1
       2
       0
       1
       3
       0
       1
       0
       0
       1
       1
       0
       1
       1
       1
       2
       1
       4
       0
       1
       1
       7
       6
       3
       1
       1
       3
       1
       3
       0
       1
       0
       1
       3
       0
       1
       0
       0
       0
       3
       1
       1
       3
       0
       0
       0
       1
       0
       0
       1
       2
       1
       2
       2
       1
       1
       0
       1
       0
       3
       0
       0
       2
       0
       1
       0
       1
       4
       3
       0
       1
       0
       1
       1
       5
       1
       1
       1
       1
       1
       0
       0
       0
       0
       2
       2
       0
       2
       2
       3
       2
       2
       1
       1
       1
       0
       0
       0
       0
       0
       0
       1
       2
       0
       4
       1
       1
       2
       2
       0
       3
       2
       0
       4
       0
       3
       1
       1
       3
       2
       1
       2
       0
       1
       0
       1
       0
       2
       2
       0
       0
       1
       2
       1
       2
       0
       1
       1
       1
       1
       3
       4
       0
       3
       1
       0
       0
       0
       2
       1
       2
       3
       0
       0
       3
       2
       1
       1
       1
       1
       0
       2
       1
       0
       1
       0
       2
       1
       2
       1
       1
       0
       0
       2
       1
       1
       2
       2
       0
       0
       0
       1
       0
       1
       1
       1
       0
       0
       1
       3
       1
       1
       2
       2
       1
       0
       1
       0
       1
       1
       1
       0
       0
       0
       1
       0
       0
       1
       2
       2
       0
       0
       1
       3
       0
       0
       1
       1
       0
       0
       1
       2
       1
       2
       0
       0
       1
       2
       0
       3
       1
       1
       2
       0
       0
       0
       1
       2
       1
       3
       2
       1
       2
       1
       0
       1
       2
       1
       1
       1
       3
       1
       0
       0
       2
       1
       0
       2
       2
       1
       0
       3
       0
       2
       0
       1
       1
       0
       1
       0
       2
       2
       2
       0
       2
       2
       0
       3
       0
       1
       1
       1
       1
       2
       2
       1
       1
       0
       1
       1
       0
       2
       0
       2
       1
       1
       2
       0
       2
       0
       1
       2
       1
       0
       0
       1
       1
       0
       1
       0
       0
       3
       0
       1
       3
       2
       2
       2
       0
       2
       2
       1
       0
       3
       0
       0
       0
       0
       2
       2
       2
       0
       1
       2
       2
       0
       0
       1
       1
       3
       0
       0
       2
       2
       1
       4
       1
       4
       2
       0
       1
       0
       0
       1
       0
       0
       0
       1
       0
       2
       3
       1
       2
       1
       0
       2
       3
       3
       4
       3
       2
       1
       2
       1
       2
       2
       0
       1
       2
       1
       0
       2
       3
       0
       1
       0
       3
       1
       1
       0
       1
       1
       1
       2
       1
       2
       1
       1
       1
       0
       1
       0
       1
       2
       3
       3
       2
       1
       2
       0
       0
       4
       1
       0
       1
       3
       1
       0
       1
       1
       3
       0
       2
       3
       0
       1
       0
       1
       2
       0
       0
       2
       1
       0
       3
       1
       1
       1
       2
       3
       2
       3
       0
       4
       1
       3
       0
       0
       2
       0
       2
       1
       2
       1
       2
       2
       1
       1
       1
       1
       1
       2
       1
       1
       1
       2
       1
       2
       2
       2
       0
       1
       2
       3
       0
       1
       1
       1
       2
       1
       1
       2
       3
       2
       2
       4
       0
       1
       1
       2
       0
       0
       2
       2
       3
       1
       1
       2
       3
       2
       1
       0
       2
       2
       0
       3
       0
       3
       0
       2
       2
       2
       2
       1
       2
       0
       1
       1
       4
       2
       1
       1
       0
       0
       1
       0
       2
       3
       1
       2
       2
       0
       1
       2
       3
       0
       0
       1
       2
       1
       1
       1
       1
       2
       2
       0
       0
       2
       2
       1
       1
       1
       0
       0
       1
       2
       0
       2
       3
       2
       2
       1
       0
       1
       2
       2
       1
       0
       1
       1
       4
       4
       0
       2
       2
       4
       3
       1
       3
       1
       3
       1
       3
       0
       1
       0
       1
       3
       3
       1
       0
       0
       0
       2
       1
       1
       0
       0
       1
       1
       3
       2
       1
       1
       1
       2
       1
       0
       1
       1
       2
       4
       1
       0
       3
       1
       1
       2
       0
       0
       4
       0
       1
       0
       0
       3
       0
       1
       0
       2
       0
       2
       1
       1
       0
       2
       0
       0
       1
       2
       0
       2
       1
       1
       0
       0
       2
       0
       4
       0
       2
       1
       2
       0
       0
       0
       1
       6
       2
       2
       0
       0
       3
       1
       3
       1
       2
       2
       0
       2
       3
       2
       3
       0
       3
       0
       1
       4
       1
       0
       0
       0
       1
       1
       1
       1
       0
       1
       1
       2
       1
       0
       1
       4
       0
       3
       0
       1
       2
       3
       2
       0
       0
       0
       0
       1
       2
       1
       2
       1
       1
       1
       0
       0
       1
       3
       1
       2
       2
       1
       0
       1
       0
       1
       2
       1
       1
       0
       1
       0
       1
       1
       1
       1
       1
       1
       1
       0
       1
       2
       1
       2
       1
       0
       0
       1
       1
       0
       2
       1
       2
       1
       0
       2
       2
       4
       1
       1
       1
       1
       0
       1
       2
       3
       0
       0
       1
       1
       1
       1
       0
       2
       0
       1
       3
       0
       2
       2
       1
       0
       1
       1
       1
       0
       0
       1
       1
       1
       1
       2
       2
       1
       2
       1
       0
       2
       0
       2
       1
       3
       1
       3
       0
       0
       1
       0
       2
       0
       2
       0
       1
       0
       0
       2
       0
       0
       5
       1
       1
       0
       2
       1
       0
       1
       0
       0
       1
       0
       0
       4
       3
       1
       1
       1
       1
       2
       0
       1
       1
       2
       2
       0
       3
       0
       2
       4
       0
       1
       1
       0
       2
       1
       2
       1
       1
       1
       1
       2
       1
       2
       3
       1
       3
       4
       1
       1
       1
       1
       2
       3
       0
       1
       1
       2
       0
       1
       0
       1
       2
       1
       2
       2
       1
       0
       1
       3
       0
       1
       3
       1
       0
       1
       0
       0
       1
       0
       0
       1
       2
       2
       1
       0
       0
       1
       2
       0
       2
       0
       1
       0
       1
       1
       2
       2
       1
       0
       1
       0
       3
       2
       0
       1
       0
       2
       1
       0
       5
       0
       2
       3
       2
       0
       1
       0
       0
       1
       0
       2
       1
       0
       1
       1
       1
       2
       1
       0
       2
       1
       0
       0
       2
       1
       0
       3
       1
       2
       1
       3
       1
       1
       2
       1
       1
       1
       2
       3
       0
       0
       1
       0
       2
       1
       0
       1
       1
       2
       1
       0
       1
       2
       0
       0
       1
       0
       1
       2
       1
       2
       2
       2
       0
       1
       2
       1
       0
       2
       3
       1
       1
       1
       3
       0
       0
       3
       0
       2
       1
       1
       0
       3
       2
       1
       1
       2
       0
       0
       0
       0
       1
       1
       0
       0
       3
       0
       3
       2
       1
       2
       0
       1
       1
       1
       3
       1
       1
       1
       1
       2
       1
       1
       1
       1
       1
       3
       1
       3
       3
       0
       3
       0
       2
       2
       2
       1
       4
       2
       1
       2
       3
       0
       0
       2
       0
       1
       2
       1
       0
       0
       3
       1
       1
       2
       3
       0
       0
       1
       1
       0
       1
       0
       1
       0
       0
       1
       2
       1
       1
       0
       0
       0
       4
       2
       3
       1
       3
       2
       2
       3
       0
       0
       2
       0
       3
       1
       0
       2
       2
       0
       1
       2
       1
       0
       1
       2
       2
       3
       0
       1
       4
       1
       0
       0
       0
       1
       2
       1
       3
       0
       1
       2
       1
       1
       1
       1
       3
       0
       3
       1
       3
       1
       3
       6
       2
       1
       5
       2
       9
       7
       5
      11
      13
      14
      14
       9
       9
       5
       8
       4
       7
       3
       3
       2
       4
       3
       2
       1
       1
       4
       2
       2
       0
       2
       2
       1
       2
       1
       1
       2
       0
       1
       1
       0
       2
       0
       1
       0
       0
       2
       2
       2
       1
       1
       3
       0
       2
       2
       3
       1
       3
       1
       2
       2
       1
       1
       2
       1
       2
       1
       3
       3
       4
       0
       0
       2
       2
       2
       2
       1
       0
       1
       0
       0
       2
       1
       3
       0
       2
       2
       1
       1
       0
       1
       0
       2
       0
       3
       2
       0
       0
       1
       2
       1
       3
       0
       2
       2
       2
       1
       2
       1
       2
       1
       4
       2
       1
       2
       0
       1
       0
       1
       1
       2
       1
       3
       0
       0
       2
       1
       1
       2
       1
       2
       3
       0
       1
       0
       1
       2
       3
       1
       3
       1
       1
       1
       1
       2
       4
       1
       2
       1
       1
       1
       1
       1
       1
       1
       1
       0
       1
       0
       1
       0
       2
       0
       1
       2
       2
       6
       2
       1
       1
       3
       2
       0
       0
       2
       0
       0
       2
       1
       1
       3
       2
       2
       0
       1
       0
       0
       0
       1
       0
       4
       2
       1
       1
       3
       2
       1
       1
       4
       0
       2
       4
       1
       2
       3
       2
       3
       2
       3
       4
       7
       6
       1
       0
       3
       2
       1
       3
       0
       2
       1
       1
       1
       1
       0
       0
       0
       2
       0
       3
       2
       4
       1
       2
       1
       2
       0
       1
       1
       0
       0
       3
       4
       0
       0
       1
       3
       1
       0
       0
       2
       5
       0
       1
       2
       2
       2
       0
       2
       1
       4
       0
       1
       0
       1
       0
       0
       2
       0
       0
       0
       2
       0
       1
       1
       5
       2
       3
       3
       3
       1
       0
       0
       1
       0
       1
       2
       1
       0
       0
       2
       0
       0
       1
       1
       3
       0
       0
       1
       3
       1
       2
       2
       2
       0
       0
       2
       1
       2
       3
       0
       2
       1
       2
       2
       2
       1
       2
       3
       1
       0
       2
       1
       0
       2
       5
       1
       0
       1
       2
       2
       2
       0
       0
       1
       2
       0
       1
       1
       5
       1
       1
       2
       2
       2
       1
       0
       0
       2
       2
       1
       1
       4
       3
       3
       4
       0
       2
       2
       2
       0
       2
       2
       1
       3
       2
       1
       1
       1
       2
       2
       2
       4
       1
       1
       3
       1
       2
       0
       4
       1
       4
       3
       1
       4
       1
       1
       4
       4
       3
       2
       0
       5
       1
       1
       1
       2
       1
       2
       1
       1
       0
       2
       2
       2
       4
       2
       1
       2
       2
       1
       1
       0
       2
       1
       3
       3
       4
       1
       1
       0
       4
       2
       3
       2
       2
       3
       1
       4
       2
       4
       0
       0
       4
       1
       1
       0
       1
       1
       0
       2
       1
       1
       4
       2
       2
       1
       1
       2
       1
       1
       1
       2
       2
       0
       1
       0
       2
       2
       0
       2
       1
       1
       2
       3
       2
       7
       2
       1
       2
       0
       1
       4
       4
       2
       0
       3
       1
       6
       2
       4
       1
       4
       1
       4
       1
       4
       2
       3
       2
       1
       2
       3
       0
       3
       3
       0
       3
       2
       1
       3
       6
       4
       5
       5
       1
       1
       2
       0
       0
       1
       2
       0
       1
       3
       3
       3
       2
       1
       2
       2
       4
       2
       0
       1
       2
       2
       2
       2
       1
       2
       2
       3
       1
       4
       4
       3
       3
       3
       1
       1
       0
       2
       6
       0
       1
       0
       1
       0
       4
       2
       0
       2
       2
       1
       3
       2
       1
       0
       1
       5
       3
       3
       2
       1
       3
       2
       3
       3
       2
       3
       5
       2
       4
       3
       2
       2
       3
       4
       2
       2
       2
       4
       0
       0
       2
       0
       1
       7
       1
       3
       1
       0
       3
       2
       2
       2
       3
       1
       2
       2
       5
       2
       2
       2
       2
       2
       3
       1
       3
       2
       3
       4
       2
       2
       6
       2
       2
       2
       3
       1
       2
       5
       1
       3
       1
       3
       2
       4
       5
       2
       1
       3
       3
       2
       4
       5
       3
       3
       2
       2
       2
       3
       6
       4
       3
       3
       3
       1
       1
       0
       3
       2
       1
       3
       4
       2
       0
       2
       1
       2
       5
       1
       4
       1
       2
       7
       2
       5
       2
       4
       2
       2
       1
       4
       0
       0
       2
       1
       2
       4
       3
       0
       2
       2
       1
       3
       2
       3
       3
       4
       2
       1
       4
       0
       3
       1
       4
       1
       2
       3
       1
       5
       1
       1
       5
       2
       2
       4
       3
       5
       4
       3
       3
       2
       4
       2
       2
       3
       6
       1
       3
       0
       2
       1
       3
       2
       3
       1
       2
       0
       1
       1
       1
       2
       3
       4
       3
       1
       2
       1
       2
       2
       0
       2
       3
       2
       2
       1
       0
       4
       2
       1
       0
       2
       2
       4
       1
       3
       3
       0
       2
       0
       0
       1
       2
       0
       1
       2
       1
       1
       1
       0
       2
       0
       0
       2
       3
       3
       2
       0
       4
       1
       2
       2
       2
       2
       1
       1
       1
       1
       1
       0
       1
       1
       2
       1
       1
       1
       2
       0
       0
       5
       0
       1
       1
       4
       3
       3
       2
       1
       2
       5
       1
       2
       2
       1
       1
       2
       0
       1
       1
       3
       2
       1
       1
       1
       2
       1
       3
       1
       1
       0
       1
       2
       6
       1
       1
       0
       1
       1
       1
       0
       0
       1
       2
       2
       2
       0
       1
       1
       0
       3
       3
       1
       0
       3
       3
       1
       1
       1
       0
       3
       0
       2
       1
       2
       4
       1
       2
       2
       0
       3
       3
       1
       1
       2
       1
       0
       0
       2
       0
       3
       3
       4
       0
       1
       4
       0
       2
       3
       3
       2
       0
       0
       1
       1
       3
       2
       1
       2
       0
       1
       1
       0
       2
       0
       1
       1
       1
       0
       2
       2
       1
       0
       0
       4
       0
       3
       1
       2
       1
       3
       2
       1
       0
       3
       2
       1
       0
       1
       1
       2
       1
       2
       0
       0
       0
       1
       0
       2
       0
       2
       2
       1
       0
       2
       0
       0
       0
       2
       0
       0
       1
       1
       1
       0
       1
       1
       0
       1
       1
       0
       0
       0
       1
       0
       1
       0
       0
       3
       3
       1
       0
       2
       1
       4
       1
       0
       1
       1
       2
       0
       1
       1
       0
       0
       1
       2
       1
       1
       0
       0
       0
       0
       1
       0
       0
       0
       2
       0
       0
       0
       1
       1
       0
       0
       1
       0
       0
       1
       1
       0
       0
       0
       1
       1
       2
       0
       0
       0
       0
       0
       1
       0
       2
       1
       0
       1
       0
       0
       1
       1
       0
       0
       0
       0
       1
       1
       0
       1
       0
       0
       1
       1
       0
       1
       0
       0
       1
       0
       0
       1
       2
       0
       1
       1
       0
       1
       0
       0
       0
       0
       0
       0
       1
       0
       0
       0
       0
       0
       0
       1
       0
       0
       2
       1
       0
       1
       0
       2
       0
       1
       0
       2
       0
       1
       0
       0
       1
       0
       0
       2
       0
       1
       1
       0
       0
       0
       0
       0
       0
       1
       0
       1
       0
       0
       0
       1
       0
       0
       0
       1
       0
       0
       1
       0
       0
       0
       0
       0
       0
       0
       0
       1
       0
       0
       0
       1
       1
       0
       0
       1
       0
       0
       0
       0
       0
       1
       0
       0
       0
       0
       0
       1
       0
       1
       0
       0
       0
       1
       0
       1
       0
       1
       0
       0
       1
       1
       1
       0
       0
       0
       1
       0
       1
       0
       0
       0
       1
       0
       1
       0
       0
       0
       0
       0
       0
       0
       0
       0
       0
       1
       0
       0
       0
       0
       0
       0
       0
       0
       0
       0
       0
       0
       0
       0
       0
       0
       0
       0
       0
       1
       0
       0
       0
       0
       1
       0
       0
       0
       1
       1
       0
       0
       1
       0
       0
       0
       0
       0
       0
       0
       0
       0
       0
       1
       0
       0
       0
       0
       0
       0
       0
       0
       0
       0
       0
       0
       0
       0
       0
       0
       0
       0
       0
       0
       3
       1
       0
       2
       0
       0
       0
       0
       0
       0
       0
       0
       0
       0
       0
       0
       0
       1
       0
       0
       0
       0
       0
       0
       0
       0
       0
       0
       0
       0
       0
       0
       0
       0
       0
       0
       0
       0
       0
       2
       0
       0
       0
       0
       0
       0
       0
       0
       0
       0
       0
       0
       0
       0
       0
       0
       0
       0
       0
       0
       0
       3
       1
       0
       0
       0
       0
       0
       0
       0
       0
       0
       0
       2
       0
       0
       2
       3
       3
       3
       5
       8
       6
       6
       7
      12
      18
      17
      31
      33
      32
      51
      55
      52
      66
      66
     104
      77
      53
      45
      31
      31
      15
       9
       3
      10
       0
       1
       2
       1
       0
       0
       0
       0
       0
       0
       0
       0
       0
       0
       0
       0
       0
       0
       0
       0
       0
       0
       0
       0
       0
       0
       0
       0
       0
       0
       0
       0
       0
       0
       0
       0
       0
       0
       0
       0
       0
       0
       0
       0
       1
       0
       0
       0
       0
       0
       0
       0
       0
       0
       0
       0
       0
       1
       0
       0
       0
       0
       0
       0
       0
       0
       0
       0
       0
       0
       0
       0
       0
       0
       0
       0
       0
       0
       0
       0
       0
       0
       1
       0
       0
       0
       0
       0
       0
       0
       0
       0
       0
       0
       0
       0
       0
       0
       0
       0
       0
       0
       0
       0
       0
       0
       0
       0
       0
       1
       0
       0
       0
       0
       0
       0
       0
       0
       0
       0
       0
       0
       0
       0
       0
       0
       1
       0
       0
       0
       0
       0
       0
       0
       0
       0
       0
       0
       0
       0
       0
       0
       0
       0
       0
       0
       0
       0
       0
       0
       0
       0
       0
       0
       0
       0
       0
       0
       0
       0
       0
       0
       0
       0
       0
       0
       0
       0
       0
       0
       0
       0
       0
       0
       0
       0
       0
       0
       0
       0
       0
       0
       0
       0
       0
       0
       0
       0
       0
       0
       0
       0
       0
       0
       0
       0
       0
       0
       0
       0
       0
       1
       0
       0
       0
       0
       0
       1
       0
       0
       0
       0
       0
       0
       0
       0
       0
       0
       0
       0
       0
       0
       1
       0
       0
       0
       1
       0
       0
       0
       0
       0
       0
       0
       0
       0
       0
       0
       0
       0
       0
       0
       0
       0
       0
       0
       0
       0
       0
       0
       0
       0
       0
       0
       0
       0
       0
       0
       0
       0
       0
       0
       0
       0
       0
       0
       0
       0
       0
       0
       0
       0
       0
       0
       0
       0
       0
       0
       0
       0
       0
       0
       0
       0
       0
       0
       0
       0
       0
       0
       0
       0
       0
       0
       0
       0
       0
       0
       0
       1
       0
       0
       0
       0
       0
       0
       0
       0
       0
       0
       1
       0
       0
       0
       0
       0
       0
       0
       0
       1
       0
       0
       0
       0
       0
       0
       0
       0
       0
       0
       0
       0
       0
       0
       0
       0
       0
       0
       0
       0
       0
       0
       0
       0
       0
       0
       0
       0
       0
       0
       0
       0
       0
       0
       0
       0
       0
       0
       0
       0
       0
       0
       0
       0
       0
       0
       0
       0
       0
       0
       0
       0
       1
       0
       0
       0
       0
       0
       0
       0
       0
       0
       0
       0
       0
       0
       0
       0
       0
       0
       0
       1
       0
       0
       0
       0
       0
       0
       0
       0
       0
       0
       0
       0
       0
       1
       0
       0
       0
       0
       0
       0
       0
       0
       0
       0
       0
       0
       0
       0
       0
       0
       0
       0
       0
       0
       0
       0
       0
       0
       0
       0
       0
       0
       0
       0
       0
       0
       0
       0
       0
       0
       0
       0
       0
       0
       0
       0
       0
       0
       0
       0
       0
       0
       0
       0
       0
       0
       0
       0
       0
       0
       0
       0
       0
       0
       0
       0
       0
       0
       0
       0
       0
       0
       0
       0
       0
       0
       0
       0
       0
       0
       0
       0
       0
       0
       0
       0
       0
       0
       0
       0
       0
       0
       0
       0
       0
       0
       0
       0
       0
       0
       0
       0
       0
       0
       0
       0
       0
       0
       0
       0
       0
       0
       0
       0
       0
       0
       0
       0
       0
       0
       0
       0
       0
       0
       0
       0
       0
       0
       0
       0
       0
       0
       0
       0
       0
       0
       1
       0
       0
       0
       0
       0
       0
       0
       0
       0
       0
       0
       0
       0
       0
       0
       0
       0
       0
       0
       0
       0
       0
       0
       0
       0
       0
       0
       0
       0
       0
       0
       0
       0
       1
       0
       0
       0
       0
       0
       0
       0
       0
       0
       0
       0
       0
       0
       0
       0
       0
       0
       0
       0
       0
       0
       0
       0
       0
       0
       0
       0
       0
       0
       0
       0
       0
       0
       0
       0
       0
       0
       0
       0
       0
       0
       0
       0
       0
       0
       0
       0
       0
       0
       0
       0
       0
       0
       0
       0
       0
       0
       0
       0
       0
       0
       1
       0
       1
       0
       0
       0
       0
       0
       0
       0
       0
       0
       0
       0
       0
       0
       0
       0
       0
       0
       1
       0
       0
       0
       0
       0
       0
       0
       0
       0
       0
       0
       0
       0
       0
       0
       0
       0
       0
       0
       0
       0
       0
       0
       0
       0
       0
       0
       0
       0
       0
       0
       0
       0
       0
       0
       0
       0
       0
       0
       0
       0
       0
       0
       0
       0
       0
       0
       0
       1
       0
       0
       0
       0
       0
       0
       0
       0
       0
       0
       0
       0
       0
       0
       0
       0
       0
       0
       0
       0
       0
       0
       0
       0
       0
       0
       0
       0
       0
       0
       0
       0
       0
       0
       0
       0
       0
       0
       0
       0
       0
       0
       0
       0
       0
       0
       0
       0
       0
       0
       0
       0
       0
       0
       0
       0
       0
       0
       0
       0
       0
       0
       0
       0
       0
       0
       0
       0
       1
       0
       0
       0
       0
       0
       0
       0
       0
       0
       0
       0
       0
       0
       0
       0
       0
       0
       0
       0
       0
       0
       0
       0
       0
       0
       0
       0
       0
       0
       0
       0
       0
       0
       0
       0
       0
       1
       0
       0
       0
       0
       0
       0
       0
       0
       0
       0
       0
       0
       0
       0
       0
       0
       0
       0
       0
       0
       0
       0
       0
       1
       0
       0
       0
       0
       0
       0
       0
       0
       0
       0
       0
       1
       0
       0
       0
       0
       0
       0
       0
       0
       0
       0
       0
       0
       0
       0
       0
       0
       0
       0
       0
       0
       0
       0
       0
       0
       1
       0
       0
       0
       0
       0
       0
       0
       0
       0
       0
       0
       0
       0
       0
       0
       0
       0
       0
       0
       0
       0
       0
       0
       0
       0
       0
       0
       0
       0
       0
       0
       0
       0
       0
       0
       0
       0
       0
       0
       0
       0
       0
       0
       0
       0
       0
       0
       0
       0
       0
       0
       0
       0
       0
       0
       0
       0
       0
       0
       0
       0
       0
       0
       0
       0
       0
       0
       0
       0
       0
       0
       0
       0
       0
       0
       0
       0
       0
       0
       0
       0
       0
       0
       0
       0
       0
       0
       0
       0
       0
       0
       0
       0
       0
       0
       0
       0
       0
       0
       0
       0
       0
       0
       0
       0
       0
       0
       0
       0
       0
       0
       0
       0
       0
       0
       0
       0
       0
       0
       0
       0
       0
       0
       0
       0
       0
       0
       0
       0
       0
       0
       0
       0
       0
       0
       0
$ROI:
0
$PRESETS:
Live Time
300
0
$ENER_FIT:
0.000000 0.383922
$MCA_CAL:
3
0.000000E+000 3.839219E-001 0.000000E+000 keV
$SHAPE_CAL:
3
0.000000E+000 0.000000E+000 0.000000E+000
