$SPEC_ID:
Cs137
$SPEC_REM:
DET# 2
DETDESC# DETECTOR 2
AP# Maestro Version 7.01
$DATE_MEA:
02/13/2017 20:36:19
$MEAS_TIM:
477 629
$DATA:
0 8191
       0
       0
       0
       0
       0
       0
       0
       0
       0
       0
       0
       0
       0
       0
       0
       0
       0
       0
       0
       0
       0
       0
       0
       0
       0
       0
       0
       0
       0
       0
       0
       0
       0
       0
       0
       0
       0
       0
       0
       0
       0
       0
       0
       0
       0
       0
       0
       0
       0
       0
       0
       0
       0
       0
       0
       0
       0
       0
       0
       0
       0
       0
       0
       0
       0
       0
       0
       0
       0
       0
       0
       0
       0
       0
       0
       0
       0
       0
       0
       0
       0
       0
       0
       0
       0
       0
       0
       0
       0
       0
       0
       0
       0
       0
       0
       0
     197
    2692
    4034
    4096
    4217
    4200
    4272
    4221
    4274
    4157
    4303
    4276
    4304
    4259
    4311
    4377
    4339
    4310
    4387
    4384
    4430
    4406
    4374
    4455
    4526
    4447
    4423
    4395
    4649
    4644
    4621
    4437
    4491
    4557
    4411
    4420
    4424
    4569
    4424
    4373
    4454
    4502
    4580
    4446
    4470
    4519
    4560
    4377
    4570
    4610
    4690
    4754
    4740
    4906
    5025
    5147
    5139
    5244
    5223
    5293
    5529
    5564
    5345
    5508
    5404
    5609
    5503
    5490
    5672
    5744
    5637
    5571
    5772
    5914
    5937
    5853
    5867
    5855
    6037
    5891
    6162
    5973
    6200
    6221
    6203
    6498
    6432
    6633
    6764
    7682
   10324
   14881
   18830
   18726
   15972
   14960
   18636
   25962
   30335
   26748
   20217
   15004
   11832
    9801
    8639
    7947
    7322
    6878
    6629
    6209
    6155
    6072
    5783
    5809
    5816
    5782
    5747
    5818
    6002
    6119
    6587
    7967
   10995
   13601
   14533
   12701
   10753
    9022
    8603
    9035
    9357
    9117
    8235
    7581
    7063
    6724
    6463
    6395
    6511
    6522
    6757
    6660
    6881
    7064
    6923
    7337
    7237
    7262
    7401
    7507
    7631
    7628
    7549
    7682
    7791
    7887
    7847
    7857
    7884
    7715
    7906
    7802
    7810
    7757
    7639
    7659
    7340
    7280
    7158
    7133
    7272
    7038
    7056
    6960
    6834
    6802
    6861
    6839
    6671
    6704
    7141
    6884
    6964
    6858
    6818
    6958
    6937
    7116
    7095
    7189
    7176
    7062
    7106
    7228
    7179
    7088
    7277
    7251
    7082
    7236
    7123
    7349
    7133
    7091
    7346
    7264
    7236
    7187
    7061
    7008
    7089
    7095
    7031
    6883
    7035
    6909
    6867
    6892
    6706
    6734
    6744
    6620
    6708
    6411
    6450
    6432
    6385
    6411
    6273
    6133
    6273
    6145
    6022
    6023
    5736
    5884
    5873
    5745
    5648
    5634
    5573
    5617
    5479
    5570
    5820
    5911
    6746
    8917
   10899
   11753
   10438
    8563
    7422
    6650
    6445
    5978
    5738
    5649
    5662
    5374
    5428
    5477
    5380
    5298
    5240
    5465
    5701
    8952
   21130
   50225
   87333
  105303
   90812
   63873
   42680
   29568
   22087
   17363
   14473
   12303
   10501
    9368
    8062
    7255
    6462
    6046
    5873
    5514
    5501
    5201
    5339
    5097
    5125
    5163
    5177
    4910
    5128
    5009
    5124
    5003
    5087
    5054
    5125
    4972
    5109
    5025
    5140
    5156
    5157
    5110
    5053
    5325
    5150
    5215
    5173
    5045
    5113
    5016
    5044
    4940
    5035
    4991
    4943
    4950
    4841
    5059
    4836
    4992
    5060
    4921
    4968
    4990
    5078
    5067
    5045
    5066
    5136
    5102
    5118
    5228
    5131
    5184
    5394
    5189
    5278
    5456
    5575
    5557
    5624
    5751
    5861
    5838
    5939
    5873
    6022
    6041
    6092
    6195
    6210
    6145
    6151
    6261
    6275
    6264
    6326
    6146
    6267
    6179
    6425
    6314
    6223
    6306
    6202
    6147
    6170
    6226
    6271
    6034
    6093
    6147
    6220
    5982
    6074
    6263
    5931
    6163
    6048
    6159
    6037
    6077
    5905
    5956
    6018
    5900
    5859
    5661
    5856
    5965
    5876
    5857
    5866
    5983
    5885
    5821
    5878
    5942
    5829
    5745
    5888
    5790
    5816
    5813
    5632
    5805
    5849
    5761
    5848
    5699
    5637
    5750
    5662
    5721
    5656
    5671
    5749
    5607
    5641
    5912
    6157
    6797
    7435
    7763
    7490
    6664
    6251
    6047
    5897
    5904
    5789
    5687
    5753
    5511
    5516
    5526
    5344
    5522
    5439
    5429
    5484
    5422
    5356
    5378
    5356
    5260
    5427
    5418
    5332
    5366
    5294
    5167
    5330
    5450
    5302
    5281
    5246
    5251
    5288
    5269
    5278
    5179
    5131
    5110
    5145
    5178
    5258
    5215
    5028
    5053
    5143
    5080
    4984
    5018
    5060
    5002
    4945
    5074
    4960
    5014
    4878
    4846
    4974
    4915
    4895
    4881
    4975
    4929
    4953
    4910
    4927
    5163
    5164
    4941
    4955
    4899
    4859
    5006
    4908
    4981
    4978
    4905
    4897
    4843
    4932
    4920
    4898
    4948
    5038
    4803
    4872
    4905
    4975
    4920
    4757
    4893
    4866
    4836
    4814
    4928
    4916
    4885
    4848
    4991
    4797
    4858
    4717
    4789
    4727
    4890
    4782
    4785
    4842
    4740
    4794
    4778
    4844
    4771
    4789
    4890
    4677
    4656
    4737
    4736
    4816
    4771
    4744
    4699
    4621
    4753
    4751
    4747
    4593
    4763
    4698
    4641
    4561
    4540
    4463
    4656
    4606
    4661
    4546
    4691
    4538
    4457
    4532
    4662
    4582
    4615
    4515
    4653
    4571
    4654
    4423
    4368
    4353
    4498
    4669
    4413
    4432
    4493
    4437
    4456
    4432
    4317
    4394
    4415
    4471
    4352
    4382
    4593
    4574
    4410
    4520
    4416
    4385
    4458
    4260
    4222
    4307
    4319
    4193
    4383
    4279
    4365
    4299
    4351
    4341
    4444
    4271
    4303
    4303
    4141
    4315
    4322
    4245
    4247
    4220
    4198
    4278
    4204
    4369
    4221
    4250
    4264
    4390
    4231
    4319
    4242
    4430
    4243
    4190
    4154
    4356
    4251
    4244
    4252
    4306
    4266
    4331
    4142
    4176
    4178
    4183
    4328
    4077
    4181
    4156
    4160
    4206
    4137
    4148
    4197
    4200
    4155
    4170
    4166
    4310
    4029
    4194
    4202
    4199
    4133
    4095
    4101
    4062
    4075
    4206
    4181
    4222
    4254
    4197
    4165
    4160
    4169
    4112
    4180
    4152
    3946
    4141
    4069
    4194
    4143
    4206
    4172
    4163
    4067
    4103
    4068
    4159
    3984
    4221
    4141
    4091
    4146
    4168
    4167
    4072
    4175
    4260
    4270
    4271
    4203
    4229
    4180
    4273
    4143
    4244
    4175
    4153
    4201
    4263
    4141
    4197
    4238
    4236
    4223
    4237
    4152
    4258
    4261
    4252
    4268
    4233
    4257
    4273
    4173
    4226
    4214
    4230
    4243
    4279
    4387
    4096
    4277
    4365
    4263
    4149
    4283
    4249
    4324
    4387
    4195
    4236
    4249
    4236
    4194
    4277
    4226
    4286
    4352
    4540
    4431
    4342
    4383
    4382
    4369
    4368
    4224
    4196
    4326
    4193
    4279
    4354
    4260
    4373
    4240
    4163
    4181
    4287
    4095
    4222
    4132
    4158
    3980
    3959
    4047
    3972
    4010
    3926
    3729
    3686
    3688
    3576
    3511
    3557
    3430
    3298
    3348
    3258
    3313
    3235
    3126
    3099
    3070
    3039
    2959
    2946
    2846
    2987
    2988
    2980
    2999
    2901
    2906
    2835
    2790
    2803
    2725
    2703
    2745
    2771
    2665
    2795
    2652
    2664
    2693
    2672
    2678
    2512
    2599
    2618
    2704
    2678
    2642
    2612
    2592
    2527
    2551
    2523
    2568
    2414
    2490
    2602
    2467
    2497
    2460
    2425
    2473
    2440
    2380
    2321
    2337
    2394
    2443
    2300
    2295
    2417
    2284
    2359
    2240
    2241
    2307
    2270
    2233
    2105
    2198
    2313
    2410
    2647
    2996
    3523
    3483
    3189
    2891
    2585
    2469
    2333
    2250
    2286
    2181
    2102
    2180
    2157
    2161
    2020
    2075
    2080
    2106
    2054
    2070
    2083
    2283
    2779
    3625
    4883
    5656
    5627
    4933
    4059
    3284
    2965
    2677
    2444
    2314
    2250
    2216
    2087
    2053
    1964
    1928
    1885
    1994
    1949
    2035
    2130
    2245
    2291
    2242
    2038
    2005
    1948
    1897
    1870
    1810
    1768
    1800
    1804
    1808
    1749
    1813
    1749
    1758
    1733
    1697
    1734
    1671
    1699
    1734
    1679
    1763
    1623
    1684
    1637
    1690
    1586
    1688
    1582
    1555
    1628
    1569
    1640
    1667
    1528
    1557
    1505
    1530
    1483
    1582
    1587
    1567
    1550
    1525
    1488
    1484
    1541
    1534
    1475
    1436
    1458
    1506
    1424
    1483
    1490
    1433
    1444
    1409
    1449
    1438
    1471
    1388
    1394
    1397
    1433
    1405
    1430
    1354
    1383
    1422
    1405
    1367
    1412
    1357
    1385
    1305
    1348
    1363
    1371
    1357
    1357
    1390
    1301
    1272
    1300
    1351
    1375
    1258
    1334
    1307
    1290
    1330
    1306
    1262
    1313
    1240
    1268
    1327
    1326
    1328
    1320
    1276
    1278
    1253
    1237
    1281
    1280
    1241
    1218
    1309
    1255
    1242
    1276
    1255
    1301
    1217
    1163
    1228
    1271
    1211
    1200
    1237
    1336
    1227
    1191
    1283
    1221
    1196
    1204
    1218
    1283
    1186
    1264
    1337
    1279
    1238
    1238
    1187
    1200
    1168
    1255
    1176
    1257
    1174
    1195
    1184
    1229
    1175
    1233
    1184
    1280
    1216
    1188
    1200
    1223
    1228
    1142
    1146
    1170
    1164
    1135
    1121
    1128
    1168
    1159
    1092
    1139
    1126
    1126
    1160
    1177
    1131
    1175
    1143
    1135
    1119
    1093
    1131
    1165
    1152
    1158
    1181
    1250
    1277
    1310
    1205
    1174
    1108
    1185
    1111
    1110
    1125
    1120
    1092
    1140
    1110
    1079
    1085
    1087
    1118
    1108
    1098
    1070
    1138
    1089
    1116
    1079
    1063
    1084
    1063
    1082
    1088
    1056
    1135
    1101
    1104
    1047
    1029
    1089
    1025
    1093
    1069
    1063
    1049
    1096
    1029
    1021
    1052
    1058
    1026
    1113
    1286
    1458
    1702
    1942
    1905
    1847
    1692
    1478
    1396
    1239
    1160
    1162
    1163
    1169
    1176
    1293
    1400
    1459
    1530
    1310
    1266
    1153
    1111
    1061
    1064
    1034
    1059
    1053
    1054
    1025
    1030
    1022
     986
    1013
     969
    1003
     990
    1070
     934
    1019
     974
    1028
    1058
    1013
     995
    1015
     980
    1037
    1015
    1003
     994
     973
    1036
    1016
    1021
    1028
     998
    1106
    1033
    1058
    1066
    1084
    1060
    1031
    1034
    1089
    1054
    1107
    1121
    1147
    1150
    1322
    1641
    2172
    2935
    3631
    4739
    6453
    9879
   15076
   23992
   36677
   52662
   70842
   87902
   99106
  102922
   97570
   86382
   71418
   56826
   43745
   33110
   24919
   19118
   14635
   11346
    9014
    7044
    5674
    4466
    3721
    3169
    2994
    2808
    2467
    2361
    2165
    2053
    1915
    1817
    1732
    1754
    1701
    1614
    1640
    1632
    1595
    1606
    1571
    1639
    1547
    1613
    1620
    1487
    1603
    1517
    1604
    1486
    1490
    1459
    1342
    1308
    1396
    1268
    1270
    1240
    1205
    1249
    1189
    1262
    1300
    1279
    1274
    1195
    1181
    1182
    1177
    1132
    1129
    1075
    1145
    1087
    1085
    1152
    1123
    1145
    1098
    1127
    1075
    1085
    1066
    1060
    1131
    1081
    1027
    1063
    1003
    1066
    1127
    1113
    1019
    1040
    1089
     972
    1064
    1021
    1037
    1081
    1032
    1072
    1059
    1016
     994
     999
    1032
    1007
     987
     980
    1040
    1035
    1045
    1045
    1033
    1035
    1089
    1037
    1002
    1029
    1057
    1070
    1058
    1070
    1027
    1020
    1045
    1011
     980
     980
    1028
    1025
     966
    1004
     977
    1005
     969
    1083
    1041
     981
     971
    1019
     998
    1044
     977
     968
    1026
     963
     960
     984
     950
     914
     998
     988
     956
    1004
    1068
    1115
    1099
    1117
    1058
    1061
    1002
     962
    1024
    1014
     989
     951
     971
     996
     954
     934
     962
     948
     945
     896
     899
     910
     925
     916
     927
     906
     921
     896
     959
     991
     946
     957
     976
     984
     952
     958
     931
     992
    1010
     993
    1034
     936
     950
     978
     991
    1022
    1066
    1134
    1297
    1685
    2033
    2171
    2135
    1871
    1619
    1380
    1225
    1141
    1133
    1004
     987
     931
     904
     938
     969
     948
     912
     927
     885
     898
     933
     942
     888
     837
     836
     911
     862
     882
     803
     898
     838
     905
     856
     952
     962
     901
     894
     831
     902
     883
     892
     864
     895
     871
     872
     875
     884
     893
     901
     875
     849
     865
     827
     897
     902
     872
     875
     854
     861
     799
     882
     919
     850
     899
     892
     809
     877
     871
     861
     806
     840
     849
     835
     892
     825
     885
     785
     835
     876
     883
     858
     879
     803
     890
     859
     891
     809
     833
     826
     845
     854
     857
     849
     835
     821
     849
     952
     864
     855
     824
     855
     906
     802
     877
     910
     873
     849
     911
     829
     820
     844
     828
     852
     835
     833
     871
     867
     795
     855
     832
     873
     822
     835
     838
     815
     812
     799
     789
     776
     818
     765
     823
     826
     865
     830
     809
     828
     838
     815
     787
     868
     798
     779
     841
     850
     838
     832
     850
     818
     814
     788
     848
     888
     837
     876
     863
     838
     899
     862
     916
     865
     935
     965
    1027
    1008
    1065
    1055
    1133
    1147
    1075
    1071
     988
     916
     889
     887
     826
     821
     784
     831
     802
     830
     904
     933
     956
     982
     970
     943
     876
     805
     853
     791
     769
     761
     818
     799
     790
     783
     770
     765
     711
     737
     722
     750
     763
     761
     730
     771
     746
     759
     748
     718
     784
     769
     766
     792
     772
     731
     822
     764
     734
     735
     744
     758
     770
     742
     758
     793
     759
     777
     748
     751
     773
     769
     743
     816
     773
     816
     799
     763
     790
     777
     763
     829
     787
     825
     800
     815
     822
     769
     836
     790
     826
     792
     824
     805
     810
     826
     750
     816
     817
     814
     744
     810
     762
     829
     785
     785
     744
     766
     772
     758
     735
     808
     744
     808
     736
     713
     778
     816
     776
     757
     775
     748
     770
     704
     714
     763
     719
     747
     760
     786
     730
     750
     776
     760
     766
     775
     681
     810
     768
     770
     797
     719
     790
     728
     772
     744
     771
     740
     775
     711
     689
     764
     748
     754
     734
     720
     713
     714
     679
     706
     745
     724
     715
     715
     687
     694
     658
     705
     660
     692
     673
     697
     669
     666
     669
     699
     641
     675
     696
     684
     685
     696
     721
     673
     690
     728
     649
     696
     667
     617
     699
     665
     714
     676
     716
     628
     732
     711
     678
     635
     651
     678
     671
     695
     660
     689
     636
     671
     712
     622
     625
     670
     684
     684
     663
     617
     659
     683
     660
     657
     698
     647
     660
     670
     676
     662
     665
     625
     710
     643
     647
     675
     691
     722
     693
     638
     633
     615
     650
     666
     705
     701
     695
     773
     774
     776
     792
     821
     747
     694
     672
     721
     676
     641
     680
     642
     618
     586
     626
     638
     677
     642
     609
     620
     629
     631
     608
     646
     609
     616
     625
     613
     611
     654
     647
     615
     640
     622
     648
     662
     654
     656
     671
     672
     679
     638
     642
     616
     634
     610
     624
     634
     583
     642
     602
     623
     687
     628
     631
     630
     649
     719
     648
     660
     655
     677
     658
     642
     656
     616
     611
     660
     644
     664
     644
     678
     608
     667
     660
     656
     648
     595
     630
     622
     621
     621
     614
     627
     621
     576
     633
     646
     680
     749
     857
     830
     856
     819
     755
     719
     688
     685
     674
     638
     619
     622
     642
     640
     571
     632
     619
     610
     616
     602
     605
     592
     596
     601
     657
     573
     587
     660
     637
     588
     596
     586
     672
     626
     619
     613
     606
     605
     630
     600
     619
     592
     592
     590
     599
     571
     579
     643
     621
     617
     591
     624
     619
     601
     635
     608
     612
     603
     611
     586
     559
     582
     599
     617
     576
     626
     637
     613
     570
     627
     626
     614
     601
     593
     587
     606
     603
     620
     594
     616
     626
     588
     606
     576
     589
     637
     613
     644
     625
     589
     568
     631
     614
     598
     601
     596
     618
     615
     604
     620
     615
     582
     614
     605
     595
     575
     585
     621
     621
     561
     623
     620
     667
     649
     632
     621
     594
     627
     649
     564
     617
     645
     630
     564
     657
     606
     669
     673
     741
     829
     894
     921
     921
     781
     780
     719
     681
     684
     653
     612
     674
     641
     635
     588
     578
     639
     617
     638
     609
     584
     656
     601
     575
     641
     620
     575
     649
     615
     619
     617
     626
     600
     634
     597
     631
     627
     591
     587
     646
     619
     616
     655
     623
     629
     626
     626
     624
     625
     670
     591
     595
     648
     623
     656
     653
     641
     690
     658
     686
     646
     685
     624
     673
     706
     632
     637
     661
     597
     656
     631
     607
     619
     646
     698
     632
     632
     654
     677
     632
     674
     629
     627
     645
     600
     669
     653
     650
     650
     656
     642
     640
     705
     726
     734
     705
     708
     761
     704
     684
     653
     625
     634
     634
     660
     651
     622
     669
     642
     672
     610
     646
     648
     649
     641
     651
     637
     635
     683
     674
     627
     714
     664
     685
     668
     620
     654
     640
     675
     638
     682
     595
     651
     678
     638
     703
     675
     638
     638
     696
     692
     662
     652
     656
     703
     678
     691
     665
     689
     674
     698
     667
     689
     669
     690
     664
     717
     689
     743
     681
     747
     812
     862
     997
    1057
    1149
    1158
    1049
     972
     935
     860
     792
     783
     726
     748
     712
     713
     748
     718
     658
     721
     704
     662
     665
     725
     690
     763
     737
     694
     741
     731
     746
     699
     719
     703
     723
     687
     717
     704
     702
     732
     749
     724
     712
     721
     682
     841
     943
    1219
    1652
    2565
    3783
    5053
    6069
    6398
    5917
    5034
    3834
    2801
    2168
    1795
    1503
    1255
    1163
    1090
    1001
     951
     827
     817
     758
     765
     772
     792
     732
     743
     717
     732
     659
     781
     694
     774
     787
     811
     792
     925
     953
     864
     843
     781
     781
     725
     669
     673
     643
     651
     639
     608
     574
     576
     626
     572
     583
     610
     560
     612
     556
     592
     565
     549
     574
     560
     563
     520
     562
     534
     557
     621
     618
     664
     733
     731
     712
     676
     698
     653
     631
     563
     569
     533
     540
     492
     527
     543
     558
     498
     519
     559
     531
     534
     479
     492
     530
     519
     526
     546
     554
     577
     535
     536
     530
     502
     497
     535
     499
     514
     513
     511
     491
     484
     469
     506
     492
     496
     485
     473
     490
     519
     510
     518
     494
     453
     509
     480
     533
     487
     484
     551
     490
     463
     481
     539
     481
     485
     500
     493
     491
     496
     477
     494
     482
     465
     525
     485
     469
     477
     445
     462
     491
     467
     498
     462
     484
     477
     474
     425
     510
     446
     474
     477
     490
     499
     470
     422
     460
     450
     441
     429
     486
     446
     461
     446
     461
     457
     465
     472
     419
     434
     421
     453
     463
     451
     469
     451
     472
     452
     439
     440
     477
     424
     490
     454
     466
     414
     409
     423
     426
     444
     410
     452
     430
     416
     445
     422
     425
     450
     401
     435
     429
     412
     403
     407
     439
     386
     416
     363
     437
     422
     397
     412
     378
     396
     461
     428
     408
     412
     399
     425
     382
     447
     412
     409
     419
     419
     395
     408
     417
     367
     397
     398
     389
     354
     401
     407
     361
     401
     346
     380
     385
     409
     380
     355
     405
     363
     411
     377
     387
     412
     365
     387
     336
     369
     369
     367
     377
     405
     372
     364
     345
     353
     350
     388
     391
     396
     357
     389
     365
     351
     357
     402
     366
     376
     373
     389
     353
     394
     338
     368
     343
     380
     370
     384
     396
     389
     404
     415
     360
     366
     389
     378
     358
     341
     369
     338
     328
     315
     316
     327
     318
     344
     337
     308
     287
     293
     295
     321
     290
     296
     315
     276
     306
     297
     305
     296
     311
     308
     295
     279
     280
     295
     311
     271
     310
     272
     298
     307
     296
     289
     268
     279
     288
     260
     283
     305
     308
     304
     273
     310
     301
     296
     274
     287
     307
     280
     287
     278
     268
     290
     272
     274
     285
     274
     277
     293
     277
     258
     306
     261
     268
     277
     331
     300
     280
     333
     308
     321
     328
     339
     287
     291
     307
     281
     266
     264
     260
     253
     320
     296
     252
     237
     256
     285
     250
     268
     257
     252
     267
     286
     291
     269
     287
     302
     296
     269
     307
     297
     318
     277
     258
     271
     248
     282
     264
     265
     249
     253
     280
     241
     247
     261
     256
     262
     242
     299
     276
     252
     253
     273
     253
     252
     265
     279
     260
     299
     258
     268
     282
     261
     266
     264
     271
     276
     243
     300
     256
     260
     272
     277
     241
     237
     251
     248
     251
     239
     258
     250
     241
     279
     252
     245
     275
     247
     257
     238
     227
     275
     237
     228
     270
     266
     263
     252
     263
     254
     260
     254
     273
     300
     339
     324
     325
     310
     307
     300
     292
     283
     311
     305
     291
     262
     220
     258
     252
     263
     262
     238
     269
     265
     250
     254
     234
     271
     273
     264
     265
     265
     242
     248
     253
     262
     266
     240
     241
     258
     239
     249
     227
     242
     227
     266
     251
     253
     274
     236
     208
     216
     232
     253
     250
     280
     278
     234
     251
     250
     243
     256
     251
     260
     235
     225
     230
     241
     254
     234
     237
     252
     274
     224
     261
     250
     269
     249
     247
     221
     237
     275
     240
     253
     260
     261
     255
     255
     254
     242
     282
     265
     323
     369
     392
     569
     875
    1534
    2486
    4064
    6583
    9835
   13444
   16511
   18189
   17366
   15238
   11898
    8944
    6346
    4724
    3395
    2569
    2021
    1582
    1364
    1072
     920
     758
     673
     542
     529
     477
     428
     440
     419
     435
     393
     348
     354
     335
     388
     359
     371
     328
     341
     360
     355
     377
     336
     361
     373
     380
     364
     386
     397
     357
     372
     340
     353
     342
     342
     314
     294
     315
     307
     286
     316
     269
     303
     304
     287
     304
     326
     318
     295
     302
     314
     293
     278
     314
     273
     287
     287
     285
     267
     289
     286
     275
     310
     267
     292
     297
     245
     270
     269
     250
     261
     286
     282
     296
     333
     326
     357
     336
     378
     340
     330
     319
     293
     320
     297
     306
     277
     281
     277
     274
     270
     266
     274
     279
     287
     260
     261
     275
     229
     263
     277
     268
     240
     262
     277
     265
     249
     244
     245
     269
     264
     288
     266
     269
     254
     258
     236
     267
     253
     247
     269
     277
     253
     274
     261
     244
     269
     264
     259
     254
     239
     248
     245
     260
     251
     247
     266
     258
     248
     260
     285
     256
     269
     237
     255
     278
     255
     277
     251
     246
     293
     236
     232
     244
     270
     245
     259
     261
     248
     257
     261
     257
     232
     263
     250
     232
     269
     251
     282
     271
     282
     245
     301
     295
     277
     271
     269
     260
     259
     271
     246
     280
     281
     257
     243
     256
     276
     257
     259
     237
     264
     251
     246
     259
     229
     236
     222
     237
     226
     232
     261
     247
     238
     244
     235
     235
     245
     266
     233
     249
     267
     270
     268
     245
     226
     260
     251
     232
     233
     229
     232
     220
     226
     264
     231
     265
     200
     233
     228
     234
     235
     248
     225
     221
     211
     229
     229
     222
     265
     269
     230
     251
     243
     238
     239
     235
     248
     236
     261
     257
     243
     205
     231
     229
     222
     218
     260
     252
     266
     253
     214
     223
     225
     220
     224
     261
     231
     245
     269
     244
     249
     238
     250
     241
     247
     225
     242
     225
     267
     244
     247
     242
     244
     276
     260
     237
     246
     267
     204
     262
     222
     249
     246
     240
     225
     238
     215
     233
     232
     240
     239
     252
     221
     211
     231
     264
     214
     238
     243
     228
     224
     224
     226
     228
     226
     248
     225
     244
     225
     240
     226
     237
     238
     295
     330
     326
     332
     348
     338
     327
     266
     279
     274
     252
     248
     254
     212
     236
     240
     223
     247
     225
     222
     230
     237
     227
     238
     223
     270
     262
     303
     352
     367
     442
     531
     498
     463
     341
     387
     331
     292
     315
     289
     279
     244
     210
     240
     211
     240
     245
     206
     217
     219
     224
     225
     235
     226
     218
     240
     201
     206
     228
     240
     191
     222
     220
     219
     227
     227
     221
     221
     227
     250
     226
     194
     199
     205
     225
     190
     180
     222
     227
     204
     205
     200
     213
     228
     205
     227
     209
     202
     207
     228
     255
     245
     233
     278
     341
     342
     406
     446
     503
     583
     640
     631
     580
     494
     467
     432
     337
     316
     282
     273
     284
     257
     235
     261
     251
     237
     263
     284
     259
     230
     240
     245
     251
     212
     225
     228
     232
     226
     226
     209
     235
     218
     239
     228
     228
     237
     204
     213
     225
     231
     216
     267
     226
     228
     220
     240
     213
     213
     200
     214
     218
     225
     186
     221
     215
     221
     231
     220
     200
     231
     216
     224
     202
     234
     240
     225
     194
     237
     241
     238
     244
     221
     227
     214
     206
     211
     211
     233
     197
     233
     229
     230
     194
     210
     205
     230
     208
     236
     238
     236
     264
     252
     267
     309
     341
     321
     311
     310
     300
     249
     263
     263
     264
     233
     226
     245
     263
     213
     221
     221
     249
     219
     231
     230
     236
     212
     220
     217
     211
     197
     210
     197
     221
     235
     209
     217
     234
     194
     207
     222
     217
     242
     192
     212
     207
     186
     218
     194
     219
     200
     228
     202
     234
     221
     226
     216
     230
     230
     228
     253
     217
     193
     209
     220
     220
     227
     209
     193
     209
     205
     213
     217
     196
     226
     199
     185
     215
     201
     201
     218
     199
     232
     189
     229
     204
     232
     247
     202
     212
     227
     208
     202
     204
     245
     232
     222
     246
     231
     217
     241
     203
     209
     234
     218
     207
     220
     229
     207
     216
     215
     222
     203
     217
     230
     228
     233
     228
     217
     210
     202
     242
     214
     218
     209
     190
     236
     203
     204
     214
     201
     203
     213
     208
     212
     215
     185
     221
     197
     197
     223
     193
     213
     201
     222
     233
     179
     227
     225
     200
     204
     182
     213
     196
     219
     223
     197
     229
     195
     214
     201
     210
     222
     207
     204
     214
     169
     194
     203
     205
     185
     235
     222
     219
     204
     217
     216
     217
     205
     213
     219
     235
     202
     192
     230
     211
     200
     232
     224
     197
     201
     226
     202
     191
     211
     222
     202
     200
     194
     200
     231
     204
     211
     189
     211
     190
     176
     205
     231
     195
     208
     209
     217
     211
     208
     205
     240
     207
     238
     214
     203
     203
     192
     205
     242
     218
     198
     199
     202
     200
     193
     213
     201
     217
     210
     221
     206
     222
     213
     202
     188
     186
     179
     208
     179
     175
     187
     200
     197
     184
     182
     187
     199
     187
     184
     180
     175
     195
     196
     184
     216
     210
     174
     222
     225
     221
     195
     213
     194
     200
     205
     208
     206
     203
     192
     205
     193
     216
     204
     192
     222
     210
     191
     194
     207
     213
     194
     204
     199
     188
     184
     204
     205
     203
     196
     233
     187
     192
     198
     201
     234
     203
     209
     233
     217
     247
     256
     204
     215
     217
     208
     218
     204
     210
     199
     225
     184
     172
     175
     196
     207
     204
     188
     215
     214
     192
     196
     172
     178
     164
     172
     189
     187
     196
     194
     189
     195
     193
     207
     199
     198
     191
     166
     197
     183
     200
     198
     221
     240
     235
     242
     262
     264
     232
     251
     246
     220
     227
     195
     201
     223
     242
     216
     265
     253
     250
     250
     240
     207
     233
     222
     195
     200
     201
     193
     195
     196
     188
     203
     219
     204
     202
     180
     212
     201
     190
     169
     169
     221
     188
     205
     200
     208
     195
     216
     188
     172
     182
     192
     204
     169
     199
     196
     174
     207
     194
     196
     195
     199
     201
     202
     193
     207
     180
     190
     191
     211
     187
     191
     187
     204
     166
     198
     199
     192
     202
     191
     195
     212
     178
     175
     180
     183
     207
     217
     186
     189
     180
     187
     198
     173
     197
     218
     167
     204
     193
     192
     187
     189
     184
     182
     196
     182
     187
     200
     220
     222
     188
     217
     218
     205
     220
     237
     175
     234
     210
     247
     256
     262
     294
     333
     352
     342
     341
     307
     287
     313
     257
     248
     204
     205
     195
     221
     212
     199
     195
     170
     187
     226
     192
     174
     204
     159
     195
     177
     192
     213
     163
     167
     179
     212
     168
     174
     184
     173
     190
     178
     177
     202
     181
     184
     184
     194
     167
     208
     207
     172
     220
     184
     191
     170
     178
     187
     192
     196
     195
     226
     177
     164
     207
     179
     203
     192
     201
     203
     185
     186
     202
     206
     198
     184
     185
     205
     209
     190
     172
     173
     175
     165
     169
     179
     185
     187
     187
     197
     170
     192
     198
     182
     175
     178
     167
     195
     183
     205
     185
     196
     197
     177
     207
     186
     199
     173
     214
     170
     220
     186
     202
     185
     197
     178
     211
     171
     181
     162
     184
     181
     196
     190
     197
     176
     170
     178
     191
     173
     186
     194
     196
     193
     195
     184
     192
     201
     195
     175
     184
     190
     184
     201
     204
     181
     204
     183
     204
     191
     176
     169
     188
     165
     192
     169
     185
     198
     194
     190
     163
     176
     178
     185
     207
     176
     174
     233
     195
     221
     269
     260
     227
     246
     245
     225
     225
     225
     193
     197
     183
     222
     199
     198
     229
     200
     235
     241
     247
     223
     209
     207
     230
     205
     217
     178
     191
     178
     188
     204
     220
     226
     222
     194
     196
     185
     188
     192
     196
     188
     192
     206
     205
     204
     201
     170
     180
     190
     217
     195
     167
     208
     196
     177
     216
     185
     198
     197
     177
     167
     190
     242
     203
     186
     189
     190
     198
     173
     211
     182
     206
     174
     207
     209
     186
     198
     207
     211
     201
     214
     199
     190
     188
     189
     205
     191
     195
     205
     203
     200
     234
     248
     294
     322
     378
     429
     460
     493
     411
     464
     418
     350
     338
     282
     286
     266
     277
     238
     229
     246
     231
     227
     182
     213
     204
     198
     198
     197
     177
     198
     182
     186
     169
     201
     212
     195
     223
     201
     188
     211
     223
     251
     253
     259
     315
     372
     399
     401
     407
     409
     425
     369
     356
     305
     278
     288
     235
     209
     234
     194
     241
     208
     194
     190
     213
     235
     172
     184
     199
     224
     231
     208
     252
     241
     210
     219
     267
     259
     256
     253
     261
     261
     258
     284
     256
     218
     259
     205
     215
     197
     214
     185
     207
     180
     195
     185
     188
     174
     179
     180
     196
     174
     167
     206
     176
     175
     179
     189
     183
     180
     190
     170
     198
     184
     170
     164
     169
     188
     197
     173
     195
     189
     193
     212
     223
     231
     252
     220
     239
     215
     234
     218
     214
     188
     182
     215
     208
     191
     192
     177
     171
     190
     191
     188
     192
     201
     199
     186
     182
     196
     178
     201
     192
     209
     207
     199
     217
     190
     188
     180
     192
     175
     184
     195
     217
     221
     218
     242
     263
     262
     261
     267
     287
     273
     259
     260
     262
     250
     224
     209
     211
     209
     210
     200
     181
     187
     183
     184
     205
     188
     189
     178
     194
     197
     193
     202
     192
     199
     194
     194
     194
     212
     175
     206
     175
     184
     181
     170
     203
     171
     186
     152
     185
     169
     196
     192
     159
     168
     189
     177
     168
     181
     158
     186
     180
     161
     190
     169
     169
     161
     180
     175
     195
     204
     196
     184
     174
     178
     166
     172
     179
     197
     174
     193
     180
     181
     203
     209
     181
     190
     172
     196
     191
     190
     203
     185
     158
     181
     197
     180
     202
     179
     178
     204
     182
     197
     161
     173
     188
     175
     198
     219
     200
     215
     232
     209
     224
     238
     228
     248
     227
     226
     215
     205
     188
     191
     211
     194
     181
     228
     137
     176
     162
     202
     190
     213
     198
     194
     170
     176
     191
     168
     203
     182
     185
     213
     191
     177
     165
     218
     179
     182
     172
     181
     168
     205
     212
     161
     186
     200
     181
     167
     174
     151
     188
     166
     173
     167
     202
     195
     157
     182
     171
     184
     186
     198
     176
     202
     197
     192
     181
     190
     174
     186
     195
     179
     190
     171
     201
     174
     197
     205
     173
     199
     177
     170
     183
     176
     151
     171
     166
     171
     173
     203
     182
     185
     189
     184
     188
     172
     197
     204
     178
     188
     187
     185
     173
     173
     194
     181
     197
     188
     196
     194
     206
     192
     173
     187
     189
     205
     168
     183
     179
     195
     197
     184
     191
     166
     166
     177
     175
     174
     194
     184
     168
     186
     189
     167
     177
     185
     196
     184
     190
     207
     206
     196
     174
     195
     189
     185
     194
     177
     162
     185
     168
     184
     176
     189
     195
     192
     189
     186
     186
     189
     177
     183
     184
     198
     168
     187
     180
     169
     183
     187
     188
     201
     170
     180
     178
     180
     188
     198
     209
     191
     175
     172
     200
     189
     180
     191
     176
     201
     185
     199
     191
     201
     201
     195
     184
     184
     191
     203
     201
     203
     194
     169
     174
     175
     209
     190
     178
     179
     200
     212
     180
     187
     191
     172
     206
     188
     189
     205
     195
     175
     188
     180
     189
     199
     195
     211
     179
     184
     181
     193
     206
     209
     199
     266
     262
     340
     340
     349
     396
     476
     502
     598
     698
     702
     735
     627
     665
     618
     613
     446
     473
     394
     330
     327
     264
     234
     275
     238
     236
     212
     225
     217
     225
     202
     206
     223
     205
     182
     195
     206
     216
     200
     238
     210
     203
     200
     222
     211
     189
     201
     196
     195
     184
     211
     220
     193
     199
     217
     178
     220
     204
     212
     196
     198
     205
     196
     217
     183
     187
     203
     224
     214
     229
     233
     209
     243
     249
     312
     303
     372
     364
     393
     389
     388
     344
     316
     282
     277
     244
     228
     218
     235
     242
     222
     237
     224
     231
     212
     225
     221
     237
     236
     243
     253
     243
     268
     277
     279
     276
     271
     261
     238
     229
     226
     220
     222
     222
     208
     209
     227
     227
     219
     221
     205
     216
     221
     204
     227
     229
     215
     229
     189
     167
     231
     214
     174
     233
     195
     248
     205
     236
     214
     218
     213
     203
     196
     211
     187
     193
     228
     215
     189
     215
     208
     216
     203
     215
     188
     212
     217
     189
     207
     196
     192
     201
     222
     220
     227
     211
     220
     230
     204
     246
     185
     222
     214
     191
     206
     214
     227
     206
     186
     204
     221
     208
     199
     194
     194
     245
     195
     201
     228
     208
     208
     209
     233
     223
     211
     241
     230
     224
     216
     208
     212
     217
     211
     199
     201
     222
     214
     215
     205
     214
     219
     196
     229
     212
     184
     234
     208
     224
     210
     222
     200
     228
     228
     190
     207
     227
     214
     216
     202
     247
     226
     203
     221
     222
     222
     252
     219
     240
     246
     224
     215
     226
     205
     222
     225
     226
     232
     216
     226
     210
     220
     201
     213
     168
     221
     240
     212
     229
     227
     225
     246
     213
     223
     223
     234
     210
     229
     242
     213
     231
     235
     202
     246
     208
     216
     211
     209
     232
     254
     242
     283
     264
     288
     314
     333
     360
     325
     357
     305
     301
     285
     295
     271
     284
     272
     255
     234
     248
     283
     267
     265
     213
     230
     251
     242
     217
     208
     235
     252
     223
     202
     212
     205
     227
     246
     217
     227
     240
     241
     259
     250
     213
     233
     231
     260
     241
     247
     245
     230
     251
     228
     239
     246
     234
     246
     242
     220
     211
     242
     233
     239
     226
     204
     245
     227
     246
     210
     245
     234
     264
     217
     231
     233
     232
     256
     249
     266
     221
     227
     235
     257
     236
     259
     235
     199
     236
     239
     248
     268
     232
     236
     251
     263
     258
     208
     228
     253
     251
     245
     242
     251
     227
     245
     245
     248
     237
     268
     226
     236
     251
     260
     222
     228
     250
     221
     223
     231
     225
     226
     227
     224
     233
     235
     251
     207
     252
     210
     214
     212
     253
     227
     204
     236
     243
     243
     237
     245
     230
     225
     228
     222
     226
     236
     245
     238
     250
     225
     239
     247
     221
     238
     217
     253
     244
     254
     213
     252
     226
     233
     245
     241
     245
     259
     239
     248
     220
     206
     229
     249
     252
     243
     247
     235
     225
     236
     228
     215
     254
     240
     255
     230
     235
     251
     233
     235
     249
     239
     272
     277
     275
     272
     290
     318
     314
     251
     317
     282
     265
     259
     228
     261
     237
     247
     222
     271
     247
     227
     255
     261
     213
     243
     239
     233
     247
     250
     212
     220
     224
     253
     239
     261
     247
     217
     260
     239
     241
     220
     252
     274
     270
     266
     232
     254
     270
     230
     239
     230
     242
     268
     248
     281
     251
     255
     231
     218
     231
     259
     253
     251
     249
     225
     227
     241
     246
     232
     251
     251
     227
     254
     245
     233
     260
     254
     257
     265
     250
     254
     228
     231
     234
     230
     252
     266
     250
     273
     259
     235
     242
     233
     249
     231
     269
     272
     234
     241
     256
     246
     240
     232
     254
     248
     246
     246
     272
     264
     273
     271
     255
     259
     264
     236
     270
     244
     248
     251
     240
     215
     240
     224
     204
     287
     263
     267
     234
     265
     261
     260
     253
     255
     281
     238
     252
     233
     263
     271
     229
     271
     267
     268
     270
     278
     276
     251
     240
     236
     246
     265
     256
     282
     278
     267
     254
     269
     253
     235
     259
     271
     270
     241
     266
     263
     242
     254
     229
     276
     239
     283
     248
     251
     243
     270
     262
     264
     259
     264
     248
     250
     266
     272
     271
     254
     278
     245
     250
     281
     260
     275
     292
     285
     273
     268
     259
     281
     253
     270
     299
     287
     283
     282
     266
     302
     306
     284
     279
     264
     265
     280
     266
     270
     283
     251
     277
     281
     272
     250
     304
     277
     255
     242
     261
     265
     271
     283
     301
     267
     262
     278
     290
     306
     260
     284
     257
     268
     281
     273
     259
     262
     297
     314
     242
     264
     239
     256
     261
     247
     261
     269
     255
     273
     263
     248
     269
     254
     262
     283
     264
     273
     283
     257
     259
     256
     263
     236
     269
     279
     264
     269
     257
     226
     213
     233
     230
     229
     241
     227
     230
     228
     211
     245
     235
     222
     195
     215
     214
     210
     215
     206
     188
     200
     218
     226
     203
     184
     214
     224
     210
     207
     198
     187
     223
     210
     212
     220
     230
     222
     244
     212
     245
     207
     217
     225
     218
     198
     202
     212
     168
     194
     195
     199
     177
     200
     213
     183
     190
     198
     178
     181
     174
     175
     187
     183
     191
     181
     182
     178
     197
     190
     186
     162
     181
     192
     189
     174
     162
     172
     185
     156
     176
     194
     194
     159
     177
     149
     141
     162
     190
     182
     199
     166
     181
     167
     182
     161
     175
     157
     174
     170
     158
     176
     177
     191
     202
     173
     202
     196
     177
     206
     155
     195
     186
     184
     189
     190
     170
     160
     177
     183
     179
     148
     179
     195
     174
     162
     158
     163
     177
     154
     189
     171
     185
     176
     170
     174
     170
     167
     148
     150
     160
     178
     162
     171
     160
     154
     191
     164
     175
     158
     163
     169
     154
     155
     172
     160
     172
     136
     151
     149
     164
     192
     154
     145
     167
     158
     138
     159
     150
     165
     142
     167
     135
     161
     162
     157
     158
     150
     157
     143
     167
     175
     139
     133
     153
     147
     143
     148
     152
     140
     152
     146
     141
     136
     131
     160
     152
     156
     126
     151
     132
     138
     135
     147
     127
     138
     133
     146
     150
     134
     131
     130
     144
     151
     126
     137
     139
     165
     140
     139
     124
     124
     126
     130
     139
     120
     141
     140
     104
     112
     124
     123
     135
     147
     117
     115
     119
     141
     127
     124
     107
     109
     126
     140
     124
     156
     153
     184
     181
     223
     270
     292
     401
     489
     629
     834
    1024
    1182
    1322
    1575
    1551
    1512
    1379
    1217
    1033
     874
     653
     526
     438
     376
     307
     234
     204
     210
     166
     174
     155
     135
     123
     144
     147
     131
     145
     123
     114
      96
     130
     102
     124
     101
     108
     120
     111
     117
     112
     117
     111
     115
     104
     104
     119
     107
     113
     113
     110
     106
     129
      90
     100
      99
      92
     100
     111
      96
      91
      90
      98
      92
      78
      89
     104
      91
      92
      88
      92
      93
      77
      93
      89
      82
      93
      95
      76
      96
      99
      68
      83
     101
      90
      87
      79
      82
     101
      96
     101
      88
     101
      99
     111
     108
     121
     128
     120
     132
     123
     135
     111
     114
     116
      99
     114
      98
      95
      80
      82
      76
     105
      79
      78
      81
      84
      71
      72
      76
      79
      72
      87
      71
      83
      80
      87
      67
      54
      65
      58
      75
      75
      83
      61
      62
      61
      76
      68
      51
      82
      81
      78
      61
      63
      79
      67
      61
      72
      75
      60
      82
      78
      68
      66
      65
      63
      49
      77
      77
      69
      82
      66
      64
      70
      75
      63
      69
      74
      68
      60
      69
      67
      90
      82
      77
      62
      66
      64
      75
      74
      51
      81
      61
      71
      64
      67
      71
      58
      64
      61
      93
      69
      72
      66
      56
      52
      53
      72
      60
      70
      67
      59
      66
      85
      60
      63
      67
      51
      65
      61
      73
      75
      54
      57
      75
      73
      56
      51
      57
      63
      59
      63
      61
      68
      57
      55
      71
      57
      69
      66
      63
      59
      57
      48
      73
      59
      65
      57
      62
      56
      54
      75
      68
      52
      68
      60
      60
      69
      49
      58
      49
      62
      59
      44
      71
      64
      61
      63
      68
      47
      53
      48
      55
      53
      58
      73
      46
      50
      61
      50
      65
      65
      36
      65
      56
      52
      61
      56
      59
      61
      47
      68
      58
      52
      58
      58
      53
      56
      45
      55
      50
      62
      55
      63
      63
      64
      59
      60
      61
      68
      69
      60
      63
      69
      66
      63
      45
      48
      57
      58
      52
      66
      57
      55
      53
      58
      65
      63
      76
      68
      50
      49
      69
      57
      68
      71
      64
      60
      57
      60
      64
      79
      83
      95
     128
     132
     195
     288
     390
     486
     660
     864
    1155
    1579
    2003
    2694
    3295
    4047
    4861
    5320
    6019
    6059
    5914
    5256
    4604
    3809
    2944
    2381
    1798
    1393
    1071
     800
     619
     544
     384
     340
     274
     226
     165
     162
     147
     157
     148
     132
     133
     122
     140
     124
     109
     122
     128
     117
     112
     101
     108
      96
     118
     107
     119
     113
      98
     100
      99
     111
      96
     105
      82
     107
      86
      82
      91
      80
      89
      93
     100
      73
      68
      86
      94
      82
      80
      79
      79
      91
      85
      81
      78
      71
      54
      72
      82
      91
      80
      89
      68
      75
      67
      70
      79
      87
      64
      73
      73
      65
      71
      72
      64
      63
      84
      86
      80
      71
      80
      69
      61
      79
      66
      70
      66
      86
      92
      68
      65
      70
      61
      60
      57
      54
      60
      72
      74
      62
      58
      80
      65
      70
      73
      65
      54
      71
      85
      69
      53
      73
      76
      57
      73
      64
      61
      64
      57
      69
      66
      85
      55
      69
      70
      65
      78
      64
      66
      60
      80
      66
      72
      56
      69
      72
      53
      75
      50
      57
      67
      52
      47
      61
      58
      61
      68
      68
      72
      63
      65
      52
      45
      60
      51
      46
      53
      55
      72
      59
      47
      69
      68
      58
      63
      56
      58
      57
      61
      66
      52
      62
      66
      56
      48
      52
      70
      54
      58
      56
      68
      57
      60
      48
      58
      56
      62
      46
      45
      60
      56
      60
      59
      51
      56
      55
      74
      35
      49
      51
      57
      55
      57
      60
      42
      59
      55
      71
      53
      52
      56
      54
      48
      68
      47
      50
      61
      58
      54
      55
      44
      50
      56
      58
      42
      61
      50
      56
      62
      57
      42
      45
      61
      50
      62
      58
      51
      55
      56
      48
      59
      50
      49
      47
      55
      46
      52
      46
      49
      53
      46
      52
      54
      66
      60
      56
      35
      51
      52
      55
      46
      51
      44
      50
      47
      35
      51
      42
      58
      46
      45
      43
      49
      42
      36
      40
      39
      46
      47
      34
      45
      51
      34
      45
      41
      46
      59
      47
      37
      36
      34
      54
      41
      45
      43
      36
      55
      49
      39
      52
      40
      46
      35
      55
      36
      49
      45
      43
      47
      52
      44
      50
      40
      40
      47
      46
      43
      40
      49
      43
      55
      52
      45
      57
      45
      43
      39
      51
      60
      54
      44
      61
      56
      55
      55
      67
      52
      42
      51
      40
      44
      33
      40
      45
      45
      41
      50
      51
      52
      44
      47
      48
      32
      49
      46
      39
      50
      46
      47
      45
      44
      35
      42
      35
      50
      55
      35
      34
      47
      46
      35
      39
      37
      38
      34
      28
      32
      45
      29
      48
      39
      38
      43
      30
      34
      46
      38
      34
      44
      38
      43
      33
      31
      36
      25
      23
      36
      32
      41
      32
      39
      30
      39
      35
      32
      31
      32
      33
      37
      42
      27
      50
      29
      40
      35
      39
      26
      41
      34
      32
      35
      36
      33
      39
      40
      29
      31
      33
      36
      26
      37
      34
      34
      53
      42
      31
      32
      33
      38
      41
      26
      52
      36
      45
      34
      39
      34
      29
      24
      30
      27
      26
      40
      37
      33
      38
      33
      43
      38
      29
      40
      33
      38
      38
      31
      31
      31
      36
      37
      42
      34
      33
      37
      42
      28
      45
      40
      31
      30
      38
      37
      38
      24
      29
      30
      29
      36
      31
      22
      37
      31
      28
      32
      25
      38
      32
      35
      26
      21
      31
      26
      35
      30
      35
      32
      19
      26
      21
      42
      20
      36
      34
      31
      27
      26
      28
      38
      40
      30
      43
      29
      40
      27
      29
      34
      37
      23
      30
      31
      38
      30
      25
      32
      32
      27
      25
      27
      34
      25
      45
      37
      29
      35
      26
      28
      33
      32
      29
      32
      26
      31
      33
      33
      35
      29
      36
      32
      35
      35
      33
      38
      37
      31
      30
      32
      36
      29
      33
      23
      30
      23
      32
      35
      26
      27
      27
      31
      27
      27
      29
      35
      33
      27
      25
      20
      30
      29
      33
      24
      26
      25
      37
      26
      40
      32
      28
      38
      31
      26
      27
      22
      35
      29
      20
      33
      28
      41
      32
      20
      32
      28
      38
      21
      29
      35
      17
      23
      27
      20
      28
      24
      29
      37
      23
      23
      33
      23
      19
      31
      29
      29
      19
      36
      30
      35
      28
      30
      29
      32
      41
      34
      36
      51
      57
      58
      79
      86
     101
      88
     115
     120
     106
     111
      77
      76
      67
      67
      61
      50
      30
      35
      30
      31
      27
      29
      37
      37
      37
      41
      38
      45
      36
      35
      41
      48
      42
      48
      38
      48
      31
      36
      40
      25
      29
      37
      23
      31
      17
      27
      22
      24
      36
      23
      22
      33
      22
      32
      27
      28
      23
      26
      27
      34
      19
      30
      27
      27
      31
      24
      23
      37
      27
      22
      22
      29
      18
      24
      43
      29
      15
      28
      31
      26
      20
      25
      24
      25
      29
      27
      24
      25
      26
      33
      26
      28
      25
      24
      24
      27
      25
      30
      19
      19
      25
      33
      32
      19
      22
      28
      38
      29
      28
      57
      39
      37
      36
      21
      27
      28
      32
      30
      32
      23
      36
      24
      19
      25
      20
      28
      17
      26
      22
      18
      26
      16
      17
      22
      18
      15
      29
      23
      24
      24
      34
      29
      39
      31
      23
      24
      22
      19
      25
      15
      30
      20
      27
      23
      23
      20
      27
      25
      28
      19
      29
      31
      24
      18
      24
      21
      21
      19
      29
      19
      23
      14
      28
      20
      21
      19
      28
      30
      24
      29
      27
      22
      17
      21
      20
      21
      25
      28
      25
      28
      23
      20
      23
      23
      32
      19
      24
      22
      14
      19
      27
      24
      21
      22
      22
      20
      17
      25
      17
      19
      17
      20
      23
      19
      24
      23
      22
      25
      20
      18
      19
      15
      21
      16
      19
      17
      19
      18
      22
      15
      24
      14
      24
      28
      16
      17
      13
      26
      21
      28
      24
      19
      17
      26
      21
      24
      23
      25
      22
      15
      20
      20
      17
      17
      22
      16
      21
      17
      18
      24
      16
      22
      31
      27
      21
      23
      19
      12
      19
      21
      29
      20
      20
      26
      15
      31
      21
      21
      15
      26
      14
      17
      12
      22
      15
      16
      14
      23
      16
      26
      17
      18
      23
      19
      20
      23
      17
      29
      18
      21
      15
      20
      15
      19
      16
      20
      16
      24
      17
      11
      22
      25
      11
      23
      17
      19
      26
      16
      21
      23
      23
      20
      17
      26
      13
      25
      18
      21
      21
      21
      16
      19
      24
      22
      22
      28
      22
      17
      16
      27
      16
      13
      14
      15
      13
      16
      14
      21
      20
      10
      19
      18
      18
      19
      22
      26
      23
      20
      24
      14
       8
       9
      15
      16
      24
      18
      22
      20
      15
      14
      13
      19
      15
      19
      13
      21
      16
      18
      17
      26
      16
      21
      19
      25
      15
      23
      17
      15
      21
      16
      11
      18
      18
      11
      15
      24
      16
      18
      13
      15
      10
      11
       9
      24
      18
      24
      14
      16
      11
      29
      16
      15
      21
      13
      13
      21
      21
      17
      22
      16
      16
      15
      19
      20
      17
      11
      23
      22
      16
      16
      17
      16
      24
      23
      19
      27
      14
      11
      16
      19
      20
      19
      23
      18
      16
      19
      19
      17
       9
      19
      16
      18
      18
      10
      18
      15
      15
      10
      22
      13
      17
      19
      21
      10
      17
      10
      23
      12
      19
      26
      23
      23
      33
      29
      29
      32
      36
      26
      28
      30
      32
      30
      30
      34
      38
      25
      24
      24
      27
      19
      23
      20
      11
      21
      17
      22
      13
      15
      25
      24
      16
      15
      16
      17
      17
      21
      20
      19
      18
      12
      20
      21
      22
      20
      13
      13
      20
      21
      19
      15
      14
      18
      18
       8
      17
      30
      13
      13
      14
      16
      21
      15
      21
      24
      20
      16
      17
      14
      14
       9
      13
      13
      17
      17
      19
      15
      11
      14
      21
      20
      18
      24
      16
      17
      18
      16
      19
      16
      18
      19
      25
      13
      11
      18
      18
      16
      13
      10
      25
      17
      13
      15
      24
      21
      17
      11
      16
      20
      18
      19
       7
      20
      10
      14
      14
      10
      17
      14
      10
      18
      17
      21
      14
      24
      17
      18
      16
      17
      19
      12
      19
      14
      14
      25
      20
      12
      22
      12
      15
      16
      12
       9
      21
      17
      19
       9
      17
      19
      13
      16
      16
      14
      18
      22
      17
      12
      16
      12
      10
      22
      15
      14
      20
      21
      13
      17
      23
      17
      17
      14
      20
      19
      18
      17
      12
      16
      14
      24
      21
      13
       8
      13
      20
      18
      21
      21
      20
      13
      19
      18
      15
      16
      13
      21
      16
      21
      19
      11
      18
      22
      31
      19
      21
      30
      17
      14
      24
      23
      17
      24
      20
      19
      15
      13
      15
      11
      11
      12
       8
      18
      15
      17
      13
      18
      22
      17
      15
       9
      17
      10
      10
      14
      13
      14
      16
       9
      10
       7
       9
      15
      14
      15
      18
       9
      13
      19
      13
      16
       9
       6
       9
      14
      16
      16
      16
       7
      14
      12
      15
      14
      10
      11
      12
       6
       9
      10
      10
      12
      18
      14
       8
      13
      14
       8
      10
       6
      11
      12
      13
      10
       9
      10
       6
       9
      12
      12
      14
       9
      10
       8
      13
      14
       9
      10
      12
      14
      12
      17
       3
      16
      11
      13
      11
      10
      10
       8
      10
      12
      17
      15
      10
       9
      11
      14
      10
      11
      14
       9
       9
       7
       7
      11
       9
      11
      13
      12
       5
      12
      11
      11
      18
       9
      11
      13
       6
      12
      13
      11
      15
       6
       9
       8
       8
       6
       8
      10
       7
      13
      12
      11
      12
       6
      11
      10
      11
       6
      14
      16
      13
      23
      10
      18
      13
      16
      10
      11
      14
      16
      17
      10
       9
      12
       7
       7
       5
       9
      12
      11
       9
      11
       7
       7
      16
      16
      10
       6
       7
       5
      13
       8
      10
      16
      17
       8
       9
      10
       7
      15
      13
       6
      11
       7
      12
      12
      10
      10
       5
      10
       9
      10
       9
       8
       6
      11
       8
      12
      10
       7
       9
      17
       8
       9
      11
      10
       7
       8
       9
       8
       9
      11
       9
      12
       9
      11
      11
      14
       5
      10
       8
       8
       4
       7
       9
       9
       9
      10
      10
      12
      12
      10
      11
       9
      13
      10
       9
       9
      15
      12
      13
      17
      14
       8
      13
      15
      12
      11
      11
      12
      13
      10
       8
      13
       8
       5
       5
       9
       6
       7
      10
       7
      10
       9
      15
       7
      10
       5
      10
       4
       4
       7
       8
       7
       9
       4
       7
      10
       7
       6
       3
       8
      15
       8
       4
       8
       7
       9
       9
      12
      11
       9
       9
       8
       9
       6
      16
      13
       9
       5
       8
       8
       4
       6
      10
       8
       9
       7
       5
      11
       5
      13
      10
      15
      10
      11
      20
      18
      14
      24
      27
      36
      30
      27
      39
      41
      46
      56
      58
      55
      43
      56
      53
      38
      28
      26
      26
      21
      22
      25
       7
      11
       9
       7
      11
      12
       3
       5
       5
      11
       9
       8
       2
       7
      12
       8
       5
       9
      15
       5
       9
       6
       4
       5
      12
       8
       3
       7
       9
       6
      12
       4
       8
      11
       4
       7
      11
       9
       9
      10
      12
       6
       9
       5
       6
       7
       5
       5
       9
       6
       8
       9
       8
       9
       6
       8
       8
       9
       9
       8
       9
       1
       8
       9
       4
       7
       7
       9
       5
       7
       3
       7
       6
       6
       8
       6
       6
       3
       7
       7
       3
       6
       6
       6
       3
       8
       7
       3
       8
       3
       8
       7
      15
       5
       8
       5
       6
       7
       8
       7
      10
       5
       5
       4
       7
       9
      10
      11
       9
       8
       7
       8
       8
       9
       7
       7
       5
       3
       4
       5
       5
       6
       7
       3
      15
       6
       9
      14
       7
       9
       9
       9
       7
       9
      13
      16
      13
      13
      12
      11
      10
      12
       6
       7
       6
       6
       8
       5
       6
       7
       3
       2
       8
       3
       6
       3
       3
       3
       7
       8
       1
      10
       5
       5
       4
      10
       6
       4
       4
       1
       8
       3
       6
       5
       5
       4
       4
       3
       5
       3
       3
       5
       7
       6
       5
       6
       7
       5
       6
       7
       3
       6
       2
       5
       8
       4
       7
       7
       7
       6
       6
       3
       4
       7
       4
       8
       4
       1
       7
      10
       7
       7
      10
       5
       3
       6
       8
       5
       1
       5
       2
       7
       4
       4
       4
       2
       3
       4
       5
       6
       3
       1
       7
       3
       3
       4
       2
       8
       8
       3
       4
       4
       6
       4
       5
      12
       1
       4
       3
       4
       7
       5
       1
       7
      10
       6
       4
       6
       4
       6
       6
      10
      10
       3
      11
       4
       4
       5
       9
       6
       3
       2
      11
       7
       2
       8
      11
       6
       3
       5
       5
       4
      11
       2
       5
       5
       6
       6
       6
      10
       7
       5
       5
       4
       4
       5
      11
       4
       4
       6
       6
       4
       2
       2
       1
       6
       4
       5
       3
       7
       8
       8
       4
       8
       5
       5
       3
      11
       8
       9
       7
      12
      24
      20
      37
      41
      40
      39
      49
      58
      76
      82
      88
      64
      85
      80
      95
      65
      49
      53
      43
       0
       0
       0
       0
       0
       0
       0
       0
       0
       0
       0
       0
       0
       0
       0
       0
       0
       0
       0
       0
       0
       0
       0
       0
       0
       0
       0
       0
       0
       0
       0
       0
       0
       0
       0
       0
       0
       0
       0
       0
       0
       0
       0
       0
       0
       0
       0
       0
       0
       0
       0
       0
       0
       0
       0
       0
       0
       0
       0
       0
       0
       0
       0
       0
       0
       0
       0
       0
       0
       0
       0
       0
       0
       0
       0
       0
       0
       0
       0
       0
       0
       0
       0
       0
       0
       0
       0
       0
       0
       0
       0
       0
       0
       0
       0
       0
       0
       0
       0
       0
       0
       0
       0
       0
       0
       0
       0
       0
       0
       0
       0
       0
       0
       0
       0
       0
       0
       0
       0
       0
       0
       0
       0
       0
       0
       0
       0
       0
$ROI:
0
$PRESETS:
None
0
0
$ENER_FIT:
0.000000 0.383922
$MCA_CAL:
3
0.000000E+000 3.839219E-001 0.000000E+000 keV
$SHAPE_CAL:
3
0.000000E+000 0.000000E+000 0.000000E+000
