$SPEC_ID:
Cs137
$SPEC_REM:
DET# 2
DETDESC# DETECTOR 2
AP# Maestro Version 7.01
$DATE_MEA:
02/13/2017 21:25:21
$MEAS_TIM:
584 620
$DATA:
0 8191
       0
       0
       0
       0
       0
       0
       0
       0
       0
       0
       0
       0
       0
       0
       0
       0
       0
       0
       0
       0
       0
       0
       0
       0
       0
       0
       0
       0
       0
       0
       0
       0
       0
       0
       0
       0
       0
       0
       0
       0
       0
       0
       0
       0
       0
       0
       0
       0
       0
       0
       0
       0
       0
       0
       0
       0
       0
       0
       0
       0
       0
       0
       0
       0
       0
       0
       0
       0
       0
       0
       0
       0
       0
       0
       0
       0
       0
       0
       0
       0
       0
       0
       0
       0
       0
       0
       0
       0
       0
       0
       0
       0
       0
       0
       0
       0
      67
     845
    1327
    1349
    1361
    1330
    1344
    1339
    1339
    1332
    1331
    1298
    1404
    1371
    1338
    1339
    1348
    1388
    1422
    1331
    1390
    1440
    1359
    1365
    1406
    1425
    1399
    1391
    1505
    1449
    1423
    1350
    1407
    1462
    1431
    1483
    1511
    1474
    1531
    1554
    1524
    1520
    1516
    1532
    1641
    1683
    1678
    1690
    1743
    1711
    1674
    1666
    1771
    1833
    1847
    1884
    1892
    1967
    1933
    2017
    2057
    2065
    2110
    2068
    2086
    2021
    2004
    1981
    2012
    1858
    1892
    1817
    1833
    1838
    1818
    1838
    2044
    3360
    7058
   10272
    8306
    4440
    2421
    1957
    1848
    1755
    1753
    1779
    1817
    1919
    1969
    2653
    4307
    6007
    5099
    3274
    2818
    4233
    7673
    9197
    6283
    3352
    1991
    1698
    1552
    1491
    1510
    1510
    1554
    1504
    1534
    1529
    1487
    1578
    1506
    1536
    1439
    1440
    1625
    1586
    1604
    1703
    2222
    3250
    4248
    4260
    3174
    2271
    1671
    1740
    2057
    2492
    2257
    1840
    1540
    1496
    1419
    1477
    1451
    1451
    1489
    1446
    1447
    1459
    1548
    1473
    1439
    1413
    1482
    1504
    1512
    1452
    1519
    1463
    1522
    1556
    1483
    1515
    1501
    1448
    1514
    1518
    1559
    1533
    1487
    1452
    1501
    1516
    1531
    1502
    1509
    1551
    1608
    1563
    1580
    1531
    1613
    1523
    1644
    1699
    1553
    1575
    1617
    1537
    1635
    1607
    1644
    1608
    1649
    1647
    1686
    1667
    1765
    1698
    1663
    1636
    1764
    1718
    1660
    1729
    1726
    1660
    1751
    1756
    1680
    1725
    1824
    1691
    1745
    1737
    1744
    1761
    1779
    1781
    1757
    1731
    1800
    1720
    1752
    1691
    1731
    1728
    1754
    1705
    1752
    1812
    1781
    1771
    1754
    1731
    1733
    1792
    1754
    1819
    1721
    1863
    1781
    1756
    1748
    1783
    1798
    1815
    1838
    1762
    1840
    1768
    1841
    1756
    1754
    1747
    1829
    1863
    1797
    1866
    1817
    1863
    1844
    1856
    1873
    1891
    1868
    1942
    1864
    1912
    1927
    1935
    1910
    1943
    1877
    1906
    1957
    1970
    1915
    1985
    1913
    1835
    1995
    2019
    1949
    1883
    1871
    1946
    1913
    1951
    2011
    1895
    1916
    1886
    1973
    1919
    1978
    1902
    1849
    1876
    1952
    1894
    1833
    1936
    1906
    1883
    1953
    1951
    1925
    1841
    1880
    1905
    1880
    1944
    1858
    1964
    1883
    1791
    1907
    1831
    1789
    1876
    1824
    1860
    1846
    1891
    1902
    1831
    1780
    1789
    1778
    1837
    1868
    1801
    1858
    1769
    1746
    1917
    1836
    1779
    1917
    1784
    1773
    1835
    1795
    1958
    1883
    1933
    1935
    1890
    1928
    1927
    2060
    2025
    2136
    2166
    2222
    2193
    2335
    2368
    2280
    2376
    2309
    2415
    2357
    2468
    2338
    2500
    2402
    2476
    2423
    2500
    2405
    2439
    2554
    2385
    2457
    2364
    2383
    2453
    2378
    2414
    2349
    2365
    2420
    2390
    2352
    2375
    2344
    2361
    2387
    2335
    2402
    2334
    2305
    2331
    2260
    2369
    2415
    2396
    2347
    2415
    2331
    2306
    2258
    2374
    2342
    2237
    2400
    2339
    2232
    2308
    2292
    2263
    2330
    2341
    2356
    2392
    2249
    2289
    2302
    2259
    2314
    2233
    2274
    2240
    2207
    2258
    2238
    2299
    2210
    2198
    2147
    2195
    2173
    2193
    2244
    2215
    2223
    2116
    2093
    2103
    2143
    2116
    2133
    2182
    2134
    2104
    2021
    2035
    1969
    2054
    2062
    2062
    1975
    1945
    1958
    1948
    1997
    1973
    1925
    2037
    1932
    1913
    1921
    1912
    1907
    1852
    1885
    1870
    1893
    1803
    1824
    1807
    1794
    1814
    1863
    1829
    1773
    1826
    1754
    1676
    1776
    1753
    1742
    1676
    1699
    1692
    1715
    1672
    1719
    1690
    1706
    1693
    1632
    1691
    1694
    1654
    1605
    1664
    1653
    1602
    1609
    1657
    1538
    1622
    1599
    1550
    1666
    1564
    1678
    1602
    1559
    1619
    1596
    1590
    1564
    1579
    1570
    1605
    1557
    1505
    1609
    1525
    1568
    1582
    1620
    1565
    1511
    1584
    1482
    1434
    1549
    1510
    1451
    1553
    1474
    1520
    1474
    1473
    1536
    1444
    1521
    1453
    1488
    1451
    1494
    1545
    1507
    1462
    1398
    1484
    1476
    1407
    1484
    1449
    1437
    1494
    1477
    1445
    1432
    1501
    1408
    1434
    1451
    1471
    1332
    1481
    1493
    1519
    1556
    1464
    1383
    1445
    1474
    1397
    1402
    1454
    1412
    1400
    1448
    1459
    1376
    1378
    1465
    1418
    1491
    1404
    1407
    1405
    1416
    1433
    1418
    1374
    1381
    1474
    1399
    1343
    1403
    1355
    1427
    1464
    1348
    1447
    1356
    1417
    1424
    1373
    1404
    1403
    1390
    1363
    1372
    1338
    1469
    1372
    1454
    1413
    1376
    1413
    1371
    1422
    1323
    1405
    1362
    1455
    1409
    1464
    1387
    1422
    1422
    1443
    1414
    1402
    1350
    1388
    1442
    1466
    1337
    1402
    1395
    1399
    1460
    1561
    2581
    5278
    9609
   12899
   10934
    6503
    3311
    1950
    1640
    1463
    1488
    1422
    1482
    1376
    1415
    1351
    1453
    1409
    1426
    1453
    1437
    1439
    1415
    1457
    1386
    1392
    1472
    1429
    1410
    1383
    1435
    1458
    1413
    1425
    1469
    1452
    1480
    1504
    1438
    1403
    1401
    1447
    1446
    1429
    1541
    1507
    1409
    1468
    1508
    1507
    1446
    1517
    1441
    1543
    1549
    1493
    1486
    1492
    1469
    1511
    1484
    1502
    1512
    1484
    1533
    1526
    1540
    1513
    1576
    1404
    1549
    1505
    1590
    1597
    1636
    1569
    1523
    1557
    1544
    1516
    1562
    1532
    1543
    1540
    1546
    1624
    1550
    1566
    1576
    1615
    1579
    1660
    1578
    1587
    1619
    1596
    1614
    1607
    1586
    1577
    1574
    1552
    1639
    1673
    1603
    1606
    1670
    1653
    1610
    1605
    1627
    1596
    1658
    1647
    1593
    1628
    1640
    1694
    1785
    1619
    1577
    1667
    1722
    1683
    1660
    1635
    1648
    1698
    1666
    1631
    1639
    1584
    1654
    1695
    1626
    1605
    1703
    1679
    1651
    1682
    1646
    1574
    1561
    1613
    1588
    1507
    1594
    1525
    1502
    1479
    1397
    1454
    1365
    1311
    1322
    1286
    1186
    1238
    1179
    1182
    1185
    1117
    1188
    1113
    1018
    1057
    1105
    1090
    1045
     998
     998
     994
     961
    1004
     985
     884
     944
     930
     988
     871
     890
     896
     899
     840
     929
     885
     891
     793
     838
     886
     880
     866
     856
     802
     837
     825
     781
     813
     810
     744
     798
     791
     818
     754
     739
     810
     733
     759
     765
     766
     718
     740
     789
     770
     734
     710
     705
     752
     737
     796
     809
     795
     727
     789
     642
     690
     726
     721
     701
     686
     683
     692
     690
     684
     711
     968
    1404
    1867
    2071
    1651
    1236
     875
     711
     680
     639
     600
     615
     601
     649
     609
     611
     628
     635
     622
     534
     575
     579
     579
     616
     611
     558
     567
     588
     592
     531
     585
     560
     512
     528
     493
     512
     506
     569
     544
     487
     546
     544
     503
     470
     479
     472
     497
     503
     489
     486
     484
     488
     486
     485
     501
     486
     475
     452
     486
     478
     473
     455
     423
     452
     467
     448
     476
     454
     427
     472
     408
     454
     428
     405
     430
     430
     408
     441
     428
     371
     421
     395
     418
     380
     381
     405
     404
     359
     374
     392
     396
     353
     354
     387
     362
     346
     371
     360
     336
     331
     361
     385
     331
     340
     340
     348
     336
     337
     386
     335
     330
     309
     316
     318
     337
     313
     336
     377
     307
     293
     312
     303
     339
     315
     299
     307
     314
     335
     303
     287
     306
     329
     346
     295
     288
     315
     306
     324
     276
     319
     341
     269
     291
     318
     273
     296
     287
     300
     276
     317
     279
     269
     285
     279
     293
     294
     292
     324
     278
     257
     282
     271
     285
     304
     299
     290
     284
     292
     274
     286
     280
     312
     279
     284
     265
     305
     291
     273
     295
     289
     267
     301
     292
     329
     268
     265
     267
     279
     269
     316
     259
     285
     259
     271
     285
     278
     297
     283
     311
     271
     260
     300
     264
     264
     311
     280
     273
     260
     275
     270
     276
     274
     267
     259
     264
     251
     277
     280
     263
     248
     273
     263
     254
     283
     244
     277
     259
     266
     264
     246
     262
     272
     257
     277
     273
     268
     243
     252
     243
     267
     243
     246
     255
     229
     238
     284
     260
     215
     265
     259
     261
     236
     258
     254
     260
     256
     260
     244
     228
     263
     263
     244
     242
     219
     207
     249
     243
     234
     211
     216
     233
     237
     243
     203
     230
     211
     234
     230
     221
     202
     213
     212
     222
     222
     224
     193
     207
     212
     226
     212
     223
     202
     258
     211
     221
     233
     204
     224
     222
     206
     225
     197
     202
     186
     206
     218
     203
     206
     197
     219
     216
     225
     200
     238
     215
     238
     212
     192
     228
     216
     241
     238
     182
     200
     194
     217
     242
     201
     207
     236
     234
     201
     191
     225
     235
     239
     240
     252
     255
     242
     252
     203
     249
     253
     264
     246
     297
     303
     371
     417
     557
     761
    1160
    1832
    3132
    5454
    9536
   15707
   24982
   35784
   48511
   58962
   64140
   62419
   53657
   41747
   29727
   19767
   11825
    7002
    4025
    2273
    1401
     891
     532
     491
     322
     333
     255
     246
     246
     236
     215
     180
     178
     187
     187
     171
     161
     171
     160
     190
     159
     184
     154
     187
     156
     178
     171
     161
     155
     148
     175
     140
     142
     128
     170
     208
     243
     277
     308
     257
     217
     150
     143
     138
     147
     141
     136
     144
     147
     124
     144
     123
     137
     127
     112
     117
     114
     131
     131
     117
     116
     110
     141
     125
     118
     119
     126
     127
     101
     123
     131
      98
     135
     121
     114
     112
     112
     130
     115
     124
     120
     107
     127
     107
     103
     108
     116
     106
     101
      96
     101
     113
     109
     117
      97
      84
     101
     117
     102
     103
      94
     114
      73
      89
     117
      86
     111
     103
      78
     102
      88
     109
      85
     101
      88
      89
     112
     111
     107
      98
     100
      99
      87
      89
     116
      97
      97
      89
      99
     102
      86
      90
      86
      91
     106
      86
      85
      99
     101
     100
      80
      86
      95
      94
      99
      83
     106
      87
      99
      92
      99
     107
     102
     103
     105
      98
      90
      96
      91
      91
      85
     116
     105
      81
      81
     101
      91
      92
     110
      88
     105
     102
     110
      82
     104
      96
      80
      90
      89
     104
     108
     113
      87
      97
     110
      91
     113
      98
     120
     170
     253
     428
     516
     510
     409
     248
     142
      95
      88
      74
      88
      91
      80
      83
      75
      76
      73
      81
      94
      90
      94
      72
      67
      89
      73
      67
      63
      71
      85
      69
      75
      68
      77
      87
      71
      89
      68
      82
      64
      70
      74
      89
      84
      79
      72
      68
      72
      63
      89
      88
      71
      74
      70
      71
      78
      77
      72
      73
      79
      76
      83
      82
      73
      68
      74
      77
      79
      64
      79
      80
      74
      74
      63
      73
      83
      87
      72
      71
      81
      79
      79
      75
      66
      68
      62
      83
      53
      64
      76
      58
      78
      62
      66
      67
      75
      67
      69
      75
      73
      82
      76
      79
      70
      79
      64
      68
      88
      72
      65
      62
      83
      86
      69
      62
      68
      73
      71
      83
      58
      63
      66
      74
      53
      76
      61
      84
      79
      54
      66
      59
      66
      62
      73
      63
      84
      71
      78
      60
      73
      64
      76
      79
      71
      74
      72
      75
      74
      66
      67
      64
      77
      77
      73
      61
      72
      83
      79
      70
      64
      72
      82
      73
      63
      68
      71
      56
      74
      73
      71
      76
      68
      78
     112
     242
     495
    1064
    2071
    3048
    3650
    3192
    2208
    1191
     541
     197
      98
      66
      78
      84
      71
      65
      62
      71
      70
      71
      57
      60
      59
      70
      67
      66
      62
      54
      73
      53
      58
      67
      61
      57
      64
      57
      65
      51
      57
      81
      59
      73
      63
      56
      76
      68
      75
      64
      58
      67
      70
      62
      65
      56
      65
      64
      42
      62
      64
      70
      70
      71
      81
      78
      65
      62
      95
      97
      93
      98
      83
      84
      98
      87
     106
     102
      98
      79
      85
      76
     102
      77
      64
      77
      65
      62
      67
      55
      52
      73
      60
      68
      60
      71
      67
      61
      63
      55
      77
      47
      57
      59
      69
      58
      56
      66
      57
      56
      50
      47
      55
      50
      67
      54
      54
      54
      52
      66
      59
      58
      54
      44
      59
      55
      47
      50
      58
      49
      53
      62
      43
      50
      46
      54
      52
      45
      68
      51
      61
      40
      53
      55
      52
      51
      46
      50
      31
      45
      49
      55
      51
      52
      36
      53
      44
      52
      42
      47
      53
      57
      39
      57
      46
      42
      50
      41
      49
      41
      42
      38
      52
      36
      51
      56
      41
      48
      52
      44
      53
      50
      59
      45
      38
      45
      49
      51
      41
      45
      56
      45
      41
      48
      22
      44
      52
      43
      34
      43
      44
      42
      42
      34
      41
      53
      39
      44
      37
      46
      51
      44
      38
      31
      47
      30
      44
      28
      32
      42
      48
      31
      37
      37
      51
      46
      45
      38
      41
      32
      44
      27
      49
      33
      37
      31
      28
      37
      33
      43
      46
      40
      28
      39
      44
      32
      39
      39
      41
      42
      40
      29
      45
      37
      44
      30
      37
      40
      43
      38
      34
      41
      40
      39
      32
      33
      43
      41
      26
      28
      42
      30
      28
      39
      39
      40
      38
      44
      38
      22
      34
      51
      37
      41
      40
      49
      35
      49
      40
      50
      36
      43
      41
      38
      40
      37
      36
      44
      39
      40
      42
      42
      31
      43
      35
      29
      38
      33
      42
      37
      36
      51
      37
      34
      47
      29
      40
      38
      43
      47
      31
      32
      33
      35
      38
      26
      28
      36
      38
      32
      35
      43
      31
      33
      43
      28
      31
      30
      42
      28
      41
      36
      41
      35
      40
      33
      41
      39
      41
      41
      26
      35
      30
      39
      23
      43
      25
      33
      36
      34
      27
      41
      41
      59
      41
      47
      43
      52
      50
      46
      33
      37
      36
      36
      32
      31
      41
      40
      38
      34
      34
      25
      30
      26
      36
      26
      29
      40
      35
      33
      39
      35
      40
      31
      26
      27
      29
      31
      45
      30
      26
      37
      28
      35
      27
      68
      63
     112
     122
     145
     168
     108
      65
      54
      36
      30
      39
      38
      39
      38
      34
      68
      79
      85
     123
     128
     122
      84
      57
      38
      51
      39
      25
      47
      34
      31
      32
      35
      40
      33
      28
      34
      38
      28
      30
      29
      38
      28
      33
      24
      20
      34
      25
      38
      24
      28
      35
      31
      34
      36
      26
      30
      34
      26
      27
      37
      26
      35
      29
      33
      32
      31
      30
      26
      35
      35
      31
      24
      25
      27
      31
      31
      24
      23
      34
      47
      59
      67
      89
      80
      83
      49
      46
      32
      30
      30
      17
      28
      34
      44
      77
      96
     121
     131
     119
     104
      66
      40
      36
      31
      27
      27
      32
      27
      18
      30
      33
      26
      29
      28
      30
      32
      26
      17
      31
      26
      20
      33
      22
      38
      27
      38
      31
      26
      38
      38
      24
      32
      26
      23
      26
      17
      28
      27
      23
      30
      22
      35
      34
      19
      28
      27
      23
      27
      33
      30
      23
      19
      28
      27
      31
      22
      23
      29
      22
      27
      24
      28
      29
      29
      24
      27
      23
      31
      32
      23
      20
      31
      19
      32
      27
      26
      16
      24
      25
      30
      32
      24
      27
      23
      23
      32
      26
      20
      25
      28
      28
      22
      30
      25
      33
      31
      36
      24
      26
      16
      24
      23
      29
      31
      25
      34
      21
      18
      22
      34
      23
      29
      19
      29
      18
      28
      28
      21
      30
      23
      26
      28
      29
      30
      16
      34
      20
      18
      28
      32
      32
      26
      27
      24
      21
      34
      24
      22
      31
      38
      46
      45
      51
      34
      37
      37
      33
      39
      34
      27
      33
      28
      43
      39
      72
     107
     189
     238
     275
     251
     188
     121
      68
      35
      40
      21
      25
      27
      31
      43
      21
      23
      23
      24
      18
      27
      22
      23
      23
      34
      22
      21
      24
      28
      22
      20
      22
      26
      16
      21
      22
      31
      23
      21
      30
      16
      24
      14
      18
      32
      21
      23
      18
      28
      17
      20
      25
      25
      23
      20
      24
      28
      29
      30
      27
      26
      32
      28
      29
      12
      35
      30
      22
      32
      21
      14
      30
      25
      21
      23
      22
      20
      17
      25
      20
      35
      35
      17
      24
      19
      16
      27
      26
      23
      16
      23
      23
      32
      21
      22
      19
      30
      23
      27
      25
      17
      26
      21
      20
      27
      25
      18
      19
      25
      23
      14
      25
      31
      30
      26
      19
      29
      23
      24
      22
      23
      26
      18
      26
      21
      17
      29
      23
      34
      24
      27
      19
      27
      32
      21
      20
      34
      20
      26
      26
      25
      17
      21
      22
      24
      34
      28
      22
      26
      29
      31
      29
      28
      29
      25
      27
      21
      24
      23
      16
      18
      27
      21
      16
      26
      32
      21
      22
      18
      24
      23
      29
      27
      17
      19
      29
      19
      20
      24
      15
      30
      22
      22
      21
      12
      18
      23
      18
      18
      15
      28
      27
      20
      19
      12
      16
      15
      23
      20
      22
      19
      22
      24
      14
      19
      21
      13
       9
      21
      14
      18
      22
      18
      19
      20
      18
      22
      14
      17
      24
      16
      22
      16
      16
      19
      17
      15
      20
      15
      16
      18
      18
      19
      12
      31
      17
      22
      15
      15
      21
      18
      21
      20
      14
      16
      26
      22
      18
      18
      20
      15
      18
      19
      20
      16
      17
      19
      20
      16
      26
      16
      15
      22
      29
      12
      29
      19
      18
      23
      17
      16
      26
      18
      23
      27
      22
      15
      23
      24
      20
      20
      19
      23
      14
      19
      15
      29
      25
      19
      18
      17
      29
      35
      22
      28
      37
      31
      27
      20
      17
      20
      25
      13
      18
      11
      13
      15
       6
       6
      12
      12
      17
      15
       9
      15
       7
       6
       8
      10
      19
      20
      10
      15
      15
      23
      24
      22
      18
      21
      13
       9
      10
       6
      12
       6
      17
      17
      17
      17
      18
      31
      22
      23
      17
      18
      13
      12
      11
      13
      10
       9
      14
      11
       7
      13
       8
       8
      16
       8
      15
       9
       8
      17
      13
      13
       8
       5
       6
       7
       8
      10
      13
       8
      13
      12
       6
      12
       6
      11
       7
       4
       6
       8
      11
      12
      10
       7
       9
      13
      11
       5
       5
       7
       8
       7
      11
       6
       9
       9
       8
       8
      20
       5
       8
      14
      10
      12
      13
      15
       7
      16
      22
      10
      14
       9
      14
      16
      11
       8
       4
       7
       4
       6
       8
       4
       4
       4
      10
      16
      17
       8
      11
      19
      25
      17
      12
       9
       7
       7
       9
       7
       5
       8
       7
       5
       7
       7
      13
       6
       7
      11
       9
      12
       2
       7
       7
       8
       2
      11
      11
       7
       9
       7
       7
       5
       8
       4
       5
       8
       4
       5
       5
      13
       3
      14
       7
       9
       4
       6
       2
       2
       8
       6
       8
       8
       9
       4
      11
       6
       9
       5
       8
       4
       7
       9
       8
      11
      20
      29
      43
      60
      53
      38
      30
      18
      12
       7
       6
       7
       3
       6
       6
       3
       8
       7
      10
      10
       9
      10
       4
       7
       4
       5
       3
       5
       6
       8
       5
       4
       4
       4
       8
       4
      10
       8
      15
       4
      22
      29
      51
      58
      68
      99
      94
      69
      49
      31
      23
      25
      14
      11
      10
      11
       9
       4
       5
       3
       8
       6
       4
       7
       7
      10
       6
       8
       8
       6
      11
       7
       5
       4
       8
       5
       1
       5
       8
       5
       4
       8
       5
       4
       3
      14
      17
      23
      25
      13
      18
      13
      21
       9
       9
       6
       6
       4
       4
       5
       6
       5
       7
       8
       2
       5
       5
       3
       7
       8
       6
       8
       8
       4
       6
       6
       4
       6
       3
       2
       8
       4
       8
       6
       6
       7
       2
       5
       7
       7
       8
       7
      11
       4
       6
       7
       5
       5
       4
       5
       9
       8
       6
       3
       6
       5
       6
       2
       4
       6
       7
       7
       9
       9
       3
       2
       5
       1
       3
       5
       7
       7
       6
       5
       4
       8
       7
       8
       3
       7
       2
       6
       7
      11
       8
       7
       4
       5
       7
       4
      10
       5
       7
       6
       5
       5
      12
       3
       3
       7
      11
       9
       3
       3
       5
       5
       5
       6
       6
       5
       9
       7
       9
       9
       9
       2
       2
       3
       5
       4
       3
       5
       2
       5
       6
       5
       8
      10
      17
      22
      45
      96
     113
     196
     368
     461
     577
     608
     568
     422
     243
     138
      65
      31
      14
       7
       8
       7
       5
       6
       5
       5
       4
       3
       5
       3
       7
       1
       6
       4
       7
       3
       3
       3
       4
       3
       4
       3
       4
      12
       5
       5
       9
       3
       4
       9
       4
       6
       2
       4
       5
       4
       2
       5
       7
       2
       3
       4
       5
       9
       2
       4
       9
       2
       6
       3
       3
       3
       8
       1
       5
       5
       5
       6
       2
       4
       5
       7
       6
       4
       5
       3
       5
       4
       8
       2
       5
       1
       3
       6
      10
       3
       7
       5
       3
       3
       1
       3
       3
       2
       4
       4
       5
       6
       4
       8
       4
       4
       4
       9
       8
       5
       5
       0
       3
       1
       7
       4
       5
       5
       6
       2
       4
       2
       6
       3
       3
       3
       5
       3
       3
       3
       2
       7
       8
       3
       4
       5
       5
       6
      20
      24
      24
      39
      42
      42
      41
      42
      19
      20
       9
       3
       3
       6
       4
       7
       3
       2
       2
       7
       2
       5
       4
      10
       5
       5
       2
       2
       5
       6
       6
       3
       5
       2
       6
       5
       4
       5
       6
       3
       3
       3
       1
       7
       4
       3
       2
       2
       3
       3
       5
       9
       1
       7
       2
       6
       3
       4
       1
       6
       2
      11
       2
       4
       2
       4
       6
       4
       2
       1
       4
       2
       2
       8
       5
       4
       6
       7
       6
       2
       2
       4
       5
       2
       3
       3
       1
       2
       5
       2
       2
       5
       5
       2
       4
       1
       4
       2
       1
       2
       2
       2
       3
       3
       4
       3
       4
       5
       0
       5
       2
       2
       2
       7
       0
       3
       4
       4
       3
       3
       3
       3
       2
       5
       3
       5
       3
       6
       1
       4
       4
       3
       5
       1
       2
       2
       3
       2
       5
       3
       3
       4
       2
       2
       2
       6
       4
       1
       3
       4
       7
       1
       5
       2
       1
       3
       7
       2
       2
       3
       3
       2
       2
       5
       5
       1
       2
       2
       4
       3
       3
       2
       4
       2
       2
       5
       1
       1
       2
       3
       3
       1
       4
       5
       2
       3
       3
       2
       5
       1
       4
       3
       4
       3
       1
       2
       2
       4
       0
       0
       2
       2
       0
       0
       4
       7
       5
       4
       3
       2
       5
       0
       1
       4
       4
       3
       5
       2
       1
       2
       2
       2
       3
       3
       1
       1
       5
       4
       4
       4
       5
       3
       1
       2
       2
       2
       3
       1
       0
       5
       1
       1
       4
       2
       2
       3
       0
       7
       0
       1
       0
       5
       2
       4
       3
       4
       5
       4
       0
       4
       6
       1
       1
       3
       2
       3
       3
       2
       5
       6
       2
       3
       2
       1
       3
       4
       4
       4
       2
       3
       1
       4
       9
       5
       9
       7
       7
       8
       2
       5
       4
       2
       1
       0
       2
       4
       4
       2
       4
       4
       1
       1
       0
       1
       3
       5
       4
       2
       2
       0
       3
       3
       3
       0
       3
       2
       3
       3
       2
       5
       1
       4
       1
       3
       4
       4
       4
       0
       4
       1
       3
       0
       3
       0
       2
       3
       1
       2
       3
       2
       2
       1
       4
       4
       6
       7
       5
       0
       1
       2
       5
       3
       1
       0
       1
       0
       2
       2
       3
       1
       2
       1
       1
       4
       2
       6
       3
       4
      15
       1
       6
       3
       2
       1
       2
       3
       1
       1
       1
       2
       0
       3
       0
       0
       1
       2
       1
       1
       1
       0
       1
       2
       2
       2
       3
       1
       1
       0
       4
       1
       3
       0
       1
       0
       1
       4
       0
       1
       2
       1
       1
       1
       2
       2
       1
       2
       3
       2
       6
       1
       2
       0
       1
       2
       3
       2
       0
       0
       2
       0
       0
       0
       2
       2
       3
       2
       2
       0
       2
       0
       1
       1
       1
       1
       1
       1
       0
       1
       1
       1
       5
       2
       0
       1
       1
       0
       1
       1
       1
       2
       0
       2
       0
       0
       1
       4
       2
       1
       4
       1
       0
       1
       0
       3
       1
       0
       0
       2
       1
       3
       2
       0
       1
       0
       1
       2
       1
       2
       1
       0
       1
       2
       1
       1
       1
       1
       3
       0
       0
       3
       1
       1
       0
       2
       0
       1
       1
       1
       0
       1
       2
       5
       2
       3
       0
       2
       2
       2
       0
       1
       2
       1
       2
       1
       0
       2
       1
       0
       1
       2
       1
       1
       0
       1
       0
       1
       0
       1
       3
       2
       2
       1
       2
       3
       2
       4
       7
       7
       8
       4
       5
       5
       3
       0
       1
       1
       1
       0
       0
       0
       2
       0
       0
       0
       0
       2
       2
       1
       0
       0
       1
       0
       0
       1
       1
       1
       1
       0
       1
       2
       4
       0
       1
       0
       2
       2
       1
       0
       1
       0
       1
       0
       3
       1
       2
       2
       2
       1
       0
       0
       0
       0
       0
       0
       0
       1
       3
       1
       2
       0
       1
       2
       0
       1
       2
       2
       3
       2
       2
       3
       1
       2
       0
       1
       2
       5
       2
       2
       0
       0
       7
       5
      10
      22
      20
      36
      62
      69
     113
      81
      86
      81
      52
      52
      19
      15
       7
       2
       2
       2
       1
       2
       2
       2
       0
       1
       3
       0
       0
       0
       1
       0
       5
       1
       0
       0
       2
       0
       0
       0
       2
       0
       1
       1
       0
       1
       1
       1
       2
       2
       1
       2
       0
       0
       2
       2
       1
       1
       1
       0
       1
       2
       1
       1
       1
       1
       2
       2
       0
       2
       1
       0
       1
       2
       2
       4
       1
       1
       1
       0
       2
       1
       3
       0
       5
       0
       0
       0
       3
       1
       0
       1
       1
       0
       1
       1
       0
       1
       0
       0
       0
       0
       0
       1
       0
       0
       1
       2
       1
       1
       1
       2
       0
       2
       1
       0
       0
       1
       1
       2
       2
       0
       1
       2
       2
       0
       1
       2
       1
       2
       4
       0
       0
       2
       1
       2
       0
       0
       0
       2
       0
       0
       0
       2
       0
       1
       2
       1
       0
       1
       0
       0
       0
       0
       0
       2
       0
       0
       1
       2
       2
       3
       1
       4
       4
       1
       6
       8
       2
       3
       2
       5
       2
       2
       1
       1
       0
       1
       1
       0
       0
       0
       0
       0
       0
       2
       1
       1
       0
       0
       2
       0
       1
       2
       0
       3
       1
       0
       0
       1
       0
       0
       0
       0
       3
       1
       0
       1
       1
       0
       0
       1
       1
       0
       1
       0
       2
       0
       0
       1
       0
       0
       1
       0
       1
       0
       0
       0
       0
       0
       2
       1
       1
       1
       0
       1
       2
       0
       0
       1
       1
       1
       3
       0
       2
       1
       1
       0
       1
       1
       3
       0
       0
       0
       0
       0
       2
       1
       2
       2
       2
       0
       1
       2
       0
       1
       0
       2
       0
       0
       0
       0
       0
       2
       1
       0
       0
       1
       1
       0
       1
       0
       0
       0
       1
       0
       0
       1
       0
       0
       0
       2
       0
       0
       1
       1
       1
       0
       1
       0
       0
       0
       1
       0
       1
       0
       1
       1
       0
       1
       0
       0
       1
       1
       1
       0
       0
       1
       1
       1
       2
       1
       1
       0
       0
       0
       0
       0
       0
       0
       0
       0
       0
       0
       0
       1
       2
       0
       0
       2
       3
       5
       2
       5
       2
       4
       4
       3
       1
       1
       1
       0
       1
       0
       1
       0
       0
       1
       1
       0
       2
       1
       1
       1
       0
       1
       0
       0
       1
       0
       0
       1
       0
       2
       1
       1
       1
       4
       3
       0
       0
       0
       1
       2
       1
       0
       0
       0
       2
       1
       0
       0
       1
       0
       0
       0
       1
       0
       0
       1
       1
       1
       0
       0
       0
       0
       1
       1
       1
       0
       1
       0
       0
       1
       0
       1
       1
       1
       0
       0
       0
       0
       0
       0
       0
       1
       1
       1
       0
       0
       0
       0
       0
       1
       0
       0
       0
       0
       0
       1
       1
       1
       0
       0
       0
       0
       1
       0
       1
       0
       1
       1
       0
       1
       0
       0
       0
       1
       1
       1
       1
       1
       0
       0
       1
       0
       0
       1
       1
       1
       1
       2
       0
       0
       3
       0
       2
       6
       6
       8
       6
       4
       3
       2
       0
       0
       1
       1
       1
       1
       0
       0
       0
       0
       0
       1
       0
       1
       0
       0
       0
       1
       0
       0
       0
       1
       1
       0
       1
       3
       0
       0
       1
       1
       1
       1
       1
       1
       1
       0
       0
       1
       1
       1
       0
       1
       1
       0
       0
       0
       0
       0
       0
       0
       0
       0
       0
       0
       0
       1
       0
       0
       0
       0
       0
       1
       0
       1
       2
       0
       0
       2
       1
       0
       0
       0
       0
       1
       1
       2
       1
       1
       2
       0
       1
       0
       0
       0
       0
       3
       0
       0
       1
       1
       0
       1
       2
       0
       1
       1
       0
       1
       0
       0
       1
       0
       1
       1
       0
       1
       1
       0
       0
       0
       0
       0
       0
       1
       1
       0
       0
       0
       0
       0
       1
       0
       0
       0
       0
       0
       0
       2
       2
       0
       0
       1
       1
       0
       0
       1
       0
       0
       0
       1
       0
       1
       1
       2
       0
       0
       0
       0
       0
       0
       0
       0
       1
       2
       1
       1
       1
       0
       3
       1
       4
       2
       0
       2
       2
       0
       0
       6
       4
       4
       6
       5
       2
       4
       3
       4
       1
       1
       2
       0
       0
       2
       0
       1
       1
       1
       0
       0
       0
       1
       0
       0
       0
       0
       0
       0
       0
       1
       0
       0
       1
       0
       0
       2
       0
       0
       0
       1
       0
       2
       0
       0
       0
       0
       0
       1
       0
       1
       0
       1
       0
       1
       0
       0
       1
       0
       0
       0
       0
       0
       2
       0
       0
       1
       0
       0
       0
       0
       1
       1
       0
       0
       1
       0
       1
       2
       0
       0
       0
       0
       0
       1
       0
       0
       0
       0
       1
       0
       1
       0
       1
       0
       0
       0
       0
       1
       0
       0
       0
       1
       1
       2
       1
       1
       3
       5
       4
       5
       8
       9
       4
       4
       5
       0
       1
       1
       0
       1
       0
       0
       0
       0
       0
       1
       1
       0
       1
       0
       2
       0
       0
       0
       1
       2
       1
       0
       1
       1
       1
       0
       0
       0
       0
       0
       1
       1
       0
       0
       0
       0
       0
       1
       0
       0
       0
       1
       2
       0
       0
       0
       1
       0
       2
       1
       0
       0
       0
       0
       0
       1
       1
       0
       0
       0
       2
       0
       0
       0
       0
       0
       0
       0
       0
       0
       0
       0
       1
       0
       1
       0
       1
       0
       0
       0
       0
       0
       1
       1
       0
       0
       1
       1
       1
       1
       1
       0
       0
       1
       0
       0
       2
       1
       0
       1
       0
       0
       0
       0
       1
       1
       0
       0
       1
       0
       1
       0
       0
       0
       0
       0
       0
       0
       0
       0
       0
       0
       0
       0
       0
       0
       0
       2
       0
       0
       2
       0
       0
       0
       0
       0
       0
       0
       0
       0
       0
       0
       1
       0
       0
       0
       1
       1
       0
       0
       0
       0
       1
       2
       1
       1
       0
       0
       0
       1
       1
       0
       0
       0
       0
       1
       1
       1
       0
       0
       0
       1
       0
       2
       1
       2
       0
       1
       0
       1
       0
       0
       1
       0
       0
       0
       0
       0
       0
       0
       0
       1
       0
       0
       0
       0
       0
       0
       1
       1
       1
       0
       0
       0
       1
       0
       0
       0
       0
       0
       0
       1
       0
       0
       0
       1
       0
       1
       1
       0
       0
       0
       0
       2
       0
       0
       0
       0
       1
       0
       0
       1
       0
       0
       2
       2
       0
       0
       0
       0
       0
       0
       1
       0
       0
       0
       0
       1
       0
       0
       1
       0
       1
       0
       0
       0
       0
       0
       0
       2
       0
       0
       0
       1
       0
       0
       1
       0
       1
       0
       0
       0
       0
       0
       0
       0
       0
       0
       0
       1
       0
       0
       0
       1
       0
       0
       0
       0
       0
       0
       0
       0
       0
       0
       0
       0
       0
       1
       2
       1
       0
       0
       1
       0
       0
       0
       1
       0
       0
       0
       0
       0
       0
       0
       0
       0
       0
       0
       0
       0
       0
       0
       0
       0
       0
       0
       1
       0
       0
       1
       1
       0
       1
       0
       0
       0
       0
       0
       0
       0
       0
       0
       0
       0
       0
       0
       0
       0
       0
       0
       0
       0
       0
       0
       0
       1
       0
       1
       0
       1
       0
       0
       1
       1
       0
       0
       0
       0
       0
       0
       1
       0
       0
       0
       0
       0
       1
       0
       1
       0
       0
       0
       0
       1
       1
       0
       0
       0
       0
       0
       0
       1
       1
       1
       0
       0
       0
       0
       0
       0
       0
       0
       1
       0
       0
       0
       0
       0
       1
       0
       0
       1
       0
       1
       0
       0
       0
       0
       0
       0
       0
       0
       0
       0
       0
       0
       1
       0
       0
       0
       0
       1
       1
       1
       0
       0
       1
       0
       0
       0
       0
       0
       0
       0
       0
       0
       0
       0
       1
       1
       0
       0
       0
       0
       0
       0
       0
       0
       0
       0
       1
       0
       0
       0
       0
       0
       0
       0
       0
       0
       0
       0
       0
       1
       0
       0
       0
       0
       0
       0
       0
       1
       0
       0
       0
       0
       0
       0
       0
       0
       0
       1
       0
       0
       0
       1
       1
       0
       0
       0
       0
       0
       0
       0
       1
       0
       0
       1
       1
       0
       0
       0
       0
       0
       1
       1
       1
       0
       0
       0
       0
       0
       0
       0
       0
       0
       0
       0
       2
       0
       0
       0
       1
       0
       0
       0
       0
       0
       0
       0
       0
       0
       0
       0
       0
       0
       0
       0
       0
       0
       0
       0
       0
       0
       0
       0
       0
       0
       1
       0
       1
       0
       0
       1
       1
       1
       0
       0
       0
       0
       0
       0
       0
       0
       0
       0
       0
       0
       1
       0
       0
       0
       0
       0
       0
       0
       0
       0
       1
       0
       0
       0
       1
       0
       0
       1
       0
       0
       0
       0
       0
       0
       0
       0
       0
       0
       0
       1
       0
       0
       0
       0
       0
       0
       0
       0
       0
       1
       0
       0
       0
       0
       1
       0
       0
       0
       0
       0
       0
       2
       1
       2
       1
       2
       0
       0
       1
       0
       0
       0
       0
       0
       0
       0
       0
       1
       0
       0
       0
       0
       0
       0
       0
       0
       1
       2
       0
       0
       0
       0
       0
       0
       0
       0
       0
       0
       0
       0
       0
       0
       0
       0
       1
       0
       0
       4
       4
       2
       1
       2
       4
       2
       2
       2
       2
       2
       1
       1
       5
       2
       0
       0
       0
       0
       0
       1
       0
       1
       0
       0
       0
       0
       1
       0
       0
       1
       0
       0
       0
       0
       0
       1
       0
       0
       0
       0
       0
       1
       1
       1
       0
       1
       0
       0
       0
       0
       0
       0
       0
       0
       0
       0
       0
       0
       0
       0
       0
       0
       0
       0
       0
       1
       0
       0
       0
       0
       0
       0
       0
       0
       0
       0
       0
       0
       0
       0
       0
       0
       0
       0
       0
       1
       0
       0
       0
       0
       0
       0
       0
       0
       0
       1
       1
       0
       0
       1
       0
       0
       0
       0
       0
       0
       1
       1
       0
       0
       0
       0
       1
       0
       0
       0
       0
       0
       0
       1
       0
       2
       0
       0
       0
       0
       0
       0
       0
       0
       0
       0
       0
       0
       0
       1
       1
       0
       0
       1
       1
       2
       0
       0
       0
       0
       0
       2
       0
       1
       0
       1
       0
       0
       0
       0
       0
       0
       0
       1
       0
       0
       0
       1
       0
       0
       1
       0
       1
       1
       0
       0
       0
       0
       0
       0
       1
       0
       0
       0
       0
       0
       0
       0
       0
       0
       0
       0
       0
       0
       1
       0
       0
       0
       0
       0
       1
       0
       0
       0
       0
       0
       0
       0
       0
       0
       0
       0
       0
       0
       0
       0
       1
       0
       0
       0
       0
       0
       0
       0
       2
       0
       1
       0
       0
       0
       0
       0
       0
       0
       1
       0
       3
       1
       2
       1
       1
       0
       3
       2
       6
       1
       3
       1
       2
       0
       0
       0
       0
       0
       0
       0
       0
       1
       0
       0
       0
       0
       0
       0
       0
       0
       0
       0
       0
       0
       0
       0
       0
       1
       0
       0
       0
       0
       0
       0
       0
       0
       0
       0
       0
       0
       0
       0
       0
       1
       0
       0
       0
       0
       0
       0
       0
       0
       0
       1
       0
       0
       0
       1
       0
       1
       0
       0
       0
       0
       1
       1
       0
       0
       0
       1
       1
       0
       0
       0
       0
       0
       0
       0
       0
       0
       0
       1
       0
       0
       0
       0
       0
       1
       0
       0
       0
       0
       0
       0
       0
       0
       0
       1
       0
       0
       0
       0
       0
       0
       0
       1
       0
       0
       0
       0
       0
       0
       0
       0
       0
       0
       0
       1
       0
       0
       0
       0
       1
       0
       0
       0
       0
       0
       0
       0
       0
       0
       0
       0
       0
       0
       0
       0
       0
       0
       0
       0
       1
       0
       1
       1
       1
       0
       0
       0
       0
       0
       0
       0
       0
       0
       0
       0
       0
       0
       0
       0
       0
       0
       0
       0
       0
       1
       0
       0
       0
       0
       0
       0
       0
       0
       0
       0
       0
       1
       1
       1
       1
       0
       0
       1
       1
       0
       0
       0
       0
       0
       0
       1
       0
       0
       0
       1
       0
       0
       0
       0
       0
       0
       0
       0
       0
       0
       0
       0
       0
       0
       0
       0
       0
       0
       0
       0
       0
       0
       0
       2
       1
       0
       1
       1
       1
       0
       0
       0
       0
       1
       0
       0
       0
       0
       0
       0
       0
       0
       0
       0
       0
       0
       0
       0
       1
       0
       0
       1
       0
       0
       0
       0
       0
       0
       0
       0
       0
       2
       0
       0
       0
       1
       0
       0
       1
       0
       0
       0
       0
       0
       0
       0
       0
       1
       2
       1
       0
       0
       0
       0
       0
       0
       0
       0
       0
       0
       0
       0
       0
       0
       0
       0
       1
       0
       0
       1
       0
       1
       0
       0
       0
       0
       0
       0
       1
       0
       0
       1
       1
       0
       0
       0
       1
       0
       0
       1
       0
       0
       0
       0
       0
       0
       0
       0
       0
       0
       0
       0
       0
       0
       0
       0
       0
       0
       0
       0
       0
       0
       0
       0
       0
       1
       0
       1
       0
       0
       0
       0
       1
       0
       0
       2
       0
       0
       0
       0
       0
       0
       0
       0
       0
       0
       0
       0
       0
       1
       0
       2
       0
       0
       0
       0
       0
       1
       0
       0
       0
       0
       0
       0
       0
       0
       0
       0
       0
       0
       0
       0
       0
       0
       2
       1
       0
       0
       0
       0
       0
       0
       0
       0
       1
       0
       0
       0
       1
       1
       0
       0
       0
       0
       0
       0
       0
       0
       0
       0
       0
       0
       1
       0
       0
       0
       0
       0
       1
       1
       1
       0
       0
       0
       0
       0
       0
       0
       0
       0
       0
       0
       0
       0
       0
       1
       0
       0
       2
       0
       0
       0
       0
       0
       0
       0
       0
       1
       1
       0
       1
       0
       0
       0
       0
       0
       0
       1
       0
       0
       0
       0
       0
       0
       0
       0
       0
       0
       0
       1
       0
       0
       0
       0
       0
       0
       0
       0
       0
       0
       0
       0
       1
       0
       0
       0
       0
       0
       1
       0
       0
       0
       0
       0
       0
       0
       0
       0
       0
       0
       0
       0
       0
       0
       0
       0
       0
       0
       0
       0
       0
       0
       0
       0
       0
       0
       0
       1
       1
       0
       0
       1
       0
       0
       1
       0
       0
       2
       0
       0
       0
       0
       0
       0
       0
       0
       0
       0
       0
       0
       0
       1
       0
       0
       0
       2
       1
       0
       0
       0
       0
       0
       0
       0
       0
       0
       0
       0
       0
       1
       0
       0
       0
       0
       1
       0
       0
       0
       0
       0
       0
       0
       0
       0
       0
       0
       0
       0
       1
       2
       2
       0
       0
       1
       0
       0
       0
       1
       1
       0
       1
       0
       0
       0
       0
       0
       0
       0
       3
       0
       0
       0
       0
       0
       0
       0
       0
       0
       2
       0
       0
       0
       0
       0
       0
       0
       0
       0
       0
       0
       0
       0
       0
       1
       1
       1
       0
       0
       1
       0
       0
       0
       1
       0
       0
       0
       0
       0
       0
       1
       0
       0
       0
       0
       0
       0
       0
       0
       0
       0
       0
       0
       0
       0
       0
       0
       0
       0
       0
       0
       0
       0
       0
       0
       0
       0
       0
       0
       0
       0
       0
       0
       0
       0
       0
       0
       0
       0
       0
       0
       0
       0
       0
       0
       0
       0
       0
       0
       0
       0
       0
       1
       0
       0
       0
       0
       0
       0
       0
       0
       0
       1
       0
       0
       0
       0
       0
       1
       0
       0
       0
       1
       0
       1
       0
       0
       0
       0
       0
       1
       1
       0
       0
       1
       0
       0
       0
       0
       1
       0
       0
       0
       0
       0
       0
       0
       0
       0
       0
       1
       0
       0
       0
       1
       0
       0
       0
       0
       0
       0
       0
       0
       0
       0
       0
       0
       0
       0
       1
       0
       1
       0
       0
       0
       0
       0
       1
       0
       0
       0
       0
       0
       1
       0
       0
       0
       0
       0
       0
       0
       0
       0
       0
       0
       0
       0
       0
       0
       0
       0
       0
       1
       0
       0
       1
       1
       0
       0
       0
       0
       0
       0
       0
       0
       1
       0
       1
       0
       0
       0
       0
       1
       0
       0
       0
       0
       0
       0
       0
       0
       0
       0
       0
       0
       0
       0
       0
       1
       0
       2
       0
       0
       0
       0
       0
       0
       2
       0
       0
       0
       0
       0
       0
       1
       0
       0
       0
       0
       0
       0
       0
       0
       0
       1
       0
       0
       0
       1
       0
       0
       0
       0
       0
       0
       0
       0
       1
       1
       0
       0
       0
       0
       1
       0
       1
       0
       0
       0
       0
       0
       0
       0
       0
       0
       0
       0
       0
       0
       0
       0
       0
       0
       0
       0
       0
       1
       0
       0
       0
       0
       0
       0
       0
       0
       1
       0
       0
       0
       0
       0
       0
       0
       0
       0
       0
       0
       0
       0
       0
       0
       0
       0
       0
       0
       0
       0
       0
       1
       0
       0
       0
       0
       0
       0
       0
       0
       0
       0
       0
       0
       0
       0
       0
       1
       0
       0
       0
       1
       0
       0
       1
       0
       0
       0
       0
       0
       0
       0
       0
       0
       0
       0
       0
       0
       1
       0
       0
       1
       0
       0
       2
       0
       0
       0
       0
       0
       0
       0
       0
       0
       0
       0
       1
       0
       0
       0
       0
       1
       0
       1
       0
       0
       0
       0
       0
       1
       0
       1
       0
       0
       0
       0
       0
       0
       0
       0
       0
       0
       0
       1
       0
       0
       0
       0
       0
       0
       0
       0
       1
       0
       0
       0
       0
       0
       1
       0
       0
       1
       0
       0
       0
       0
       1
       0
       0
       0
       0
       0
       0
       0
       0
       0
       0
       0
       0
       0
       0
       0
       0
       0
       0
       0
       0
       0
       0
       0
       1
       0
       0
       0
       0
       0
       0
       0
       0
       1
       0
       0
       0
       0
       0
       0
       0
       0
       0
       0
       0
       0
       0
       0
       0
       0
       1
       0
       0
       0
       0
       0
       0
       0
       0
       0
       0
       0
       0
       0
       0
       0
       0
       0
       0
       0
       0
       1
       0
       0
       0
       0
       1
       1
       0
       0
       0
       0
       1
       0
       1
       0
       0
       0
       0
       0
       1
       1
       0
       0
       0
       0
       0
       0
       0
       0
       0
       0
       0
       0
       0
       0
       0
       0
       0
       0
       0
       0
       0
       0
       0
       0
       0
       0
       0
       0
       0
       0
       0
       0
       0
       0
       0
       1
       0
       1
       0
       0
       0
       0
       0
       0
       1
       0
       0
       0
       0
       0
       0
       0
       0
       0
       0
       0
       0
       0
       0
       0
       0
       0
       0
       0
       0
       0
       0
       0
       0
       1
       0
       0
       0
       0
       0
       0
       0
       0
       0
       0
       0
       0
       0
       0
       0
       0
       0
       0
       0
       0
       0
       2
       1
       0
       1
       1
       2
       2
       5
       4
       3
       2
       5
       5
       4
       0
       1
       0
       0
       0
       0
       0
       0
       0
       0
       0
       0
       0
       0
       0
       0
       0
       0
       0
       0
       0
       0
       0
       0
       0
       0
       0
       0
       0
       0
       0
       0
       0
       0
       0
       0
       0
       0
       0
       0
       1
       0
       0
       0
       0
       0
       0
       0
       0
       0
       0
       0
       0
       0
       0
       0
       0
       0
       0
       0
       0
       0
       0
       0
       0
       1
       0
       0
       1
       0
       0
       0
       0
       0
       0
       0
       0
       0
       0
       0
       0
       0
       0
       0
       0
       0
       0
       0
       0
       0
       0
       1
       0
       0
       0
       0
       0
       0
       0
       0
       0
       0
       0
       0
       0
       0
       0
       0
       0
       0
       0
       0
       0
       0
       0
       0
       0
       0
       0
       0
       0
       0
       0
       0
       0
       0
       0
       0
       0
       0
       0
       0
       0
       1
       0
       0
       0
       0
       0
       0
       1
       0
       0
       0
       0
       0
       0
       0
       0
       0
       0
       0
       0
       0
       0
       0
       0
       1
       0
       0
       0
       0
       0
       0
       1
       0
       0
       0
       1
       0
       0
       0
       0
       0
       0
       0
       0
       0
       0
       0
       0
       0
       0
       0
       0
       0
       0
       0
       1
       0
       0
       0
       0
       0
       0
       0
       0
       0
       0
       0
       0
       1
       1
       0
       0
       0
       0
       0
       0
       0
       0
       0
       0
       0
       0
       0
       0
       0
       0
       0
       0
       0
       0
       0
       0
       0
       0
       0
       0
       0
       0
       0
       0
       0
       0
       1
       0
       0
       0
       0
       0
       0
       0
       1
       0
       0
       0
       0
       0
       0
       0
       0
       0
       0
       0
       0
       0
       0
       0
       0
       0
       0
       0
       0
       0
       0
       0
       0
       0
       0
       0
       0
       0
       0
       0
       0
       0
       0
       0
       0
       0
       0
       0
       1
       0
       0
       0
       0
       0
       0
       0
       0
       0
       0
       0
       0
       0
       0
       0
       0
       0
       0
       0
       0
       0
       0
       0
       0
       0
       0
       0
       0
       0
       0
       0
       0
       0
       0
       0
       0
       0
       0
       0
       0
       0
       0
       0
       0
       0
       0
       0
       1
       0
       0
       0
       0
       0
       0
       0
       0
       1
       0
       0
       0
       0
       0
       0
       0
       0
       0
       0
       0
       0
       0
       0
       2
       0
       0
       0
       1
       0
       0
       0
       0
       1
       0
       0
       0
       0
       0
       0
       0
       0
       0
       1
       1
       0
       0
       1
       0
       0
       1
       0
       0
       0
       0
       1
       0
       0
       0
       1
       0
       0
       3
       0
       0
       1
       0
       1
       2
       1
       2
       0
       1
       2
       0
       0
       1
       0
       0
       0
       0
       0
       0
       0
       1
       0
       0
       1
       1
       0
       0
       0
       0
       0
       0
       0
       0
       0
       0
       0
       0
       0
       0
       0
       0
       0
       0
       0
       0
       0
       0
       0
       0
       0
       0
       0
       0
       0
       0
       0
       1
       0
       0
       0
       0
       0
       0
       0
       0
       0
       0
       0
       0
       0
       0
       0
       0
       0
       0
       0
       0
       0
       0
       0
       0
       0
       0
       0
       0
       0
       0
       0
       0
       0
       0
       0
       0
       0
       0
       0
       0
       1
       0
       0
       0
       0
       0
       0
       0
       0
       0
       0
       0
       0
       0
       0
       0
       0
       0
       0
       0
       0
       0
       0
       0
       0
       0
       0
       0
       0
       0
       0
       1
       0
       0
       0
       0
       0
       0
       0
       0
       0
       0
       0
       0
       0
       0
       0
       0
       0
       0
       0
       0
       0
       0
       0
       0
       0
       0
       0
       0
       0
       0
       0
       1
       0
       0
       0
       0
       0
       0
       0
       0
       0
       0
       0
       0
       0
       1
       0
       0
       0
       0
       0
       0
       0
       0
       0
       1
       0
       0
       1
       0
       0
       0
       0
       0
       0
       0
       0
       1
       0
       0
       0
       0
       0
       0
       0
       0
       0
       0
       1
       0
       1
       0
       1
       0
       0
       0
       0
       0
       0
       0
       0
       0
       0
       0
       0
       0
       0
       1
       0
       0
       0
       1
       0
       1
       0
       0
       0
       0
       0
       0
       0
       0
       0
       0
       1
       0
       0
       0
       0
       0
       0
       0
       0
       0
       0
       0
       0
       0
       0
       0
       0
       0
       0
       0
       0
       0
       0
       0
       0
       0
       0
       0
       0
       0
       0
       0
       0
       0
       0
       0
       0
       0
       0
       0
       0
       0
       0
       0
       0
       0
       0
       0
       1
       0
       0
       0
       0
       0
       0
       0
       0
       0
       0
       1
       0
       0
       0
       0
       0
       0
       0
       0
       1
       0
       0
       0
       0
       0
       0
       0
       0
       0
       0
       0
       0
       0
       0
       0
       0
       0
       0
       0
       0
       0
       0
       0
       0
       0
       0
       0
       0
       0
       0
       0
       0
       0
       0
       0
       0
       1
       0
       0
       0
       0
       0
       0
       0
       0
       0
       0
       0
       0
       0
       0
       0
       0
       0
       0
       1
       0
       0
       0
       0
       0
       0
       1
       0
       1
       0
       0
       0
       2
       0
       0
       0
       0
       0
       0
       0
       0
       0
       0
       0
       0
       0
       0
       0
       0
       0
       0
       0
       0
       0
       0
       0
       0
       0
       0
       0
       0
       0
       0
       0
       0
       0
       0
       0
       0
       0
       0
       0
       0
       0
       0
       0
       0
       0
       1
       0
       1
       0
       0
       0
       0
       1
       0
       0
       0
       0
       0
       0
       0
       0
       0
       0
       0
       0
       0
       0
       0
       0
       0
       1
       0
       0
       0
       0
       0
       0
       0
       0
       0
       0
       0
       0
       0
       0
       0
       0
       0
       0
       0
       0
       0
       0
       0
       0
       0
       0
       0
       0
       1
       0
       0
       1
       1
       0
       1
       0
       0
       0
       0
       0
       0
       0
       0
       0
       0
       1
       1
       0
       0
       0
       0
       0
       0
       1
       0
       0
       0
       0
       0
       0
       0
       0
       0
       0
       0
       1
       0
       0
       0
       0
       0
       0
       0
       0
       0
       0
       0
       0
       0
       0
       0
       0
       0
       0
       1
       0
       0
       1
       0
       0
       0
       0
       0
       0
       0
       0
       0
       0
       1
       0
       1
       0
       0
       0
       0
       0
       0
       0
       1
       0
       0
       0
       0
       0
       0
       0
       0
       0
       0
       0
       0
       0
       0
       0
       1
       1
       0
       0
       0
       0
       0
       0
       0
       0
       0
       0
       0
       0
       0
       0
       0
       0
       1
       0
       0
       0
       0
       0
       0
       0
       0
       0
       0
       0
       0
       0
       0
       0
       0
       0
       0
       0
       0
       0
       0
       0
       0
       0
       0
       0
       0
       0
       0
       0
       0
       0
       0
       1
       0
       0
       0
       0
       0
       0
       1
       0
       0
       0
       0
       0
       0
       0
       0
       0
       0
       0
       1
       0
       0
       0
       0
       0
       1
       0
       0
       0
       0
       0
       0
       0
       0
       0
       0
       0
       0
       0
       0
       0
       0
       1
       0
       0
       0
       0
       1
       1
       0
       0
       0
       0
       0
       0
       0
       0
       0
       0
       1
       0
       0
       0
       0
       1
       0
       0
       0
       0
       0
       0
       0
       0
       0
       1
       0
       0
       0
       0
       0
       0
       0
       0
       0
       0
       0
       0
       0
       0
       0
       1
       0
       0
       0
       0
       0
       1
       0
       0
       0
       0
       0
       0
       0
       0
       0
       0
       0
       0
       0
       0
       0
       0
       0
       1
       0
       1
       0
       0
       0
       0
       0
       0
       0
       0
       0
       0
       0
       0
       0
       1
       0
       0
       0
       0
       0
       0
       0
       0
       0
       0
       0
       0
       0
       0
       0
       0
       0
       0
       0
       0
       0
       0
       0
       1
       0
       0
       1
       0
       0
       1
       0
       0
       0
       0
       0
       0
       0
       0
       0
       0
       0
       0
       0
       0
       0
       0
       0
       0
       0
       0
       1
       0
       0
       0
       0
       0
       0
       1
       0
       0
       0
       0
       0
       0
       0
       0
       0
       0
       0
       0
       1
       0
       0
       0
       0
       0
       0
       0
       0
       0
       0
       0
       0
       0
       0
       0
       0
       0
       0
       0
       0
       0
       0
       0
       0
       0
       0
       0
       1
       0
       0
       0
       0
       0
       0
       0
       0
       0
       0
       0
       0
       0
       0
       0
       0
       0
       0
       0
       0
       0
       0
       0
       0
       0
       0
       0
       0
       1
       0
       0
       0
       0
       0
       0
       0
       0
       0
       0
       0
       0
       0
       0
       0
       0
       0
       0
       0
       0
       0
       0
       0
       0
       0
       0
       0
       0
       0
       0
       0
       0
       0
       0
       0
       0
       0
       0
       0
       0
       0
       0
       0
       0
       0
       0
       0
       0
       0
       0
       0
       0
       0
       0
       0
       0
       0
       0
       0
       0
       0
       0
       0
       0
       0
       0
       0
       0
       0
       0
       0
       0
       0
       0
       0
       0
       0
       0
       0
       0
       0
       0
       0
       0
       0
       0
       0
       0
       0
       0
       0
       0
       0
       0
       0
       0
       0
       0
       0
       0
       0
       0
       0
       0
       0
       0
       0
       0
       0
       0
       0
       0
       0
       0
       0
       0
       0
       0
       0
       0
       0
       0
       0
       0
       0
       0
       0
       0
       0
       0
       0
       0
       0
       0
       0
$ROI:
0
$PRESETS:
None
0
0
$ENER_FIT:
0.000000 0.383922
$MCA_CAL:
3
0.000000E+000 3.839219E-001 0.000000E+000 keV
$SHAPE_CAL:
3
0.000000E+000 0.000000E+000 0.000000E+000
