$SPEC_ID:
Cs137
$SPEC_REM:
DET# 2
DETDESC# DETECTOR 2
AP# Maestro Version 7.01
$DATE_MEA:
02/13/2017 22:00:34
$MEAS_TIM:
958 1004
$DATA:
0 8191
       0
       0
       0
       0
       0
       0
       0
       0
       0
       0
       0
       0
       0
       0
       0
       0
       0
       0
       0
       0
       0
       0
       0
       0
       0
       0
       0
       0
       0
       0
       0
       0
       0
       0
       0
       0
       0
       0
       0
       0
       0
       0
       0
       0
       0
       0
       0
       0
       0
       0
       0
       0
       0
       0
       0
       0
       0
       0
       0
       0
       0
       0
       0
       0
       0
       0
       0
       0
       0
       0
       0
       0
       0
       0
       0
       0
       0
       0
       0
       0
       0
       0
       0
       0
       0
       0
       0
       0
       0
       0
       0
       0
       0
       0
       0
       0
      80
     886
    1482
    1476
    1400
    1417
    1472
    1465
    1393
    1534
    1454
    1418
    1455
    1457
    1569
    1541
    1576
    1530
    1511
    1506
    1497
    1592
    1486
    1517
    1559
    1573
    1567
    1591
    1570
    1547
    1624
    1644
    1605
    1589
    1584
    1534
    1435
    1526
    1564
    1480
    1506
    1520
    1550
    1493
    1541
    1470
    1594
    1502
    1474
    1531
    1602
    1601
    1587
    1697
    1709
    1716
    1791
    1961
    1880
    1902
    1873
    1964
    1907
    1918
    1959
    2020
    2008
    2075
    1992
    1976
    2021
    2020
    2023
    2071
    2046
    2082
    2094
    2051
    2132
    2156
    2124
    2206
    2212
    2226
    2332
    2256
    2372
    2368
    2434
    2516
    2662
    3871
    6911
    9477
    8082
    5050
    3902
    6684
   12359
   14312
   10031
    4746
    2820
    2351
    2106
    1995
    1988
    1955
    1942
    1802
    1957
    1904
    1817
    1882
    1921
    1894
    1918
    1950
    1894
    1959
    1926
    2248
    2984
    4618
    6041
    6131
    4396
    2834
    2233
    2345
    2814
    3332
    3164
    2556
    2106
    1927
    1824
    1938
    1883
    1999
    2065
    2180
    2115
    2139
    2344
    2298
    2216
    2233
    2234
    2220
    2311
    2164
    2186
    2271
    2081
    2163
    2117
    2148
    2182
    2198
    2097
    2178
    2110
    2012
    2131
    2082
    2059
    2144
    2153
    2099
    2054
    2049
    2057
    2075
    2106
    2023
    2069
    2123
    2156
    2153
    2195
    2176
    2157
    2194
    2265
    2187
    2341
    2251
    2409
    2369
    2355
    2491
    2519
    2461
    2583
    2708
    2697
    2678
    2713
    2673
    2607
    2788
    2907
    2734
    2746
    2645
    2649
    2681
    2671
    2627
    2745
    2763
    2576
    2680
    2604
    2792
    2587
    2542
    2593
    2582
    2697
    2571
    2624
    2497
    2577
    2565
    2628
    2586
    2536
    2570
    2592
    2557
    2584
    2579
    2611
    2618
    2610
    2618
    2562
    2657
    2592
    2684
    2642
    2743
    2535
    2759
    2859
    3324
    5179
    6883
    6691
    4980
    3501
    3038
    2813
    2862
    2782
    2739
    2576
    2554
    2383
    2289
    2255
    1996
    1917
    1873
    1643
    1848
    2838
    9233
   30564
   62414
   70667
   44018
   17170
    6143
    3441
    2648
    2179
    2072
    1885
    1758
    1595
    1447
    1375
    1350
    1347
    1277
    1280
    1342
    1298
    1328
    1363
    1371
    1363
    1348
    1353
    1366
    1354
    1294
    1323
    1292
    1320
    1346
    1309
    1303
    1303
    1356
    1329
    1319
    1311
    1347
    1331
    1312
    1370
    1414
    1359
    1315
    1325
    1366
    1281
    1296
    1341
    1354
    1331
    1209
    1348
    1253
    1361
    1281
    1346
    1338
    1324
    1348
    1319
    1260
    1390
    1292
    1416
    1399
    1422
    1311
    1378
    1382
    1370
    1470
    1463
    1477
    1470
    1528
    1529
    1589
    1559
    1531
    1582
    1515
    1585
    1519
    1538
    1603
    1526
    1507
    1556
    1559
    1559
    1583
    1553
    1539
    1541
    1472
    1535
    1500
    1520
    1512
    1556
    1501
    1514
    1519
    1525
    1513
    1493
    1490
    1549
    1444
    1545
    1577
    1486
    1492
    1470
    1454
    1427
    1494
    1443
    1466
    1475
    1442
    1427
    1473
    1472
    1522
    1414
    1430
    1379
    1493
    1400
    1457
    1324
    1416
    1372
    1324
    1437
    1383
    1351
    1409
    1447
    1407
    1376
    1354
    1423
    1343
    1405
    1446
    1366
    1385
    1438
    1330
    1403
    1430
    1434
    1634
    2022
    2483
    2491
    1964
    1647
    1469
    1363
    1404
    1344
    1351
    1424
    1344
    1331
    1323
    1323
    1352
    1407
    1383
    1398
    1381
    1362
    1318
    1439
    1388
    1368
    1321
    1315
    1347
    1401
    1336
    1340
    1372
    1334
    1313
    1258
    1391
    1353
    1362
    1325
    1334
    1392
    1372
    1286
    1410
    1327
    1400
    1349
    1291
    1334
    1319
    1337
    1336
    1361
    1401
    1317
    1369
    1299
    1318
    1292
    1361
    1287
    1328
    1266
    1344
    1273
    1344
    1328
    1287
    1302
    1314
    1321
    1310
    1333
    1312
    1240
    1333
    1328
    1353
    1219
    1327
    1388
    1301
    1359
    1282
    1238
    1298
    1287
    1351
    1285
    1320
    1358
    1288
    1234
    1276
    1319
    1300
    1262
    1285
    1270
    1272
    1271
    1248
    1243
    1202
    1294
    1200
    1281
    1246
    1265
    1266
    1258
    1255
    1302
    1270
    1270
    1195
    1275
    1223
    1230
    1251
    1214
    1171
    1229
    1241
    1278
    1245
    1207
    1221
    1200
    1258
    1208
    1263
    1199
    1232
    1293
    1252
    1213
    1208
    1196
    1197
    1255
    1187
    1247
    1177
    1201
    1210
    1230
    1174
    1213
    1274
    1286
    1185
    1206
    1195
    1311
    1226
    1185
    1182
    1210
    1142
    1170
    1154
    1198
    1204
    1249
    1197
    1238
    1208
    1233
    1231
    1237
    1200
    1202
    1209
    1211
    1211
    1201
    1240
    1178
    1206
    1179
    1192
    1144
    1258
    1180
    1172
    1194
    1221
    1198
    1233
    1208
    1163
    1199
    1226
    1123
    1144
    1224
    1223
    1202
    1200
    1191
    1141
    1173
    1216
    1157
    1208
    1175
    1236
    1149
    1253
    1208
    1184
    1196
    1143
    1145
    1150
    1216
    1162
    1172
    1172
    1162
    1156
    1084
    1153
    1166
    1191
    1229
    1166
    1230
    1225
    1180
    1177
    1231
    1143
    1174
    1187
    1149
    1160
    1259
    1222
    1211
    1234
    1169
    1190
    1176
    1192
    1220
    1207
    1162
    1161
    1237
    1153
    1097
    1171
    1187
    1251
    1173
    1186
    1240
    1212
    1142
    1213
    1211
    1184
    1226
    1237
    1158
    1158
    1167
    1197
    1239
    1214
    1220
    1195
    1291
    1243
    1229
    1216
    1187
    1242
    1210
    1200
    1168
    1209
    1254
    1213
    1219
    1292
    1232
    1299
    1203
    1228
    1220
    1225
    1189
    1243
    1302
    1269
    1253
    1248
    1265
    1310
    1261
    1232
    1244
    1284
    1248
    1267
    1271
    1238
    1236
    1256
    1241
    1229
    1274
    1268
    1259
    1266
    1316
    1301
    1261
    1264
    1290
    1300
    1229
    1291
    1226
    1311
    1276
    1280
    1384
    1284
    1335
    1272
    1318
    1285
    1256
    1275
    1318
    1273
    1233
    1267
    1249
    1258
    1279
    1221
    1295
    1262
    1226
    1240
    1253
    1207
    1248
    1215
    1218
    1131
    1232
    1229
    1178
    1156
    1174
    1090
    1086
    1057
    1055
    1106
    1030
    1014
    1004
     956
     996
     948
     939
     977
     970
     945
     904
     887
     919
     925
     914
     945
     884
     930
     874
     945
     849
     848
     920
     909
     936
     906
     881
     856
     858
     877
     850
     833
     893
     815
     864
     899
     902
     795
     886
     856
     837
     795
     811
     812
     792
     800
     798
     804
     799
     754
     799
     822
     792
     761
     788
     777
     785
     751
     766
     817
     752
     790
     752
     713
     778
     796
     747
     758
     752
     735
     763
     746
     844
    1107
    1400
    1743
    1533
    1235
     898
     805
     749
     740
     725
     791
     728
     749
     682
     716
     698
     696
     706
     705
     700
     696
     716
     682
     782
    1106
    1789
    2564
    3371
    2965
    1996
    1237
     890
     799
     728
     722
     708
     701
     657
     672
     685
     648
     702
     678
     687
     658
     780
     889
     931
     932
     798
     719
     661
     688
     643
     670
     682
     612
     662
     674
     677
     659
     621
     602
     624
     623
     615
     636
     642
     629
     657
     613
     611
     619
     609
     622
     582
     596
     656
     625
     582
     610
     614
     615
     589
     593
     594
     559
     575
     584
     605
     603
     618
     566
     596
     586
     596
     640
     559
     570
     610
     569
     547
     618
     527
     527
     565
     572
     608
     571
     546
     534
     562
     583
     513
     553
     571
     534
     504
     594
     549
     573
     573
     541
     532
     571
     542
     544
     528
     550
     553
     550
     522
     544
     549
     550
     541
     562
     521
     582
     549
     546
     538
     482
     525
     536
     520
     482
     494
     519
     529
     544
     522
     503
     552
     543
     553
     506
     551
     524
     560
     498
     495
     465
     541
     519
     510
     524
     502
     528
     538
     509
     483
     499
     539
     480
     515
     506
     463
     525
     493
     519
     454
     493
     485
     538
     510
     515
     535
     527
     493
     542
     479
     514
     493
     438
     503
     500
     493
     498
     541
     470
     516
     488
     479
     506
     474
     490
     492
     467
     423
     441
     509
     500
     449
     453
     513
     463
     461
     460
     470
     471
     503
     460
     452
     482
     472
     483
     467
     471
     506
     507
     468
     504
     528
     516
     510
     457
     419
     437
     425
     437
     465
     438
     445
     431
     481
     431
     449
     430
     437
     465
     452
     457
     416
     426
     439
     433
     456
     448
     468
     439
     410
     448
     442
     434
     440
     425
     424
     402
     476
     442
     448
     412
     436
     400
     404
     431
     412
     404
     414
     441
     541
     588
     774
     837
     863
     685
     594
     513
     482
     467
     416
     449
     392
     434
     486
     571
     716
     697
     706
     584
     509
     469
     392
     410
     426
     442
     407
     405
     445
     381
     380
     356
     393
     398
     444
     406
     396
     416
     382
     425
     395
     373
     391
     394
     382
     406
     408
     413
     415
     384
     387
     388
     418
     400
     427
     414
     409
     444
     413
     423
     425
     393
     451
     421
     399
     441
     398
     432
     440
     415
     427
     471
     550
     697
     853
    1136
    1351
    1845
    2876
    4615
    7602
   12062
   17627
   23753
   29017
   31681
   30600
   26370
   20968
   14980
   10015
    6395
    3971
    2499
    1631
    1221
     916
     673
     554
     481
     423
     428
     414
     495
     569
     545
     525
     478
     377
     376
     350
     321
     330
     300
     342
     330
     322
     310
     305
     325
     345
     298
     329
     337
     334
     305
     305
     317
     323
     308
     319
     326
     284
     298
     300
     304
     306
     311
     329
     321
     348
     349
     359
     323
     302
     306
     305
     310
     310
     284
     305
     286
     279
     314
     265
     298
     307
     297
     263
     279
     278
     291
     308
     271
     285
     292
     281
     248
     285
     274
     291
     281
     287
     313
     314
     283
     272
     299
     263
     254
     307
     298
     291
     275
     282
     297
     264
     277
     303
     240
     259
     323
     291
     257
     268
     262
     286
     317
     280
     288
     289
     276
     317
     299
     328
     315
     273
     262
     293
     293
     301
     275
     265
     302
     292
     323
     308
     281
     307
     310
     285
     283
     260
     277
     282
     299
     302
     282
     235
     292
     298
     273
     262
     294
     358
     395
     423
     393
     309
     300
     291
     320
     280
     272
     278
     312
     261
     259
     268
     313
     291
     307
     305
     297
     277
     271
     299
     257
     256
     282
     282
     296
     277
     255
     268
     289
     269
     276
     300
     267
     276
     285
     241
     287
     323
     311
     252
     284
     271
     280
     277
     300
     305
     449
     511
     637
     615
     566
     479
     337
     304
     286
     286
     277
     253
     270
     285
     272
     299
     260
     301
     251
     299
     273
     261
     299
     252
     282
     283
     278
     258
     303
     274
     281
     284
     244
     266
     258
     247
     263
     251
     273
     292
     286
     289
     251
     274
     291
     290
     298
     257
     272
     273
     274
     261
     262
     291
     230
     269
     270
     277
     299
     284
     265
     267
     272
     258
     259
     254
     241
     263
     264
     273
     280
     245
     275
     260
     275
     267
     281
     289
     267
     283
     268
     259
     269
     264
     265
     276
     249
     240
     273
     262
     276
     240
     287
     255
     276
     296
     282
     267
     265
     310
     265
     253
     256
     253
     262
     273
     273
     280
     289
     266
     253
     266
     240
     256
     272
     276
     283
     270
     283
     268
     285
     263
     263
     270
     269
     265
     269
     258
     281
     263
     283
     261
     256
     242
     257
     247
     268
     271
     258
     269
     261
     262
     295
     244
     283
     269
     245
     246
     255
     280
     250
     320
     236
     278
     307
     280
     242
     258
     293
     267
     269
     262
     256
     258
     256
     281
     286
     288
     270
     300
     302
     287
     246
     282
     241
     244
     260
     262
     277
     275
     270
     274
     296
     304
     361
     404
     371
     353
     319
     302
     262
     243
     282
     256
     285
     276
     286
     283
     274
     294
     269
     268
     281
     282
     250
     284
     268
     284
     267
     272
     288
     258
     261
     271
     260
     253
     298
     250
     252
     275
     313
     243
     282
     252
     252
     269
     270
     291
     258
     276
     249
     246
     252
     251
     272
     276
     269
     277
     275
     274
     282
     279
     306
     248
     281
     306
     284
     281
     296
     290
     268
     276
     266
     252
     264
     300
     286
     284
     277
     266
     263
     297
     305
     281
     272
     262
     264
     262
     283
     279
     276
     294
     272
     262
     292
     263
     251
     255
     281
     274
     262
     283
     297
     252
     292
     272
     270
     279
     280
     282
     291
     308
     223
     254
     265
     279
     281
     246
     246
     266
     244
     246
     269
     294
     260
     278
     264
     253
     249
     278
     273
     267
     244
     285
     247
     260
     264
     272
     262
     264
     246
     240
     244
     256
     256
     216
     219
     270
     271
     217
     257
     253
     278
     245
     265
     278
     250
     227
     248
     225
     255
     275
     234
     252
     247
     261
     270
     255
     246
     262
     265
     267
     249
     255
     235
     261
     237
     235
     253
     257
     229
     267
     245
     249
     241
     263
     248
     232
     239
     255
     231
     212
     216
     241
     233
     238
     226
     222
     225
     229
     212
     236
     220
     247
     215
     229
     237
     214
     243
     212
     228
     219
     233
     260
     258
     248
     234
     214
     250
     236
     226
     219
     255
     238
     260
     271
     267
     335
     319
     315
     279
     246
     229
     236
     221
     226
     227
     221
     252
     238
     223
     242
     239
     194
     221
     240
     213
     209
     216
     195
     241
     210
     219
     238
     216
     236
     232
     232
     228
     206
     212
     228
     224
     271
     245
     238
     231
     230
     217
     239
     234
     225
     198
     211
     223
     254
     231
     203
     214
     234
     210
     223
     214
     228
     246
     262
     282
     279
     253
     219
     228
     241
     217
     280
     246
     222
     268
     224
     211
     239
     255
     195
     222
     215
     222
     208
     230
     236
     219
     203
     228
     202
     244
     213
     235
     239
     302
     334
     381
     331
     352
     269
     274
     247
     258
     226
     213
     224
     200
     217
     236
     218
     222
     239
     204
     214
     222
     196
     222
     218
     241
     226
     276
     214
     230
     215
     244
     193
     234
     221
     224
     230
     212
     195
     218
     230
     185
     219
     228
     219
     204
     229
     228
     224
     226
     194
     248
     204
     245
     219
     230
     215
     207
     230
     242
     219
     221
     201
     215
     213
     241
     226
     228
     225
     230
     233
     204
     197
     254
     220
     216
     226
     211
     239
     210
     214
     207
     237
     256
     240
     242
     261
     221
     234
     235
     257
     243
     250
     212
     243
     233
     227
     239
     223
     228
     211
     233
     230
     215
     192
     233
     231
     223
     231
     220
     229
     233
     209
     231
     234
     221
     249
     213
     228
     249
     228
     221
     202
     249
     232
     230
     237
     254
     252
     263
     308
     408
     434
     457
     386
     327
     254
     264
     222
     218
     207
     217
     217
     229
     241
     243
     216
     237
     216
     250
     199
     247
     229
     234
     216
     211
     242
     223
     239
     238
     219
     249
     236
     233
     237
     229
     248
     245
     229
     253
     231
     222
     237
     247
     261
     256
     244
     242
     259
     200
     232
     266
     232
     229
     224
     248
     241
     239
     276
     262
     274
     266
     250
     260
     289
     240
     246
     242
     234
     236
     245
     231
     262
     247
     238
     248
     248
     259
     257
     245
     252
     243
     233
     281
     194
     267
     228
     275
     237
     251
     245
     269
     223
     273
     255
     253
     269
     249
     244
     233
     263
     257
     255
     260
     244
     246
     260
     257
     242
     267
     266
     249
     271
     253
     291
     258
     278
     264
     223
     245
     264
     241
     248
     255
     227
     250
     264
     256
     261
     245
     236
     278
     257
     243
     235
     258
     254
     266
     259
     262
     278
     244
     282
     307
     265
     266
     242
     264
     260
     243
     263
     250
     253
     246
     271
     273
     276
     290
     249
     273
     277
     299
     318
     375
     457
     520
     519
     575
     441
     408
     331
     320
     294
     272
     265
     293
     270
     278
     305
     279
     282
     264
     271
     284
     255
     299
     297
     274
     267
     300
     263
     255
     244
     281
     304
     282
     291
     260
     271
     300
     258
     270
     299
     261
     289
     282
     325
     315
     394
     597
     865
    1520
    2393
    3292
    4039
    3993
    3261
    2154
    1239
     756
     497
     391
     345
     327
     328
     301
     285
     272
     292
     297
     250
     272
     263
     250
     265
     285
     288
     228
     253
     232
     264
     252
     260
     275
     303
     325
     344
     309
     290
     265
     234
     219
     239
     197
     216
     207
     238
     241
     233
     216
     211
     202
     213
     184
     193
     184
     184
     206
     204
     181
     180
     179
     222
     183
     206
     178
     194
     206
     267
     294
     327
     301
     294
     232
     211
     226
     217
     171
     218
     177
     170
     190
     188
     184
     171
     177
     157
     160
     193
     197
     180
     169
     163
     175
     184
     180
     199
     167
     182
     179
     173
     164
     163
     196
     173
     154
     184
     169
     171
     178
     163
     167
     148
     166
     163
     164
     166
     175
     176
     166
     189
     182
     169
     160
     169
     164
     168
     198
     185
     137
     171
     144
     191
     144
     148
     170
     155
     161
     168
     171
     150
     158
     171
     149
     147
     158
     150
     174
     136
     135
     178
     183
     155
     146
     154
     164
     145
     148
     159
     155
     153
     156
     163
     144
     148
     141
     159
     139
     159
     179
     139
     147
     127
     132
     157
     160
     153
     124
     165
     161
     131
     150
     140
     148
     126
     162
     155
     131
     139
     132
     132
     160
     151
     140
     142
     148
     130
     150
     136
     130
     129
     151
     117
     140
     126
     131
     151
     121
     137
     125
     125
     131
     129
     127
     139
     113
     146
     118
     143
     127
     121
     123
     137
     135
     124
     128
     117
     126
     117
     127
     115
     109
     134
     113
     102
     103
     126
      97
     106
     105
     111
     121
     102
     113
     113
     102
     124
     110
     109
     118
     105
     111
     118
     115
     121
     110
     107
     117
     135
     115
     106
     132
      97
     117
     105
     108
     110
     104
      95
     111
      94
     109
     104
     101
     119
      94
     123
      99
      92
     104
     105
      89
     115
     125
      96
      92
      93
      93
      99
     108
     101
     118
      95
     115
     106
      87
      88
     103
     115
     111
      87
      83
     106
      95
     105
     102
     101
      99
     100
      91
      92
      96
      88
     117
      90
     103
      93
     102
      83
      99
      99
      85
      80
     112
      86
      80
      71
      94
      76
      73
      95
      83
      92
      90
      95
      77
     111
      87
      78
      89
     106
      72
      90
      87
      90
      83
      87
      88
      78
      81
      75
     100
      89
      79
      89
      80
      86
      77
      89
      76
      75
      91
      83
      76
      78
      82
      82
      73
      98
      91
      76
     103
      81
      92
     114
     104
      98
     110
     118
     100
      87
      70
      81
      85
      75
      78
      65
      79
      91
      80
      89
      82
      80
      90
      87
      76
      89
      85
      93
      97
      85
      70
      82
      66
      91
      75
      83
      88
      63
      64
      94
      90
      90
      69
      84
      71
      92
      73
      89
      88
      69
      81
      83
      61
      77
      64
      69
      79
      69
      79
      87
      72
      93
      89
      59
      75
      83
      73
      83
      78
      97
      91
      96
     100
      89
      75
      97
      70
      72
      90
      83
      78
      73
      96
      80
     100
      72
      87
      78
      64
      74
      81
      78
      77
      79
      70
      95
      80
      75
      78
      75
      79
      85
      88
      84
     105
      95
      93
     127
     116
     133
     127
     104
      91
     106
      89
     106
      89
      68
      89
      75
      62
      79
      75
      77
      73
      72
      83
      81
      66
      95
      82
      81
      80
      73
      57
      75
      78
      66
      80
      89
      86
      75
      72
      65
      82
      72
      63
      66
      87
      69
      68
      72
      81
      83
      83
      83
      83
      77
      70
      67
      66
      73
      79
      78
      68
      76
      83
      78
      64
      77
      83
      76
      84
      82
      79
      87
      82
      82
      70
      78
      52
      77
      80
      82
      65
      99
      81
      78
      87
      89
      77
      93
      65
      85
      77
     106
     125
     159
     233
     440
     798
    1358
    2361
    3958
    6106
    8688
   10672
   11002
    9646
    7074
    4565
    2383
    1278
     675
     403
     274
     213
     144
     155
     124
     101
      81
     103
      77
      88
      93
      66
      87
      83
      76
      71
      68
      74
      90
      86
      75
      67
      82
      68
      76
      76
      70
      73
      80
      69
      80
      72
      79
      63
      84
      70
      86
      81
      81
      71
      76
      80
      74
      60
      77
      62
      67
      62
      60
      58
      81
      74
      77
      63
      81
      66
      61
      79
      71
      70
      48
      52
      63
      60
      57
      59
      64
      63
      60
      76
      71
      67
      77
      65
      62
      58
      67
      72
      83
      76
     114
      98
      95
     101
     108
      96
      96
      80
      66
      74
      63
      62
      52
      65
      75
      66
      70
      81
      55
      56
      57
      71
      43
      82
      76
      67
      64
      60
      72
      64
      70
      76
      91
      62
      76
      70
      57
      58
      62
      75
      82
      62
      66
      51
      72
      70
      65
      72
      70
      62
      55
      65
      69
      67
      66
      69
      60
      70
      66
      77
      79
      67
      69
      61
      54
      71
      73
      57
      59
      47
      58
      56
      57
      73
      67
      76
      53
      78
      57
      59
      64
      64
      60
      62
      48
      71
      67
      63
      77
      62
      73
      64
      72
      74
      83
      84
     103
      70
      84
      68
      78
      60
      80
      70
      76
      74
      62
      65
      69
      73
      75
      63
      80
      65
      59
      64
      71
      66
      55
      76
      59
      64
      68
      65
      58
      79
      61
      71
      67
      71
      65
      62
      72
      55
      67
      65
      63
      62
      58
      61
      52
      65
      57
      47
      66
      70
      55
      85
      66
      72
      58
      65
      60
      61
      57
      62
      51
      54
      79
      55
      67
      54
      71
      46
      55
      62
      59
      73
      61
      76
      62
      53
      74
      54
      60
      61
      72
      52
      70
      53
      63
      57
      64
      58
      74
      67
      51
      75
      78
      59
      62
      72
      61
      65
      61
      63
      73
      57
      60
      63
      83
      62
      64
      64
      67
      63
      78
      58
      70
      69
      72
      63
      72
      68
      69
      55
      60
      81
      66
      69
      69
      70
      60
      66
      63
      71
      73
      66
      71
      72
      69
      73
      62
      60
      64
      55
      60
      59
      62
      63
      75
      70
      79
      67
      81
      77
      87
      67
     114
     122
     121
     107
      98
     105
      95
      81
      75
      61
      72
      57
      66
      63
      71
      56
      78
      66
      63
      64
      74
      79
      73
      62
      76
      79
      77
      88
     110
     155
     160
     178
     202
     175
     149
     119
     105
      87
      77
      70
      61
      77
      71
      71
      57
      58
      56
      70
      56
      65
      75
      77
      59
      49
      76
      63
      55
      64
      54
      65
      69
      53
      67
      78
      52
      56
      53
      66
      62
      77
      64
      67
      74
      73
      63
      65
      70
      67
      55
      69
      62
      88
      61
      53
      58
      67
      63
      58
      72
      80
      63
      60
      97
     104
     124
     153
     177
     203
     261
     273
     267
     281
     231
     198
     158
     109
      91
      99
      69
      88
      75
      74
      78
      72
      77
      70
      67
      73
      84
      85
      67
      63
      67
      66
      77
      67
      75
      71
      63
      65
      68
      51
      44
      63
      68
      56
      68
      74
      78
      67
      55
      66
      64
      49
      64
      64
      71
      65
      63
      70
      65
      62
      62
      63
      74
      65
      76
      64
      82
      62
      71
      57
      54
      62
      67
      66
      65
      63
      89
      72
      70
      43
      69
      80
      66
      51
      71
      76
      70
      63
      66
      63
      77
      63
      61
      60
      73
      73
      65
      76
      94
      82
      97
     118
     105
     107
      88
      91
      90
      78
      89
      73
      65
      54
      71
      72
      63
      76
      66
      66
      55
      72
      72
      69
      64
      66
      65
      54
      59
      67
      67
      56
      69
      58
      78
      70
      57
      75
      66
      63
      77
      60
      77
      59
      75
      50
      62
      76
      60
      76
      60
      73
      58
      61
      69
      67
      79
      73
      64
      64
      64
      47
      77
      61
      76
      57
      81
      66
      53
      58
      52
      64
      72
      71
      60
      69
      59
      53
      73
      81
      65
      58
      60
      57
      63
      57
      56
      65
      63
      55
      60
      56
      72
      71
      69
      76
      70
      58
      54
      77
      62
      61
      71
      68
      60
      58
      63
      60
      63
      62
      72
      68
      63
      62
      72
      60
      73
      68
      65
      60
      67
      56
      69
      71
      80
      72
      69
      56
      68
      64
      59
      72
      58
      61
      63
      64
      71
      54
      80
      76
      67
      59
      66
      65
      65
      51
      71
      51
      48
      57
      67
      63
      55
      65
      56
      63
      52
      50
      55
      65
      56
      74
      58
      77
      62
      60
      58
      73
      72
      72
      60
      63
      65
      57
      79
      71
      70
      61
      78
      68
      81
      63
      63
      63
      57
      77
      67
      67
      64
      69
      81
      66
      51
      57
      68
      59
      72
      53
      71
      74
      66
      69
      69
      61
      64
      56
      77
      75
      69
      60
      76
      56
      44
      86
      74
      54
      67
      54
      61
      68
      72
      73
      78
      71
      62
      62
      69
      60
      63
      68
      71
      55
      64
      68
      55
      80
      65
      59
      70
      75
      46
      67
      64
      62
      86
      52
      61
      66
      83
      49
      53
      67
      66
      64
      42
      70
      71
      63
      70
      62
      69
      75
      62
      76
      55
      52
      69
      64
      49
      61
      57
      66
      65
      44
      67
      56
      68
      68
      66
      67
      67
      60
      68
      63
      58
      57
      84
      63
      53
      57
      54
      72
      69
      79
      66
      70
      60
      70
      71
      51
      74
      75
      64
      82
      70
      68
      71
      70
      63
      66
      75
      60
      69
      71
      63
      56
      49
      72
      59
      73
      65
      49
      67
      79
      73
      72
      61
      61
      75
      56
      52
      63
      67
      72
      62
      73
      68
      74
      72
      85
      64
      76
      73
      75
      73
      65
      78
      89
      64
      74
      96
      72
      81
      78
      69
      70
      71
      59
      86
      92
      83
      88
      95
      93
      91
      73
      80
      72
      56
      87
      66
      63
      64
      72
      58
      66
      63
      68
      49
      66
      64
      51
      64
      61
      63
      73
      63
      69
      60
      68
      73
      62
      74
      75
      53
      60
      58
      71
      72
      54
      69
      62
      65
      63
      56
      52
      57
      54
      61
      62
      47
      52
      74
      72
      63
      68
      68
      71
      53
      66
      54
      55
      67
      57
      69
      66
      65
      62
      51
      50
      63
      65
      61
      53
      58
      63
      73
      64
      69
      61
      72
      64
      65
      65
      72
      74
      72
      69
      64
      64
      48
      77
      70
      72
      57
      60
      76
      55
      76
      66
      58
      72
      74
      70
      59
      77
      62
      95
      96
     102
     121
     118
     101
      95
     105
      79
      55
      72
      62
      60
      55
      68
      75
      61
      61
      61
      71
      71
      53
      61
      63
      55
      58
      64
      75
      57
      67
      65
      65
      60
      63
      56
      55
      63
      58
      47
      64
      72
      57
      56
      69
      54
      61
      44
      58
      53
      61
      67
      57
      79
      70
      52
      64
      56
      77
      67
      55
      62
      54
      54
      64
      66
      49
      61
      63
      63
      61
      63
      53
      68
      70
      64
      51
      63
      56
      47
      73
      56
      74
      64
      65
      76
      62
      49
      69
      73
      41
      72
      57
      43
      61
      40
      58
      53
      58
      73
      66
      61
      60
      61
      60
      62
      77
      60
      80
      59
      57
      56
      61
      71
      49
      62
      77
      75
      65
      75
      69
      54
      61
      61
      66
      58
      62
      63
      54
      63
      69
      61
      64
      55
      68
      54
      62
      66
      59
      63
      54
      47
      53
      64
      54
      76
      61
      65
      65
      68
      73
      72
      66
      73
      51
      83
      70
      58
      72
      52
      65
      64
      61
      73
      69
      94
      78
     100
      93
      93
     112
      94
      73
      79
      86
      71
      69
      73
      66
      66
      75
      72
      64
      73
      76
      75
      83
      75
      61
      72
      81
      60
      68
      63
      69
      60
      63
      74
      61
      67
      68
      62
      70
      88
      64
      67
      52
      55
      73
      70
      54
      58
      60
      68
      51
      55
      69
      68
      64
      71
      68
      56
      50
      58
      67
      71
      64
      74
      66
      71
      58
      65
      65
      66
      57
      69
      70
      56
      69
      60
      60
      63
      66
      60
      50
      52
      71
      63
      80
      69
      51
      71
      68
      64
      56
      80
      72
      69
      85
     115
     112
     149
     176
     210
     242
     241
     201
     193
     174
     122
      95
      77
      81
      62
      64
      63
      76
      63
      63
      58
      70
      69
      57
      63
      75
      71
      66
      61
      70
      67
      60
      76
      64
      68
      57
      61
      66
      81
      65
      77
      86
      87
      93
     123
     119
     141
     139
     147
     112
     123
      89
      89
      68
      64
      80
      67
      54
      68
      52
      57
      80
      81
      71
      60
      52
      69
      66
      59
      70
      71
      69
      64
      55
      85
      67
      59
      55
      69
      70
      73
      75
      62
      53
      80
      62
      61
      66
      61
      48
      73
      66
      52
      47
      50
      65
      58
      59
      65
      59
      53
      73
      58
      66
      56
      60
      50
      51
      59
      71
      55
      65
      65
      56
      60
      61
      58
      71
      54
      57
      58
      67
      74
      71
      87
     103
      85
      93
      92
      78
      73
      58
      72
      75
      58
      82
      48
      65
      75
      67
      58
      62
      54
      66
      61
      69
      51
      56
      64
      69
      70
      54
      58
      57
      58
      76
      67
      68
      66
      65
      68
      69
      61
      67
      80
      87
     101
      96
     102
      98
     100
     116
     100
      86
     101
      73
      89
      74
      66
      60
      73
      73
      73
      55
      70
      53
      82
      45
      63
      70
      67
      66
      65
      67
      71
      65
      65
      60
      51
      64
      64
      64
      61
      61
      56
      70
      69
      62
      60
      66
      60
      57
      67
      63
      64
      58
      62
      64
      57
      61
      63
      50
      62
      71
      69
      59
      66
      58
      56
      63
      65
      44
      60
      65
      56
      53
      75
      69
      51
      41
      51
      64
      59
      51
      54
      52
      70
      65
      67
      63
      63
      58
      65
      58
      60
      60
      70
      53
      55
      65
      67
      66
      70
      62
      54
      61
      61
      73
      86
      74
      79
      77
      87
      87
      96
      94
      89
      93
     112
      83
     101
      87
      84
      64
      56
      70
      71
      65
      53
      65
      61
      64
      64
      70
      66
      66
      66
      68
      62
      74
      56
      65
      59
      53
      64
      57
      58
      51
      51
      63
      69
      70
      55
      42
      46
      63
      65
      62
      65
      66
      63
      68
      63
      71
      61
      64
      65
      73
      71
      57
      67
      77
      59
      73
      61
      67
      47
      44
      60
      58
      55
      58
      63
      63
      73
      66
      66
      60
      53
      63
      59
      63
      66
      56
      66
      80
      64
      52
      55
      66
      60
      67
      55
      53
      63
      59
      58
      67
      66
      59
      48
      46
      60
      67
      65
      79
      67
      53
      63
      63
      50
      72
      84
      71
      59
      62
      49
      66
      69
      77
      71
      66
      66
      60
      65
      71
      65
      61
      59
      53
      69
      83
      68
      65
      70
      47
      57
      62
      62
      53
      57
      72
      73
      60
      55
      63
      75
      62
      62
      60
      80
      86
      81
      64
      63
      68
      50
      71
      49
      65
      67
      75
      54
      68
      67
      65
      66
      77
      69
      61
      63
      59
      74
      57
      67
      66
      61
      61
      60
      56
      64
      68
      60
      62
      57
      65
      62
      78
      54
      67
      63
      67
      75
      61
      75
      68
      74
      63
      69
      79
      59
      54
      77
      61
      55
      61
      75
      82
      76
      63
      81
      64
      63
      62
      53
      55
      66
      69
      71
      72
      69
      60
      74
      61
      56
      67
      74
      64
      74
      66
      62
      70
      91
      68
      68
      86
      93
     123
     119
     148
     174
     210
     244
     295
     308
     296
     339
     356
     299
     321
     255
     197
     213
     155
     127
     122
      99
      84
      74
      76
      76
      77
      65
      81
      73
      76
      76
      67
      85
      70
      86
      76
      73
      72
      74
      79
      56
      78
      91
      65
      81
      62
      74
      66
      60
      82
      71
      70
      57
      76
      61
      71
      79
      71
      76
      57
      58
      65
      83
      63
      73
      65
      69
      70
      76
      68
      62
      95
      86
     111
     105
     113
     140
     139
     140
     140
     149
     127
     109
      85
      93
      65
      79
      64
      86
      78
      85
      65
      70
      74
      71
      70
      99
      81
     106
     100
      83
     118
      93
     121
     109
     107
     107
     102
      92
      91
      74
      90
      88
      69
      71
      61
      72
      76
      80
      70
      91
      86
      78
      77
      64
      72
      77
      76
      73
      87
      71
      79
      87
      81
      82
      73
      80
      60
      70
      86
      62
      76
      76
      72
      77
      70
      71
      70
      58
      67
      75
      82
      73
      73
      83
      58
      78
      82
      62
      74
      75
      82
      59
      67
      62
      86
      65
      80
      75
      74
      62
      91
      87
      82
      71
      65
      82
      74
      86
      86
      66
      62
      69
      64
      76
      78
      71
      71
      85
      82
      71
      77
      85
      83
      93
      89
      74
      74
      75
      81
      78
      83
      67
      79
      74
      83
      74
      86
      75
      73
      72
      79
      72
      85
      81
      80
      81
      72
      93
      81
      64
      86
      99
      74
      74
      69
      87
      74
     100
      80
      85
      74
      87
      74
      88
      98
      76
      88
      92
      89
      81
      73
      76
      83
      57
      76
      88
      79
      86
      80
      79
      86
      77
      78
      79
      94
      77
      98
      80
      89
      83
      75
      88
      67
      75
      75
      75
      88
      62
      83
      73
      89
      87
      77
      80
      97
     103
      91
      92
      94
     109
     139
     120
     135
     148
     142
     135
     171
     143
     117
     101
      98
      92
      97
      88
      96
      74
      85
      93
      79
     106
      87
      83
      95
      77
      90
      91
      77
      87
      92
      87
      95
      85
      90
      96
      88
      90
      75
      95
      82
      84
      84
      90
      86
     103
      74
      77
      74
      99
      72
      77
      93
     100
     101
      85
      91
      72
      98
      89
     101
     100
      93
      85
     107
     102
      96
      83
      97
      80
     117
     105
      80
      93
      82
      81
      95
      81
      83
      70
     106
      84
      72
     107
      74
      82
      77
      92
      91
      99
      97
      93
      98
     109
      89
      81
     107
      88
      80
      89
      81
      78
      97
      75
      88
      96
      85
      92
      94
      74
      95
      85
      91
      93
     104
      90
      86
      97
      88
      86
      84
      72
      93
     100
      77
      81
      88
      80
      80
     108
      99
      86
      85
      91
      88
      73
      84
      88
      96
      99
      84
      77
      83
      86
      92
      90
      91
      72
      85
      90
      85
     102
      96
      81
      74
      93
      89
      97
      90
      86
      93
      81
      83
      97
      90
      76
      76
      85
      78
      83
      84
      74
      78
      96
      83
      96
      89
      86
     104
      98
      85
      82
     104
      76
     101
      93
     100
     119
     113
     116
     110
     113
     119
     142
     115
     125
     102
     108
     110
      82
      87
      86
      94
      88
     110
      86
      77
      95
      94
      81
      64
      76
      81
      66
      88
     102
      94
     107
      84
      97
     106
      85
      85
      83
     101
      94
      91
      81
      87
      90
      98
      83
      88
      90
      82
      73
     101
      98
      89
      95
     111
      92
      63
      88
     101
      77
      82
      78
      92
     103
     110
      98
      89
      79
      76
      76
     104
      90
      94
      67
      84
      78
      94
      95
     101
      81
      87
     104
     100
     109
      77
      93
      80
      97
      97
      90
      90
      93
      91
      92
      94
      70
      97
     103
     106
      98
      92
      87
     113
      99
      99
      82
     107
     107
      91
      99
      96
     106
      91
     100
      98
      79
      95
      95
      98
      82
      90
     105
     109
     101
      97
      93
     114
      88
      82
      96
     102
      95
      99
      97
      98
     100
     105
     108
      96
      84
      93
      92
     108
     100
     101
      82
      89
     107
      89
     112
     105
     117
      82
     108
      97
      89
      87
     107
     100
     104
     105
     109
     102
     101
     109
      81
     104
      90
      91
     105
     113
     109
      97
      88
      89
     111
      85
      99
      94
      94
      83
     115
      98
     106
     114
      81
      96
     121
      95
     125
     101
     102
     102
     107
     110
     109
     114
     100
      86
     108
      99
     102
      93
     105
     109
     125
     115
     103
      96
     103
      89
     104
     102
      85
     101
     104
     103
     106
     110
      94
     115
     106
     105
     109
      87
     111
     118
     114
     104
     103
     110
     125
     101
     113
     118
     103
      96
     101
      91
     112
     117
     104
     100
     101
     114
     115
      96
     113
     122
     111
     111
     101
     103
      89
      95
      96
      96
      98
     111
      94
      91
     110
      95
      95
      97
      98
     104
      94
      95
      81
      75
      75
      99
      91
      82
     102
      92
      92
      86
      78
      88
      72
      82
      78
      73
      74
      74
      59
      85
      76
      83
      76
      85
      69
      64
      75
      62
      60
      66
      61
      83
      64
      62
      65
      75
      84
      76
      74
      77
      66
      85
      67
      94
      56
      72
      72
      63
      65
      61
      83
      62
      70
      62
      64
      75
      80
      59
      64
      67
      61
      61
      76
      71
      58
      63
      59
      65
      68
      73
      68
      57
      76
      74
      79
      56
      62
      68
      59
      60
      63
      52
      66
      58
      48
      60
      72
      58
      70
      72
      65
      76
      58
      59
      52
      65
      64
      64
      72
      64
      60
      66
      64
      54
      57
      51
      73
      59
      82
      57
      60
      62
      72
      63
      53
      58
      52
      66
      60
      66
      57
      68
      61
      65
      56
      57
      51
      66
      59
      61
      51
      52
      52
      59
      63
      55
      59
      73
      50
      61
      41
      38
      52
      46
      42
      51
      55
      48
      49
      48
      59
      46
      62
      51
      50
      52
      57
      53
      50
      54
      45
      59
      51
      48
      55
      46
      52
      70
      58
      57
      47
      43
      57
      51
      52
      57
      41
      62
      50
      36
      42
      55
      55
      46
      47
      55
      46
      62
      57
      46
      59
      46
      54
      54
      43
      44
      54
      47
      42
      44
      50
      53
      59
      52
      52
      43
      45
      46
      53
      46
      61
      50
      50
      43
      48
      43
      47
      46
      48
      41
      37
      53
      38
      46
      45
      53
      39
      40
      51
      44
      42
      37
      44
      38
      48
      45
      28
      35
      46
      51
      26
      33
      46
      37
      43
      31
      28
      46
      46
      58
      56
      93
     108
     140
     154
     197
     271
     337
     461
     587
     645
     730
     850
     814
     799
     653
     547
     377
     286
     185
     141
      83
      65
      49
      47
      45
      28
      46
      44
      24
      34
      34
      32
      30
      32
      23
      24
      34
      32
      20
      34
      30
      29
      26
      28
      29
      32
      30
      28
      21
      24
      20
      15
      35
      26
      34
      26
      29
      25
      33
      30
      21
      25
      23
      18
      18
      22
      22
      20
      16
      18
      26
      38
      18
      21
      29
      17
      20
      27
      24
      29
      19
      18
      33
      14
      24
      26
      12
      16
      17
      21
      24
      20
      20
      27
      22
      21
      31
      14
      24
      28
      40
      26
      41
      35
      49
      43
      29
      41
      34
      34
      27
      26
      17
      18
      16
       9
      22
      15
      16
      12
      21
      17
      14
      15
      16
      17
      19
      15
      14
      18
       9
      10
      15
      19
      15
      13
       9
      18
       7
      11
      17
      14
       9
      12
      16
      13
      26
      12
      10
       8
      15
       8
      12
      20
      22
      13
      13
      17
      13
      12
      16
      15
      19
      17
      21
      16
      16
      20
      16
      16
      12
      12
      10
      12
      12
      11
      12
      13
       9
      19
       9
      14
      14
       8
      12
      11
      12
      12
      12
      14
      11
      10
      17
      10
      14
      14
      11
      16
      12
      15
      12
      17
      17
       9
      16
      19
      10
      17
      10
      16
      11
       9
      13
      12
      15
      10
       7
       9
      14
      13
      11
      20
      16
      10
       9
      12
      11
       8
       7
       7
       9
      14
      14
       9
       9
      15
      18
      11
       9
      15
      16
       9
      13
      11
      10
       8
       8
      11
       5
       7
      15
      13
       9
      11
       9
       9
      11
      12
       5
      11
      11
      12
      13
       8
      11
      10
      14
       8
      10
      10
      15
      12
      12
      12
      11
      11
      15
       7
       9
       8
       8
      15
      14
      12
      10
      11
      12
      11
      15
      14
      12
      20
      13
      14
      15
       8
      17
      12
      10
      16
      14
      18
      14
      13
      14
       6
      19
      11
      11
      14
      10
      14
      10
      11
      14
      12
      11
      15
      13
       9
      14
      12
      16
      18
      14
       9
      15
      18
      19
      18
      12
      18
      13
      18
      16
      15
      22
      17
      21
      37
      34
      51
      69
      93
     105
     184
     266
     312
     473
     648
     836
    1127
    1571
    1944
    2395
    2802
    3205
    3342
    3242
    3032
    2482
    1927
    1446
     961
     632
     384
     252
     146
      77
      82
      38
      32
      23
      22
      22
      21
      18
      21
      15
      13
      10
      13
       7
      11
      12
      11
      15
       9
      16
      15
       9
      10
       8
      15
       6
      13
      12
       9
      11
       5
      12
       7
       9
       5
      12
       9
      16
      11
      13
      17
       2
       7
      11
       6
       6
      10
       4
       5
       9
       9
       7
       8
       6
       5
       9
      11
       8
       4
       3
      10
       7
       6
      10
       5
      10
       4
       4
       8
       6
       6
      12
       7
      10
      12
       7
       8
       6
       8
      12
       7
       6
       7
       6
       4
       5
       3
       7
      10
       6
       9
       3
       8
       6
       5
       6
       9
      12
       8
       6
      10
       7
       6
       5
       6
       2
       5
       3
       6
       7
       5
      10
       7
       8
       8
       9
       5
       4
       4
       8
       6
       8
       6
       3
       8
       3
       5
       2
       5
       8
       5
       7
       4
       7
       7
       9
       7
       3
      10
       4
       3
       8
       6
       8
       6
       5
       2
      12
       2
       7
       9
       8
       2
      13
       4
       9
      11
       7
       1
       5
       9
       7
       9
      10
       5
       8
       7
      10
       8
       8
       7
      11
       6
       8
      12
       5
       7
       5
       5
       8
       3
       6
       1
       9
      10
       2
       7
       5
       9
       4
       5
      10
       6
       5
       5
       2
       6
      12
       7
       6
       6
       7
       5
       7
       6
      10
       5
       7
       6
       6
       4
       7
       7
       3
      11
       3
       5
       4
       8
       5
       4
       6
       3
       9
       3
       4
       7
       3
       4
       6
       5
       5
      11
       2
       8
       4
       8
       7
       5
       6
       5
      13
       5
       8
       9
       2
       8
       6
       3
       9
      10
       8
       4
      10
       8
       7
       1
       3
       7
       4
       9
       6
       7
       5
       4
       5
       3
       2
       6
      12
      10
       6
       7
       8
       2
       6
       4
       4
       5
       2
       1
       6
       7
       5
       3
       3
       6
       7
       4
       4
       1
       5
       6
       4
       7
       6
       6
       6
       4
       4
       7
       7
      14
       5
       7
       4
       3
       7
       4
       4
       5
       7
       3
       3
       8
      10
       8
       7
       3
       3
      12
       6
       8
       7
       9
       8
       7
       9
       8
       1
       8
       3
       3
       4
       6
       4
       7
       4
       9
       5
       3
       4
       8
       6
       7
       3
       8
       5
       5
       7
       3
       6
       4
       5
       5
       5
       9
       2
       5
       3
       2
       5
       8
       3
       2
       5
       3
       8
       7
       3
       8
       5
       7
       4
       4
       8
       5
       4
       5
       5
       7
       1
       8
       5
       5
       2
       5
       4
       4
       6
       2
       4
       5
       5
       5
       2
       4
       2
       8
       5
       5
       3
       4
       3
       3
       5
       4
       4
       8
       2
       5
       3
       0
       3
       2
       3
       1
       3
       4
       4
       4
       6
       0
       3
       3
       2
       7
       3
       3
       2
       2
       4
       5
       3
       4
       6
       2
       4
       3
       3
       2
      10
       5
       1
       6
       6
       3
       3
       1
       2
       7
       4
       1
       7
       2
       8
       1
       4
       0
       4
       4
       2
       2
       4
       6
       1
       1
       9
       3
       2
       4
       3
       7
       3
       2
       5
       3
       3
       3
       4
       3
       4
       1
       7
       5
       3
       1
       2
       2
       1
       2
       6
       8
       6
       2
       4
       3
       6
       6
       0
       5
       3
       2
       1
       2
       3
       4
       2
       1
       1
       8
       2
       0
       5
       5
       1
       4
       3
       3
       3
       0
       4
       4
       6
       4
       2
       3
       3
       5
       2
       6
       0
       4
       8
       4
       4
       7
       2
       4
       3
       4
       3
       4
       3
       3
       0
       4
       5
       5
       5
       2
       2
       2
       1
       3
       3
       2
       4
       5
       5
       3
       1
       2
       4
       3
       2
       2
       6
       6
       6
       2
       2
       2
       5
       1
       2
       3
       4
       3
       2
       1
       2
       3
       4
       4
       6
       2
       2
       6
       2
       0
       3
       2
       3
       4
       5
       4
       4
       6
       5
       4
       3
       3
       7
       4
       5
       7
       3
       4
       2
       1
       3
       5
       2
       5
       5
       7
       2
       3
       5
       5
       0
       5
       6
       3
       2
       2
       5
       2
       4
       3
       3
       4
       7
       3
       4
       5
       2
       7
       5
       4
       9
      10
      11
      16
      20
      32
      35
      31
      36
      39
      20
      32
      20
      19
      14
      13
       5
       4
       4
       5
       8
       7
       8
       6
       8
       1
      11
       5
       9
       4
       7
      12
       9
      10
       6
       3
       5
       8
       6
       4
       7
       5
       3
       1
       2
       6
       3
       3
       6
       1
       5
       3
       4
       3
       4
       5
       3
       8
       4
       4
       2
       4
       6
       2
       6
       5
       4
       2
       4
       3
       4
       5
       5
       3
       7
       2
       2
       3
       5
       4
       6
       1
       5
       1
       4
       6
       3
       0
       2
       2
       2
       3
       4
       4
       0
       2
       4
       7
       3
       7
       1
       7
       3
       4
       4
       5
       5
       7
       5
       8
       4
       8
       5
       6
       8
       8
       6
      10
       4
       5
       6
       5
       4
       3
       1
       5
       1
       4
       3
       2
       2
       4
       1
       2
       1
       1
       2
       0
       5
       5
       5
       5
       3
       4
       1
       0
       5
       3
       2
       2
       5
       1
       3
       4
       3
       3
       4
       2
       6
       2
       4
       2
       5
       4
       2
       1
       2
       1
       3
       5
       6
       5
       2
       3
       4
       2
       2
       3
       4
       0
       1
       6
       3
       2
       7
       1
       2
       4
       3
       3
       3
       5
       3
       3
       4
       3
       4
       2
       1
       5
       1
       2
       1
       2
       4
       2
       2
       1
       1
       4
       2
       3
       3
       4
       2
       4
       1
       2
       2
       1
       2
       2
       1
       1
       4
       5
       4
       1
       1
       3
       3
       1
       3
       7
       1
       6
       0
       3
       4
       1
       4
       2
       0
       2
       3
       0
       2
       4
       1
       2
       1
       3
       3
       3
       1
       5
       2
       2
       1
       2
       5
       3
       1
       2
       3
       2
       5
       3
       5
       3
       7
       3
       2
       4
       2
       2
       3
       3
       4
       0
       4
       1
       4
       0
       2
       3
       4
       2
       2
       3
       3
       4
       2
       4
       1
       1
       4
       3
       1
       5
       3
       2
       1
       3
       4
       1
       1
       1
       5
       4
       2
       2
       3
       2
       3
       1
       3
       4
       2
       0
       1
       2
       6
       2
       5
       0
       4
       3
       2
       3
       3
       3
       3
       2
       3
       3
       4
       0
       3
       1
       4
       0
       3
       1
       2
       1
       2
       0
       3
       4
       0
       5
       0
       2
       3
       1
       3
       2
       1
       3
       3
       0
       4
       1
       3
       1
       2
       3
       3
       3
       5
       2
       4
       4
       3
       5
       4
       3
       3
       2
       2
       4
       1
       4
       6
       2
       2
       1
       2
       2
       1
       3
       0
       0
       4
       0
       3
       3
       0
       1
       2
       5
       5
       2
       3
       1
       4
       2
       1
       2
       2
       3
       3
       3
       1
       4
       7
       4
       4
       4
       2
       2
       0
       4
       1
       2
       1
       1
       2
       3
       3
       5
       2
       4
       2
       1
       2
       2
       0
       3
       1
       4
       3
       5
       1
       2
       5
       2
       2
       1
       2
       1
       1
       1
       0
       4
       3
       3
       6
       2
       2
       0
       2
       3
       3
       1
       4
       3
       3
       5
       5
       4
       3
       0
       5
       6
       4
       6
       7
       6
      11
      11
       6
       8
       5
       5
       1
       5
       3
       3
       6
       3
       1
       2
       3
       2
       4
       3
       1
       2
       1
       4
       1
       5
       3
       2
       2
       3
       2
       6
       0
       4
       1
       1
       8
       3
       1
       2
       2
       7
       3
       2
       1
       2
       1
       3
       0
       1
       2
       4
       4
       2
       4
       1
       1
       1
       2
       3
       5
       3
       6
       2
       3
       1
       1
       1
       2
       2
       1
       1
       3
       6
       3
       1
       1
       2
       5
       2
       0
       2
       2
       4
       0
       1
       1
       3
       3
       3
       1
       2
       2
       3
       3
       1
       6
       1
       3
       0
       0
       2
       3
       0
       1
       3
       3
       1
       3
       3
       2
       2
       3
       2
       1
       0
       3
       1
       4
       2
       3
       3
       1
       4
       2
       4
       3
       2
       1
       1
       2
       2
       5
       1
       3
       1
       3
       1
       4
       0
       2
       3
       2
       1
       4
       3
       2
       1
       2
       3
       1
       2
       3
       2
       2
       0
       2
       3
       3
       3
       4
       0
       2
       1
       2
       2
       2
       2
       0
       0
       1
       1
       2
       4
       0
       0
       2
       2
       1
       4
       2
       4
       6
       2
       1
       2
       1
       3
       1
       4
       3
       3
       2
       0
       1
       0
       1
       5
       3
       1
       2
       2
       2
       2
       2
       3
       2
       3
       5
       2
       3
       0
       1
       1
       0
       1
       4
       3
       1
       0
       2
       4
       0
       3
       1
       2
       1
       1
       3
       0
       1
       0
       0
       3
       2
       1
       1
       0
       2
       1
       1
       1
       1
       2
       3
       2
       2
       1
       1
       1
       2
       0
       2
       0
       3
       0
       2
       3
       3
       0
       1
       2
       1
       0
       3
       1
       6
       2
       1
       1
       0
       3
       1
       1
       3
       2
       0
       1
       0
       4
       2
       1
       4
       1
       0
       4
       3
       1
       3
       0
       0
       2
       0
       0
       1
       1
       0
       0
       3
       3
       2
       0
       1
       2
       2
       2
       2
       1
       0
       2
       1
       1
       4
       3
       2
       0
       1
       3
       2
       0
       3
       2
       2
       1
       0
       1
       2
       1
       2
       1
       0
       2
       0
       1
       2
       0
       0
       0
       2
       3
       1
       0
       4
       0
       2
       2
       0
       3
       0
       3
       1
       4
       2
       5
       2
       6
       5
       1
       4
       5
       4
       1
       3
       5
       2
       1
       0
       1
       1
       1
       1
       0
       1
       1
       3
       3
       0
       0
       0
       1
       0
       1
       0
       2
       2
       0
       0
       0
       1
       1
       1
       0
       1
       4
       0
       1
       1
       2
       2
       2
       5
       0
       1
       1
       2
       0
       1
       0
       1
       0
       2
       2
       3
       2
       1
       4
       2
       0
       0
       3
       1
       2
       0
       0
       2
       2
       0
       1
       3
       1
       1
       1
       0
       1
       2
       2
       0
       2
       3
       0
       1
       2
       1
       1
       4
       4
       3
       4
       7
       4
       7
       4
       1
       3
       4
       4
       1
       0
       2
       1
       1
       0
       0
       1
       0
       0
       0
       0
       1
       0
       1
       1
       0
       3
       1
       2
       0
       0
       1
       1
       0
       0
       1
       1
       1
       1
       1
       0
       1
       1
       1
       2
       0
       1
       0
       1
       0
       0
       0
       1
       1
       0
       2
       1
       1
       0
       1
       0
       2
       0
       1
       1
       1
       1
       0
       0
       0
       1
       1
       1
       1
       0
       1
       1
       2
       1
       3
       5
       1
       6
       5
      11
       5
       6
      12
       8
      13
      11
      15
       9
      20
      25
      15
      17
       6
      11
       7
       4
       2
       3
       1
       1
       1
       0
       1
       1
       0
       0
       2
       0
       1
       0
       0
       0
       0
       1
       1
       0
       0
       1
       2
       0
       1
       2
       1
       3
       0
       0
       0
       0
       2
       0
       0
       1
       0
       0
       2
       3
       0
       2
       0
       0
       3
       0
       0
       1
       1
       1
       1
       1
       1
       1
       0
       2
       0
       2
       1
       0
       1
       1
       1
       1
       0
       0
       1
       1
       0
       0
       0
       0
       2
       0
       1
       1
       0
       0
       0
       0
       0
       0
       1
       2
       0
       0
       2
       2
       0
       1
       0
       1
       0
       0
       0
       1
       1
       1
       2
       1
       0
       2
       1
       0
       2
       1
       1
       0
       1
       0
       0
       2
       1
       0
       0
       0
       1
       0
       0
       0
       1
       0
       1
       2
       1
       0
       1
       1
       0
       2
       0
       2
       0
       0
       2
       1
       2
       1
       0
       1
       2
       3
       2
       0
       2
       1
       1
       1
       0
       0
       2
       0
       0
       0
       0
       0
       0
       1
       1
       1
       0
       0
       0
       0
       0
       0
       0
       0
       0
       0
       0
       0
       0
       0
       0
       0
       0
       1
       1
       0
       0
       0
       1
       0
       0
       1
       2
       1
       1
       0
       2
       0
       0
       1
       1
       0
       1
       0
       1
       1
       0
       0
       2
       0
       0
       0
       1
       0
       1
       0
       0
       1
       1
       1
       1
       0
       0
       0
       1
       0
       0
       1
       1
       1
       2
       0
       1
       0
       0
       0
       0
       0
       0
       0
       0
       0
       2
       0
       0
       1
       1
       0
       0
       2
       0
       0
       1
       0
       1
       0
       1
       0
       2
       0
       0
       0
       1
       1
       1
       0
       0
       1
       0
       1
       0
       3
       0
       0
       0
       0
       1
       0
       1
       3
       2
       0
       1
       0
       1
       0
       0
       0
       0
       0
       0
       1
       3
       1
       0
       1
       0
       0
       0
       0
       0
       1
       0
       0
       0
       1
       0
       0
       1
       1
       3
       0
       0
       1
       0
       0
       1
       0
       3
       0
       1
       1
       0
       1
       1
       2
       3
       4
       2
       2
       2
       5
       3
       7
       4
      15
       9
      21
      25
      15
      30
      21
      32
      23
      19
      29
      23
      27
      11
      11
       0
       0
       0
       0
       0
       0
       0
       0
       0
       0
       0
       0
       0
       0
       0
       0
       0
       0
       0
       0
       0
       0
       0
       0
       0
       0
       0
       0
       0
       0
       0
       0
       0
       0
       0
       0
       0
       0
       0
       0
       0
       0
       0
       0
       0
       0
       0
       0
       0
       0
       0
       0
       0
       0
       0
       0
       0
       0
       0
       0
       0
       0
       0
       0
       0
       0
       0
       0
       0
       0
       0
       0
       0
       0
       0
       0
       0
       0
       0
       0
       0
       0
       0
       0
       0
       0
       0
       0
       0
       0
       0
       0
       0
       0
       0
       0
       0
       0
       0
       0
       0
       0
       0
       0
       0
       0
       0
       0
       0
       0
       0
       0
       0
       0
       0
       0
       0
       0
       0
       0
       0
       0
       0
       0
       0
       0
       0
       0
$ROI:
0
$PRESETS:
None
0
0
$ENER_FIT:
0.000000 0.383922
$MCA_CAL:
3
0.000000E+000 3.839219E-001 0.000000E+000 keV
$SHAPE_CAL:
3
0.000000E+000 0.000000E+000 0.000000E+000
