$SPEC_ID:
Cs137
$SPEC_REM:
DET# 2
DETDESC# DETECTOR 2
AP# Maestro Version 7.01
$DATE_MEA:
02/13/2017 22:18:58
$MEAS_TIM:
2991 3152
$DATA:
0 8191
       0
       0
       0
       0
       0
       0
       0
       0
       0
       0
       0
       0
       0
       0
       0
       0
       0
       0
       0
       0
       0
       0
       0
       0
       0
       0
       0
       0
       0
       0
       0
       0
       0
       0
       0
       0
       0
       0
       0
       0
       0
       0
       0
       0
       0
       0
       0
       0
       0
       0
       0
       0
       0
       0
       0
       0
       0
       0
       0
       0
       0
       0
       0
       0
       0
       0
       0
       0
       0
       0
       0
       0
       0
       0
       0
       0
       0
       0
       0
       0
       0
       0
       0
       0
       0
       0
       0
       0
       0
       0
       0
       0
       0
       0
       0
       2
     198
    3214
    4837
    4774
    4966
    4976
    5034
    5074
    5047
    5074
    5093
    5275
    5228
    5089
    5203
    5137
    5309
    5346
    5358
    5439
    5353
    5460
    5440
    5508
    5525
    5455
    5398
    5419
    5528
    5655
    5466
    5544
    5515
    5577
    5405
    5261
    5289
    5199
    5253
    5209
    5227
    5141
    5022
    5238
    5111
    5106
    5116
    5434
    5236
    5356
    5365
    5539
    5613
    5718
    6089
    6077
    6314
    6513
    6507
    6621
    6720
    6648
    6853
    6945
    6795
    6747
    6999
    6943
    6811
    7049
    6998
    7090
    7286
    7348
    7261
    7079
    7287
    7330
    7427
    7625
    7816
    7781
    7961
    8090
    8007
    8157
    8510
    8435
    8746
    8943
   10011
   14482
   25753
   34941
   29347
   17841
   15067
   25170
   46114
   53986
   35747
   17482
   10448
    8659
    7752
    7197
    6942
    6955
    6830
    6957
    6535
    6550
    6678
    6511
    6647
    6626
    6703
    6781
    6756
    6930
    7031
    8015
   10905
   16876
   22778
   22290
   15871
   10304
    8203
    8582
   10685
   12273
   11197
    9114
    7631
    7116
    7064
    7211
    7102
    7434
    7743
    7949
    7998
    8245
    8397
    8450
    8401
    8569
    8496
    8497
    8302
    8288
    8301
    8153
    8120
    7970
    7969
    7898
    7903
    8009
    7726
    7812
    7750
    7745
    7909
    7767
    7582
    7707
    7574
    7577
    7620
    7619
    7542
    7551
    7532
    7550
    7566
    7762
    7694
    7852
    7711
    7710
    8005
    8057
    8083
    8089
    8253
    8399
    8632
    8878
    8842
    9141
    9049
    9513
    9569
    9751
    9767
    9859
   10102
   10174
   10234
   10183
   10101
   10289
   10208
   10225
   10146
   10401
   10417
   10400
   10352
    9971
   10248
   10163
   10197
   10194
   10177
    9898
   10221
   10048
   10160
   10013
   10020
   10063
   10164
    9785
    9967
    9885
    9933
    9734
   10085
    9845
    9958
    9982
   10018
    9974
    9988
   10100
   10167
   10180
   10227
   10188
   10055
   10537
   10486
   10735
   11377
   13972
   20952
   28512
   27599
   20106
   13856
   11696
   11227
   11218
   10883
   10473
    9955
    9561
    9271
    8512
    8007
    7749
    7038
    6654
    6390
    6424
   11606
   42830
  139036
  275061
  304785
  189571
   73994
   27236
   15045
   11255
    9111
    8089
    7486
    6681
    5777
    5120
    4629
    4401
    4419
    4238
    4103
    4260
    4096
    4184
    4374
    4141
    4244
    4308
    4250
    4258
    4165
    4116
    4179
    4250
    4183
    4224
    4142
    4159
    4169
    4189
    4276
    4243
    4406
    4392
    4198
    4377
    4324
    4176
    4162
    4232
    4179
    4187
    4164
    4061
    4191
    4304
    4197
    4102
    4232
    4134
    4106
    4084
    4244
    4161
    4196
    4120
    4272
    4202
    4250
    4218
    4189
    4230
    4295
    4385
    4251
    4268
    4346
    4432
    4462
    4545
    4831
    4682
    4838
    4848
    4745
    4875
    4799
    4790
    4872
    4886
    4916
    4919
    4872
    4825
    4945
    4947
    4884
    4827
    4968
    4817
    4768
    4917
    4690
    4650
    4681
    4771
    4666
    4824
    4743
    4622
    4508
    4748
    4586
    4626
    4647
    4613
    4742
    4765
    4661
    4618
    4679
    4633
    4497
    4521
    4450
    4546
    4546
    4526
    4447
    4454
    4523
    4526
    4497
    4517
    4406
    4334
    4435
    4507
    4446
    4396
    4451
    4483
    4472
    4467
    4370
    4518
    4273
    4296
    4301
    4388
    4231
    4319
    4272
    4274
    4369
    4342
    4343
    4298
    4201
    4279
    4327
    4480
    4806
    4844
    4852
    4542
    4322
    4338
    4248
    4263
    4265
    4404
    4287
    4266
    4182
    4252
    4286
    4178
    4259
    4335
    4355
    4332
    4288
    4333
    4460
    4322
    4415
    4351
    4399
    4418
    4370
    4211
    4409
    4282
    4259
    4353
    4318
    4226
    4382
    4204
    4236
    4262
    4242
    4252
    4327
    4215
    4309
    4470
    4304
    4217
    4212
    4175
    4175
    4201
    4182
    4205
    4145
    4147
    4069
    4209
    4229
    4178
    4096
    4157
    4229
    4176
    3996
    4088
    4271
    4118
    4161
    4124
    4138
    4147
    4220
    4199
    4148
    4224
    4158
    4164
    4205
    4133
    4046
    4105
    4060
    4167
    4119
    4159
    4310
    4266
    4417
    4373
    4135
    4041
    4054
    4111
    4131
    4221
    4116
    4196
    3956
    4040
    4225
    4191
    4203
    4189
    4109
    4159
    4053
    3919
    4079
    4065
    4097
    3981
    3933
    3914
    3999
    4071
    3857
    3870
    3979
    3885
    3852
    3927
    3976
    3977
    3962
    3952
    3955
    3917
    3981
    3979
    3985
    3945
    3897
    3946
    3905
    4035
    4023
    3836
    3924
    3992
    3852
    3798
    3971
    3975
    3923
    3932
    3847
    3891
    3807
    3948
    3826
    3882
    3831
    3873
    3908
    3910
    3911
    3837
    3916
    3852
    3906
    3812
    3795
    3944
    3746
    3869
    3904
    3900
    3901
    3773
    3806
    3810
    3798
    3805
    3850
    3853
    3761
    3834
    3781
    3721
    3744
    3776
    3843
    3884
    3788
    3905
    3820
    3761
    3780
    3773
    3738
    3854
    3720
    3875
    3763
    3895
    3752
    3788
    3842
    3757
    3620
    3810
    3857
    3751
    3750
    3882
    3901
    3805
    3803
    3779
    3745
    3778
    3822
    3817
    3732
    3760
    3821
    3687
    3649
    3666
    3802
    3879
    3915
    3752
    3877
    3755
    3826
    3763
    3717
    3812
    3748
    3704
    3865
    3772
    3757
    3778
    3859
    3810
    3788
    3786
    3736
    3784
    3781
    3870
    3757
    3687
    3708
    3751
    3826
    3745
    3722
    3751
    3735
    3757
    3772
    3818
    3874
    3752
    3764
    3858
    3751
    3915
    3806
    3773
    3812
    3840
    3733
    3727
    3759
    3851
    3838
    3781
    3900
    3805
    3910
    3877
    3821
    3862
    3714
    3816
    3878
    3911
    3861
    3814
    3805
    3916
    3838
    3888
    3920
    3837
    3909
    3837
    3913
    3850
    3832
    3996
    3890
    3952
    3961
    3858
    3931
    3862
    3933
    3947
    4046
    3884
    3937
    4045
    3937
    3887
    3826
    4051
    3935
    3981
    4070
    3882
    4015
    4048
    3848
    3950
    4030
    3893
    3915
    4023
    4028
    3966
    4036
    3858
    4056
    4134
    4198
    4221
    4124
    4099
    3977
    4082
    3981
    3995
    3932
    3882
    3870
    4075
    3976
    3903
    3931
    3903
    3976
    3860
    3976
    3760
    3790
    3878
    3795
    3850
    3865
    3779
    3709
    3611
    3633
    3680
    3565
    3574
    3429
    3300
    3292
    3348
    3320
    3181
    3250
    3192
    3171
    2991
    3156
    2955
    3011
    3013
    2877
    3030
    2906
    2975
    2910
    2884
    2913
    2936
    2883
    2807
    2878
    2836
    2834
    2850
    2904
    2907
    2815
    2825
    2789
    2659
    2593
    2717
    2711
    2687
    2798
    2681
    2735
    2776
    2679
    2575
    2570
    2693
    2694
    2613
    2682
    2587
    2720
    2560
    2504
    2560
    2588
    2589
    2597
    2568
    2580
    2503
    2574
    2461
    2535
    2511
    2502
    2526
    2450
    2483
    2543
    2446
    2351
    2469
    2387
    2428
    2609
    2618
    2950
    3884
    5367
    6373
    5863
    4526
    3445
    2792
    2439
    2443
    2458
    2461
    2589
    2367
    2317
    2344
    2352
    2332
    2366
    2397
    2209
    2382
    2213
    2329
    2318
    2733
    3341
    4288
    4696
    4416
    3624
    2813
    2465
    2381
    2291
    2253
    2305
    2211
    2177
    2192
    2302
    2225
    2166
    2228
    2278
    2268
    2322
    2515
    2519
    2461
    2346
    2273
    2176
    2127
    2115
    2213
    2148
    2113
    2113
    2121
    2114
    2105
    2102
    2062
    2109
    2058
    2021
    1955
    2008
    2042
    2081
    1999
    2098
    2018
    2059
    2063
    2105
    2050
    2025
    2035
    2032
    2016
    2046
    2038
    1955
    1955
    1973
    1921
    1921
    1917
    1963
    2003
    2008
    1958
    1889
    1914
    1934
    1847
    1871
    1915
    1960
    1898
    1897
    1898
    1970
    1897
    1904
    1952
    1796
    1893
    1824
    1875
    1896
    1866
    1882
    1760
    1837
    1926
    1839
    1884
    1864
    1878
    1721
    1800
    1755
    1791
    1885
    1803
    1815
    1850
    1848
    1793
    1830
    1899
    1888
    1843
    1845
    1749
    1733
    1789
    1777
    1882
    1793
    1746
    1772
    1789
    1784
    1818
    1780
    1755
    1792
    1820
    1785
    1697
    1785
    1728
    1747
    1746
    1690
    1736
    1722
    1754
    1742
    1687
    1745
    1745
    1686
    1731
    1815
    1770
    1795
    1675
    1641
    1605
    1683
    1711
    1730
    1690
    1756
    1713
    1631
    1662
    1675
    1756
    1675
    1604
    1754
    1653
    1639
    1620
    1718
    1738
    1582
    1652
    1709
    1652
    1693
    1726
    1676
    1650
    1626
    1662
    1609
    1675
    1614
    1663
    1660
    1636
    1543
    1586
    1583
    1607
    1637
    1702
    1580
    1635
    1553
    1600
    1572
    1598
    1620
    1578
    1608
    1613
    1646
    1542
    1546
    1580
    1516
    1515
    1565
    1724
    1748
    1873
    2058
    1975
    1910
    1705
    1548
    1497
    1564
    1530
    1523
    1554
    1486
    1546
    1495
    1540
    1519
    1503
    1452
    1455
    1513
    1477
    1439
    1531
    1437
    1449
    1556
    1413
    1481
    1430
    1473
    1500
    1467
    1483
    1384
    1457
    1414
    1420
    1439
    1402
    1468
    1396
    1436
    1404
    1404
    1407
    1398
    1432
    1443
    1400
    1483
    1496
    1656
    1732
    1723
    1690
    1599
    1548
    1493
    1473
    1416
    1436
    1372
    1459
    1493
    1565
    1656
    1800
    1660
    1555
    1471
    1521
    1391
    1315
    1388
    1352
    1402
    1385
    1361
    1378
    1332
    1311
    1367
    1335
    1329
    1303
    1311
    1375
    1358
    1376
    1405
    1397
    1360
    1337
    1359
    1355
    1365
    1248
    1350
    1337
    1330
    1322
    1308
    1384
    1379
    1302
    1348
    1407
    1385
    1361
    1355
    1393
    1372
    1416
    1288
    1389
    1282
    1379
    1420
    1450
    1457
    1444
    1526
    1636
    1862
    2430
    3373
    5193
    8480
   14322
   23661
   37098
   54397
   72397
   87840
   96084
   93302
   80915
   62957
   45415
   31001
   20027
   12865
    8227
    5580
    3877
    2961
    2315
    2003
    1631
    1585
    1445
    1568
    1792
    2016
    2183
    1952
    1631
    1395
    1212
    1189
    1189
    1166
    1161
    1157
    1119
    1135
    1160
    1130
    1101
    1128
    1061
    1071
    1134
    1151
    1122
    1097
    1104
    1061
    1057
     991
    1034
    1015
    1061
    1063
    1036
     993
    1036
    1003
    1042
    1018
    1026
    1078
    1055
     956
    1019
    1023
     994
    1003
    1010
    1058
    1016
     931
    1019
    1032
     999
     984
    1038
     957
     982
     962
    1021
     976
     997
    1039
    1022
     975
     964
     890
     923
    1003
     919
    1017
     974
     991
    1036
     998
    1028
     999
    1039
     993
    1029
     990
     980
     965
     977
     936
     989
     936
     993
     913
     994
    1000
     936
     939
     938
     927
     973
    1008
     979
    1012
     971
     965
     981
     969
     951
     997
     923
     998
     998
     918
     952
     908
     994
     997
    1063
    1047
    1071
    1106
     991
    1046
     950
     923
     942
     953
     912
     966
     992
     872
     996
     977
     915
    1054
    1139
    1381
    1646
    1725
    1651
    1354
    1180
    1024
     984
     940
     971
    1002
    1041
     968
     954
     944
     895
     989
     983
     926
     935
     913
     951
     940
     915
     959
     904
     951
     954
     963
     928
     919
     879
     920
     928
     897
     940
     977
     950
     936
     973
     979
     964
     932
     956
     939
     877
     912
     913
     969
     920
     929
     884
     927
     929
     992
     917
     937
     929
     977
     916
     893
     922
     917
     902
     861
     920
     896
     883
     909
     933
     941
     932
     898
     898
     970
     888
     890
     918
     835
     858
     875
     926
     870
     877
     967
     928
     935
     934
     910
     877
     917
     844
     925
     903
     912
     897
     878
     926
     919
     902
     967
     919
     892
     909
     901
     915
     953
     948
     945
     900
     896
     911
     964
     924
     925
     881
     902
     856
     891
     890
     881
     878
     879
     871
     901
     856
     847
     876
     892
     888
     921
     857
     871
     894
     873
     948
     843
     875
     887
     855
     887
     897
     858
     926
     892
     882
     851
     889
     836
     872
     910
     917
     865
     872
     928
     888
     892
     851
     850
     878
     879
     833
     854
     832
     867
     884
     823
     856
     900
     874
     832
     790
     846
     886
     867
     865
     892
     908
     870
     918
     861
     843
     920
     874
     866
     866
     841
     881
     847
     829
     857
     868
     936
     861
     828
     869
     882
     848
     862
     815
     864
     885
     835
     832
     921
     866
     850
     881
     847
     905
     892
     874
     869
     896
     938
     906
     884
     921
     944
     866
     911
     878
     927
     843
     870
     839
     839
     865
     851
     869
     841
     928
    1163
    1220
    1435
    1399
    1282
    1091
     997
     868
     839
     844
     870
     816
     854
     861
     857
     809
     819
     813
     876
     815
     790
     832
     841
     852
     806
     846
     825
     832
     794
     860
     902
     831
     786
     789
     812
     808
     842
     824
     816
     866
     841
     858
     788
     833
     782
     817
     793
     841
     804
     790
     841
     847
     801
     832
     823
     860
     827
     852
     852
     870
     793
     866
     757
     830
     786
     815
     862
     864
     837
     785
     810
     868
     889
     857
     855
     883
     814
     866
     840
     819
     865
     811
     826
     763
     785
     871
     836
     804
     871
     798
     784
     817
     791
     822
     789
     814
     823
     838
     872
     773
     813
     795
     834
     844
     804
     817
     841
     817
     814
     788
     863
     810
     782
     821
     883
     852
     859
     832
     841
     848
     828
     848
     802
     876
     819
     827
     797
     826
     840
     802
     797
     798
     861
     810
     783
     828
     843
     821
     820
     765
     811
     830
     821
     777
     813
     767
     814
     798
     804
     838
     812
     783
     761
     828
     827
     816
     819
     840
     823
     822
     873
     892
     913
     908
     891
     833
     839
     829
     803
     850
     791
     808
     849
     790
     846
     848
     824
     786
     822
     839
     748
     782
     785
     844
     820
     822
     829
     762
     815
     794
     855
     810
     808
     801
     810
     796
     810
     825
     807
     815
     830
     846
     829
     815
     827
     806
     788
     786
     836
     780
     800
     825
     799
     797
     803
     861
     842
     811
     829
     837
     871
     887
     956
    1113
    1189
    1233
    1187
    1023
     940
     874
     880
     809
     805
     802
     779
     795
     836
     776
     813
     788
     810
     815
     776
     832
     830
     776
     870
     857
     792
     785
     786
     811
     781
     884
     812
     828
     836
     826
     836
     845
     864
     913
     849
     893
     790
     857
     881
     843
     777
     763
     802
     797
     810
     796
     825
     833
     837
     861
     832
     789
     894
     935
     912
     949
     959
     921
     889
     816
     804
     772
     824
     771
     807
     799
     868
     826
     833
     791
     867
     783
     805
     826
     800
     820
     813
     852
     854
     807
     851
     805
     871
     934
    1094
    1366
    1609
    1809
    1701
    1572
    1311
    1037
     916
     825
     893
     854
     864
     870
     841
     866
     830
     788
     836
     831
     893
     873
     793
     814
     810
     803
     872
     787
     874
     836
     820
     805
     821
     815
     810
     846
     882
     796
     862
     838
     844
     861
     849
     846
     860
     855
     832
     879
     878
     845
     826
     886
     827
     871
     836
     871
     870
     847
     859
     869
     945
     822
     863
     788
     900
     886
     857
     815
     814
     830
     882
     900
     850
     880
     863
     890
     861
     890
     853
     920
     857
     854
     885
     851
     926
     918
     961
    1008
     986
     938
     941
     913
     897
     920
     900
     936
     956
     885
     908
     859
     852
     919
     876
     864
     888
     904
     912
     895
     855
     870
     930
     864
     936
     900
     907
     887
     939
     850
     997
     889
     916
     931
     891
     907
     868
     937
     907
    1022
    1020
    1213
    1379
    1646
    1772
    1767
    1487
    1261
    1158
    1054
     978
     894
     968
     923
     934
     935
     908
     891
     927
     931
     988
     946
     938
     912
     905
     960
     980
     932
     873
     914
     940
     983
     930
     862
     961
     989
     963
     925
     965
     981
     920
     916
     979
     940
     927
     956
     951
     985
    1003
     988
     917
    1011
     962
     975
     971
    1060
    1010
    1025
    1070
    1023
    1045
    1171
    1190
    1117
    1159
     992
     986
     985
    1064
    1027
     946
    1001
     998
     965
     996
    1000
     996
     970
    1027
    1011
    1029
    1028
     961
     996
     992
    1015
    1010
     967
     972
     981
     999
    1042
     997
    1052
    1061
    1012
    1024
    1020
    1047
    1048
     968
    1038
    1044
     972
    1005
    1093
     996
    1009
    1075
    1032
     982
    1051
     967
     988
    1021
    1022
    1030
    1014
    1047
    1029
    1003
    1009
    1039
    1092
    1072
     997
    1071
    1047
    1029
    1052
    1101
    1077
    1134
    1110
    1030
    1029
    1104
    1096
    1104
    1062
    1080
    1068
    1044
    1058
    1081
    1059
    1085
    1064
    1089
    1013
    1042
    1107
    1131
    1056
    1079
    1098
    1100
    1111
    1080
    1104
    1116
    1127
    1120
    1200
    1357
    1590
    1900
    2258
    2351
    2251
    1987
    1609
    1407
    1229
    1200
    1121
    1147
    1150
    1113
    1084
    1135
    1127
    1169
    1107
    1168
    1184
    1152
    1171
    1225
    1079
    1161
    1140
    1137
    1134
    1128
    1102
    1133
    1149
    1150
    1114
    1157
    1158
    1169
    1083
    1160
    1117
    1191
    1124
    1139
    1175
    1144
    1112
    1226
    1311
    1417
    1490
    1536
    1579
    1459
    1381
    1250
    1207
    1189
    1154
    1141
    1154
    1144
    1131
    1170
    1060
    1124
    1132
    1141
    1137
    1070
    1097
    1099
    1096
    1058
    1123
    1125
    1024
    1026
     980
    1007
     960
     952
     956
     969
     950
     991
     915
     918
     881
     858
     936
     829
     834
     855
     871
     764
     807
     827
     821
     819
     844
     839
     761
     823
     753
     744
     784
     791
     789
     729
     759
     749
     834
     829
     961
    1074
    1174
    1292
    1330
    1229
    1124
     913
     856
     798
     733
     728
     700
     725
     679
     693
     740
     680
     712
     730
     720
     749
     705
     719
     713
     727
     709
     688
     661
     693
     730
     682
     704
     704
     655
     661
     741
     716
     672
     673
     723
     678
     671
     712
     660
     685
     743
     697
     684
     663
     677
     679
     671
     675
     687
     664
     691
     653
     674
     637
     624
     668
     677
     638
     670
     648
     635
     657
     691
     648
     601
     643
     653
     620
     644
     632
     617
     587
     590
     606
     620
     575
     609
     606
     629
     615
     630
     586
     626
     671
     607
     572
     595
     580
     608
     656
     569
     626
     636
     616
     603
     580
     609
     585
     589
     586
     555
     585
     626
     604
     596
     607
     530
     562
     556
     571
     565
     536
     568
     545
     533
     513
     566
     532
     495
     554
     569
     545
     571
     518
     540
     518
     543
     506
     499
     521
     546
     529
     462
     547
     520
     516
     536
     547
     516
     529
     518
     492
     463
     489
     499
     501
     510
     512
     487
     528
     485
     467
     502
     484
     501
     484
     473
     480
     439
     467
     470
     489
     471
     464
     454
     529
     472
     454
     440
     494
     460
     441
     486
     454
     467
     444
     447
     424
     461
     404
     459
     436
     415
     370
     438
     421
     384
     418
     412
     414
     401
     389
     407
     361
     395
     399
     413
     402
     383
     394
     393
     347
     400
     374
     394
     402
     361
     396
     379
     384
     407
     376
     352
     369
     330
     349
     389
     368
     366
     350
     373
     344
     365
     374
     383
     358
     409
     389
     353
     342
     379
     325
     356
     364
     319
     314
     338
     342
     353
     316
     371
     311
     353
     307
     349
     337
     299
     336
     294
     291
     323
     314
     310
     337
     334
     317
     312
     311
     353
     295
     360
     313
     339
     293
     299
     301
     332
     316
     308
     318
     274
     295
     327
     328
     326
     281
     289
     320
     306
     286
     274
     290
     308
     289
     267
     284
     304
     339
     271
     308
     324
     297
     302
     334
     294
     287
     287
     322
     299
     342
     363
     415
     416
     417
     408
     349
     333
     283
     313
     316
     280
     284
     260
     293
     252
     284
     258
     314
     274
     307
     298
     314
     277
     288
     288
     277
     253
     293
     272
     274
     317
     289
     259
     291
     288
     280
     293
     268
     248
     274
     283
     276
     301
     313
     278
     283
     259
     236
     293
     268
     297
     270
     278
     215
     263
     274
     298
     270
     250
     289
     277
     240
     271
     266
     281
     259
     261
     250
     258
     291
     278
     241
     269
     263
     276
     290
     277
     266
     280
     243
     252
     284
     284
     265
     253
     251
     235
     298
     288
     251
     268
     289
     260
     276
     266
     278
     283
     273
     267
     280
     288
     317
     352
     401
     498
     591
     617
     579
     579
     463
     395
     366
     344
     303
     288
     308
     281
     265
     243
     275
     275
     261
     267
     263
     283
     251
     248
     290
     291
     260
     289
     252
     294
     277
     257
     297
     267
     261
     250
     285
     290
     291
     275
     256
     263
     241
     247
     269
     253
     246
     276
     236
     295
     283
     243
     259
     261
     290
     284
     254
     250
     296
     282
     280
     259
     257
     266
     256
     269
     273
     288
     243
     278
     282
     299
     280
     305
     306
     296
     291
     300
     261
     296
     275
     297
     292
     306
     292
     282
     298
     288
     312
     300
     367
     457
     581
    1013
    1733
    3151
    5862
   10367
   17562
   27558
   38155
   46551
   48427
   42510
   31497
   19523
   10841
    5618
    3127
    1882
    1291
    1018
     809
     696
     496
     452
     362
     338
     315
     285
     288
     317
     295
     283
     311
     315
     277
     267
     280
     260
     267
     260
     262
     262
     288
     274
     279
     278
     283
     303
     287
     295
     262
     278
     272
     297
     244
     234
     270
     222
     251
     246
     242
     260
     235
     260
     236
     257
     235
     265
     247
     220
     232
     227
     244
     212
     237
     236
     248
     216
     242
     235
     214
     238
     239
     252
     232
     225
     238
     230
     227
     225
     234
     227
     248
     258
     327
     281
     337
     337
     399
     436
     430
     434
     426
     366
     335
     299
     276
     268
     252
     248
     266
     229
     229
     236
     207
     238
     231
     218
     248
     250
     209
     223
     216
     218
     237
     205
     244
     236
     215
     237
     246
     237
     279
     241
     246
     243
     270
     238
     205
     268
     237
     239
     200
     210
     225
     227
     248
     201
     228
     249
     238
     246
     243
     223
     255
     227
     216
     215
     213
     202
     237
     240
     249
     214
     212
     208
     228
     235
     206
     218
     240
     212
     219
     218
     212
     231
     228
     222
     224
     237
     223
     240
     241
     234
     224
     213
     212
     218
     229
     236
     241
     289
     312
     325
     339
     344
     369
     299
     284
     255
     238
     280
     241
     240
     255
     234
     260
     200
     247
     221
     223
     223
     217
     226
     236
     216
     222
     231
     234
     215
     253
     227
     241
     231
     235
     231
     212
     216
     202
     216
     245
     210
     225
     236
     221
     237
     235
     191
     239
     225
     207
     244
     237
     205
     225
     251
     210
     247
     208
     212
     243
     235
     234
     233
     234
     230
     237
     203
     210
     218
     213
     242
     224
     227
     238
     221
     213
     198
     218
     222
     220
     259
     210
     234
     212
     216
     186
     214
     217
     210
     225
     227
     196
     206
     216
     197
     197
     209
     239
     237
     195
     217
     247
     223
     256
     227
     220
     216
     224
     217
     256
     208
     214
     212
     230
     238
     241
     232
     240
     227
     211
     245
     211
     216
     201
     240
     239
     208
     236
     218
     218
     212
     216
     227
     227
     228
     233
     225
     244
     223
     231
     201
     196
     198
     205
     233
     221
     233
     215
     208
     242
     213
     255
     219
     223
     223
     243
     197
     228
     204
     207
     239
     229
     223
     220
     223
     221
     228
     230
     215
     215
     211
     237
     219
     213
     267
     222
     234
     222
     243
     254
     286
     332
     349
     454
     592
     695
     788
     755
     718
     556
     440
     372
     299
     240
     228
     235
     203
     227
     239
     243
     239
     223
     197
     220
     236
     208
     207
     191
     211
     225
     224
     221
     191
     221
     215
     213
     226
     195
     212
     242
     223
     218
     229
     221
     219
     195
     220
     219
     216
     207
     225
     234
     203
     232
     206
     171
     210
     246
     230
     203
     223
     242
     231
     226
     228
     239
     278
     330
     400
     487
     582
     703
     837
     991
    1137
    1115
    1195
    1043
     841
     633
     466
     380
     298
     280
     254
     226
     275
     261
     236
     260
     231
     228
     225
     237
     221
     233
     238
     220
     205
     254
     248
     234
     252
     201
     247
     198
     246
     212
     245
     235
     238
     232
     222
     261
     230
     241
     249
     253
     263
     233
     278
     243
     241
     233
     230
     217
     234
     238
     237
     227
     220
     239
     236
     221
     225
     234
     221
     214
     256
     236
     222
     229
     239
     242
     252
     224
     208
     250
     260
     225
     225
     207
     232
     228
     219
     246
     194
     255
     239
     232
     227
     241
     240
     258
     244
     260
     230
     239
     234
     229
     236
     223
     224
     243
     230
     246
     219
     213
     233
     227
     226
     242
     219
     216
     227
     249
     226
     241
     229
     244
     234
     240
     222
     245
     221
     259
     257
     212
     228
     214
     246
     242
     240
     248
     203
     226
     258
     210
     231
     242
     220
     237
     214
     271
     239
     240
     238
     212
     226
     225
     209
     223
     248
     243
     234
     209
     222
     235
     244
     254
     243
     224
     211
     231
     219
     206
     244
     227
     230
     251
     220
     225
     230
     228
     211
     245
     234
     216
     222
     231
     233
     210
     232
     226
     227
     247
     218
     225
     244
     263
     256
     256
     259
     244
     247
     232
     225
     250
     266
     256
     243
     209
     237
     261
     252
     230
     250
     210
     280
     245
     257
     233
     230
     246
     202
     220
     233
     256
     206
     231
     255
     216
     243
     234
     226
     236
     227
     225
     206
     228
     228
     252
     223
     245
     265
     213
     239
     241
     219
     227
     235
     254
     245
     241
     241
     247
     227
     236
     245
     264
     220
     235
     238
     239
     223
     230
     238
     211
     211
     219
     239
     245
     236
     232
     210
     229
     247
     226
     216
     244
     224
     226
     227
     215
     237
     233
     238
     229
     221
     234
     241
     245
     257
     227
     261
     231
     237
     217
     250
     225
     260
     227
     251
     232
     260
     216
     213
     231
     240
     219
     203
     236
     230
     241
     254
     252
     232
     236
     251
     206
     208
     239
     241
     242
     236
     200
     215
     224
     239
     223
     221
     219
     246
     229
     231
     227
     240
     235
     234
     218
     213
     250
     232
     238
     222
     250
     237
     234
     239
     225
     224
     219
     228
     235
     230
     207
     237
     208
     223
     215
     214
     215
     228
     227
     224
     241
     238
     229
     255
     229
     222
     226
     227
     221
     220
     199
     234
     215
     233
     229
     205
     253
     249
     240
     226
     254
     237
     224
     242
     215
     208
     216
     230
     254
     206
     223
     226
     187
     228
     219
     222
     215
     209
     205
     253
     220
     238
     234
     254
     249
     224
     221
     235
     252
     229
     218
     235
     227
     212
     211
     242
     244
     231
     204
     256
     222
     215
     231
     200
     240
     239
     229
     245
     215
     239
     233
     236
     251
     248
     230
     259
     277
     264
     276
     265
     270
     252
     232
     269
     261
     243
     225
     229
     199
     243
     239
     197
     220
     233
     243
     226
     236
     267
     283
     297
     320
     354
     389
     349
     374
     342
     295
     275
     258
     225
     237
     254
     224
     240
     221
     237
     263
     213
     252
     239
     259
     242
     216
     230
     258
     224
     243
     234
     232
     253
     207
     224
     253
     240
     244
     215
     216
     205
     205
     219
     226
     228
     204
     193
     267
     214
     230
     213
     231
     264
     248
     228
     219
     243
     247
     244
     240
     245
     223
     237
     241
     219
     266
     238
     216
     234
     243
     224
     225
     227
     230
     228
     228
     221
     229
     221
     246
     244
     233
     188
     234
     218
     244
     258
     230
     222
     247
     225
     222
     238
     206
     232
     240
     246
     246
     220
     240
     227
     215
     233
     230
     229
     242
     222
     254
     226
     210
     204
     215
     208
     210
     248
     208
     209
     224
     207
     238
     227
     241
     247
     240
     219
     231
     210
     229
     254
     224
     233
     208
     225
     194
     264
     255
     209
     213
     219
     243
     227
     225
     239
     244
     214
     234
     229
     249
     223
     225
     201
     182
     237
     216
     214
     244
     228
     245
     247
     238
     239
     216
     259
     229
     236
     212
     224
     234
     230
     213
     245
     228
     230
     233
     236
     233
     222
     207
     245
     250
     256
     211
     221
     224
     223
     207
     238
     242
     229
     239
     269
     231
     220
     236
     228
     261
     225
     224
     264
     243
     233
     242
     220
     241
     249
     207
     235
     215
     227
     227
     253
     225
     230
     204
     220
     230
     223
     224
     212
     223
     236
     237
     235
     237
     219
     214
     254
     227
     219
     264
     215
     234
     214
     249
     234
     237
     249
     239
     239
     234
     240
     227
     235
     235
     235
     225
     231
     224
     245
     254
     251
     226
     265
     265
     247
     227
     230
     221
     238
     229
     223
     209
     231
     212
     222
     241
     216
     227
     218
     239
     272
     272
     281
     300
     311
     331
     373
     377
     409
     416
     350
     352
     275
     265
     275
     251
     240
     229
     245
     204
     220
     232
     257
     235
     232
     235
     253
     255
     245
     250
     270
     229
     264
     255
     247
     225
     214
     236
     265
     184
     210
     238
     232
     235
     246
     236
     240
     252
     217
     253
     260
     272
     260
     234
     230
     228
     214
     228
     247
     218
     242
     228
     255
     238
     225
     237
     246
     260
     225
     247
     225
     267
     245
     256
     253
     227
     226
     237
     253
     272
     225
     222
     255
     253
     234
     241
     246
     239
     224
     262
     256
     243
     282
     279
     241
     275
     299
     384
     463
     478
     594
     779
     896
     898
     989
     862
     810
     621
     512
     372
     332
     311
     249
     277
     258
     231
     248
     253
     265
     238
     238
     241
     251
     212
     243
     213
     241
     258
     238
     241
     215
     251
     238
     253
     255
     269
     258
     262
     259
     238
     246
     278
     255
     271
     218
     244
     239
     242
     264
     237
     230
     250
     272
     245
     256
     253
     267
     266
     211
     247
     249
     227
     229
     268
     258
     261
     240
     237
     243
     254
     258
     268
     273
     253
     280
     245
     251
     264
     267
     226
     288
     243
     220
     233
     272
     221
     278
     233
     256
     235
     225
     248
     222
     235
     237
     243
     240
     256
     252
     232
     248
     226
     210
     211
     236
     235
     229
     208
     235
     259
     246
     276
     213
     226
     237
     248
     247
     239
     268
     264
     261
     281
     319
     343
     335
     336
     358
     301
     287
     258
     269
     219
     253
     246
     228
     261
     257
     255
     212
     244
     226
     252
     253
     229
     225
     253
     269
     262
     248
     244
     261
     234
     263
     231
     245
     250
     245
     242
     229
     246
     270
     287
     340
     329
     356
     384
     422
     461
     449
     450
     474
     452
     389
     359
     322
     316
     289
     260
     277
     266
     266
     251
     241
     227
     213
     269
     259
     242
     265
     214
     212
     259
     239
     230
     224
     237
     227
     251
     251
     268
     242
     220
     278
     229
     235
     222
     239
     265
     253
     238
     231
     242
     254
     229
     253
     228
     271
     234
     257
     232
     220
     244
     240
     247
     243
     227
     244
     257
     223
     225
     234
     235
     246
     252
     227
     262
     214
     233
     254
     261
     231
     245
     246
     248
     242
     232
     215
     270
     243
     243
     246
     236
     278
     254
     231
     238
     228
     255
     259
     234
     233
     253
     258
     259
     265
     255
     257
     232
     255
     252
     311
     295
     316
     368
     401
     386
     386
     407
     356
     355
     292
     297
     256
     251
     255
     254
     233
     246
     218
     266
     249
     245
     255
     280
     248
     246
     261
     267
     227
     240
     278
     279
     283
     266
     258
     241
     273
     242
     258
     245
     222
     250
     248
     236
     246
     272
     247
     229
     245
     249
     263
     219
     256
     240
     237
     247
     218
     243
     242
     251
     248
     262
     245
     277
     234
     238
     239
     256
     273
     267
     276
     249
     224
     246
     249
     261
     257
     260
     250
     251
     242
     272
     267
     258
     230
     274
     294
     278
     299
     246
     244
     259
     250
     265
     278
     256
     226
     233
     261
     249
     274
     257
     254
     260
     267
     239
     272
     244
     261
     273
     246
     251
     291
     258
     243
     239
     231
     233
     274
     252
     250
     254
     242
     231
     247
     271
     251
     241
     282
     308
     283
     267
     263
     243
     244
     230
     259
     261
     261
     266
     247
     255
     273
     265
     249
     276
     247
     246
     236
     234
     253
     248
     234
     257
     248
     264
     262
     272
     223
     265
     276
     263
     271
     242
     271
     275
     257
     237
     266
     237
     254
     279
     264
     221
     255
     218
     252
     258
     246
     303
     249
     257
     266
     278
     239
     278
     221
     262
     258
     252
     235
     245
     249
     258
     273
     269
     260
     283
     272
     242
     265
     267
     258
     277
     267
     285
     269
     277
     295
     274
     289
     266
     280
     251
     279
     282
     244
     298
     245
     287
     278
     264
     262
     260
     256
     280
     238
     292
     294
     288
     311
     330
     317
     354
     424
     511
     548
     623
     745
     943
    1097
    1210
    1326
    1441
    1476
    1445
    1378
    1305
    1196
     946
     786
     641
     533
     448
     421
     357
     320
     310
     313
     265
     283
     307
     306
     290
     317
     288
     301
     257
     290
     318
     291
     298
     266
     297
     267
     278
     284
     270
     261
     270
     305
     289
     292
     314
     253
     304
     263
     311
     288
     253
     286
     296
     263
     269
     307
     273
     265
     281
     273
     291
     260
     312
     312
     294
     310
     257
     305
     289
     297
     284
     279
     271
     329
     272
     293
     316
     315
     288
     294
     314
     294
     289
     271
     298
     298
     294
     322
     289
     312
     312
     318
     354
     364
     358
     405
     434
     470
     444
     461
     433
     441
     421
     366
     318
     325
     286
     328
     310
     301
     302
     282
     293
     327
     284
     294
     282
     312
     320
     303
     314
     302
     293
     312
     291
     311
     260
     310
     300
     283
     288
     316
     324
     290
     292
     282
     298
     309
     293
     304
     341
     322
     304
     302
     334
     302
     288
     302
     298
     296
     321
     320
     291
     297
     320
     293
     273
     326
     309
     325
     313
     322
     349
     301
     313
     306
     307
     291
     330
     303
     306
     286
     329
     307
     327
     322
     325
     328
     291
     341
     312
     292
     312
     314
     325
     308
     317
     318
     320
     323
     308
     355
     350
     314
     312
     323
     321
     323
     307
     316
     286
     344
     293
     317
     298
     309
     312
     324
     326
     318
     301
     310
     322
     332
     340
     328
     363
     337
     332
     296
     335
     313
     298
     325
     343
     322
     350
     300
     338
     349
     310
     323
     334
     351
     346
     310
     320
     320
     319
     349
     326
     336
     346
     329
     323
     329
     325
     335
     318
     324
     355
     338
     367
     372
     341
     351
     343
     333
     330
     328
     333
     352
     337
     359
     323
     360
     296
     349
     329
     362
     360
     395
     394
     373
     414
     465
     520
     567
     625
     646
     641
     643
     587
     536
     532
     475
     401
     388
     341
     351
     376
     354
     346
     338
     371
     367
     314
     348
     294
     349
     340
     336
     341
     359
     336
     388
     377
     378
     381
     318
     346
     364
     366
     341
     370
     347
     341
     387
     364
     375
     346
     372
     366
     351
     369
     354
     349
     370
     362
     370
     394
     348
     378
     366
     359
     363
     399
     367
     375
     362
     363
     361
     377
     368
     357
     397
     365
     357
     375
     380
     403
     352
     344
     367
     350
     364
     352
     386
     369
     344
     354
     386
     350
     390
     406
     346
     390
     374
     372
     380
     370
     396
     367
     364
     420
     402
     338
     359
     394
     381
     403
     377
     387
     379
     356
     333
     433
     350
     372
     367
     389
     386
     356
     387
     379
     346
     370
     354
     397
     380
     414
     356
     338
     383
     368
     308
     358
     367
     373
     340
     380
     363
     353
     347
     341
     324
     382
     372
     364
     376
     367
     391
     337
     337
     351
     351
     330
     397
     372
     387
     368
     359
     385
     361
     357
     401
     312
     307
     346
     366
     353
     338
     395
     373
     368
     350
     357
     352
     362
     361
     373
     378
     356
     362
     364
     371
     397
     399
     375
     393
     411
     403
     429
     506
     472
     535
     533
     576
     506
     491
     465
     416
     421
     408
     391
     345
     363
     360
     343
     358
     374
     355
     405
     361
     417
     348
     389
     331
     360
     364
     371
     377
     400
     371
     377
     381
     386
     377
     375
     366
     361
     369
     365
     373
     404
     384
     421
     454
     365
     400
     381
     395
     376
     408
     376
     388
     386
     382
     383
     369
     417
     395
     407
     424
     377
     428
     398
     380
     395
     408
     399
     415
     408
     376
     398
     387
     402
     404
     384
     381
     407
     394
     379
     387
     386
     364
     396
     379
     392
     389
     418
     396
     390
     419
     451
     406
     404
     412
     386
     383
     385
     355
     358
     386
     386
     416
     401
     412
     424
     425
     395
     382
     405
     432
     419
     446
     409
     408
     437
     396
     422
     411
     389
     400
     409
     405
     408
     438
     400
     407
     437
     383
     391
     401
     413
     396
     394
     419
     398
     413
     406
     415
     394
     435
     442
     430
     388
     412
     397
     437
     430
     425
     417
     456
     449
     403
     377
     411
     393
     409
     407
     422
     401
     415
     392
     410
     422
     442
     401
     413
     432
     416
     403
     436
     408
     445
     407
     435
     410
     419
     416
     414
     400
     407
     422
     473
     412
     485
     463
     473
     454
     474
     482
     494
     449
     450
     432
     420
     437
     401
     439
     427
     425
     444
     410
     406
     442
     471
     400
     428
     434
     420
     473
     430
     471
     430
     460
     425
     409
     440
     385
     426
     426
     429
     428
     444
     451
     449
     441
     435
     440
     469
     442
     434
     467
     450
     417
     420
     471
     445
     410
     476
     457
     416
     411
     449
     398
     422
     423
     463
     422
     430
     402
     441
     440
     382
     435
     390
     441
     415
     427
     433
     418
     392
     391
     419
     392
     400
     387
     387
     407
     412
     353
     359
     382
     372
     369
     360
     378
     369
     357
     325
     330
     321
     334
     338
     309
     310
     306
     323
     301
     294
     316
     305
     309
     285
     327
     278
     290
     328
     302
     307
     281
     248
     306
     267
     270
     308
     312
     280
     265
     262
     298
     257
     264
     246
     236
     289
     262
     280
     258
     269
     271
     258
     284
     267
     262
     304
     258
     274
     289
     235
     278
     257
     258
     239
     218
     251
     289
     271
     251
     244
     257
     254
     290
     240
     278
     275
     238
     247
     243
     259
     261
     271
     233
     244
     265
     247
     255
     246
     266
     252
     261
     259
     244
     259
     226
     254
     240
     263
     263
     277
     251
     260
     270
     276
     266
     267
     237
     256
     266
     231
     241
     233
     258
     255
     241
     249
     282
     232
     262
     241
     244
     210
     286
     237
     217
     243
     245
     256
     259
     223
     243
     227
     235
     257
     252
     247
     209
     237
     216
     221
     239
     240
     214
     218
     231
     228
     234
     196
     225
     224
     223
     208
     242
     202
     223
     209
     206
     208
     232
     188
     204
     217
     209
     215
     209
     217
     229
     215
     230
     202
     211
     202
     191
     194
     181
     199
     202
     200
     201
     204
     202
     175
     175
     214
     172
     197
     209
     178
     186
     176
     190
     185
     191
     190
     190
     174
     174
     186
     165
     180
     179
     164
     192
     169
     212
     174
     165
     175
     194
     157
     169
     184
     184
     178
     183
     156
     176
     168
     170
     172
     170
     169
     172
     180
     185
     163
     191
     160
     160
     180
     132
     165
     157
     152
     129
     173
     162
     168
     166
     152
     159
     164
     171
     175
     170
     167
     257
     261
     328
     412
     522
     658
     898
    1138
    1580
    1886
    2534
    2979
    3444
    3632
    3750
    3436
    2943
    2303
    1734
    1173
     802
     575
     383
     269
     240
     212
     171
     172
     129
      94
     115
     109
     112
     115
     139
     114
     100
     122
     108
      94
     108
     111
     113
     120
     122
     127
     120
     102
     107
      95
      92
     100
     106
     100
      83
     103
     110
     104
     106
      96
      92
     101
      84
      84
      91
      85
      79
      86
      90
      78
      71
      80
      77
      76
      73
      79
      68
      90
      81
      66
      79
      66
      76
      78
      54
      69
      64
      73
      72
      68
      66
      62
      73
      71
      68
      70
      70
      71
      85
      78
      81
     102
      92
     123
     132
     163
     163
     157
     172
     170
     161
     100
     122
      81
      75
      66
      67
      67
      56
      56
      57
      41
      37
      48
      52
      46
      55
      59
      61
      50
      49
      46
      34
      55
      42
      33
      31
      35
      43
      47
      39
      44
      46
      43
      39
      40
      47
      47
      39
      46
      49
      74
      45
      39
      42
      44
      50
      33
      35
      38
      59
      48
      38
      36
      40
      37
      33
      33
      44
      40
      38
      33
      42
      45
      39
      44
      48
      33
      24
      34
      19
      30
      47
      38
      30
      46
      51
      44
      35
      45
      27
      32
      48
      40
      33
      38
      41
      33
      32
      41
      31
      37
      41
      44
      39
      37
      33
      46
      31
      32
      39
      31
      31
      31
      41
      40
      38
      45
      38
      22
      39
      42
      29
      44
      40
      32
      42
      38
      32
      36
      46
      33
      28
      41
      52
      40
      26
      48
      32
      36
      41
      33
      29
      38
      38
      33
      33
      43
      33
      34
      32
      31
      31
      38
      32
      29
      34
      26
      50
      31
      35
      43
      31
      33
      35
      50
      26
      30
      41
      35
      38
      33
      38
      30
      35
      27
      28
      40
      33
      34
      28
      40
      40
      32
      30
      30
      41
      29
      40
      48
      43
      36
      31
      32
      38
      44
      26
      28
      36
      37
      29
      43
      31
      37
      36
      44
      21
      35
      31
      45
      32
      26
      33
      38
      29
      43
      42
      37
      39
      35
      47
      34
      43
      47
      52
      36
      47
      40
      47
      45
      41
      49
      57
      46
      50
      45
      49
      52
      55
      72
      80
     103
     139
     174
     289
     402
     587
     807
    1158
    1539
    2043
    2700
    3758
    5063
    6834
    8872
   10517
   12585
   13828
   14879
   14395
   13294
   11219
    8667
    6140
    4194
    2776
    1722
    1134
     693
     499
     334
     243
     147
     100
      86
      72
      60
      38
      50
      43
      44
      40
      39
      46
      43
      26
      42
      38
      30
      29
      30
      30
      47
      46
      32
      25
      27
      35
      18
      35
      27
      36
      34
      28
      36
      36
      34
      19
      31
      30
      25
      27
      24
      24
      17
      19
      19
      21
      30
      20
      19
      19
      23
      27
      19
      32
      23
      12
      24
      12
      20
      20
      18
      18
      17
       9
      19
      24
      21
      18
      14
      18
      15
      20
      21
      23
      27
      24
      20
      12
      24
      20
      18
      20
      16
      23
      19
      14
      13
      21
      32
      15
      12
      17
      20
      19
      14
      23
      12
      15
      22
       9
      16
      19
      17
      22
      16
      17
      15
      13
      21
      18
      10
      14
      13
      12
      18
      18
      15
      15
      20
      23
      22
      19
      14
      19
      13
      12
      16
      22
      13
      17
      21
      17
      16
       9
      16
      21
      12
       9
      15
      16
      13
      14
      13
      14
      15
       8
      15
      15
      16
      15
      22
      10
      17
      17
      12
      17
      15
      12
       9
      14
      11
      14
      11
      13
      23
      15
      14
      18
       7
      13
      17
       9
      13
      14
      15
      16
      20
      17
      14
      14
      11
      22
      14
      15
      10
      14
      14
      14
      10
       9
      12
      17
      13
      14
       9
      18
      11
       8
      15
      16
      17
      12
      17
      12
       9
      13
      15
      14
      17
      14
      12
      10
      13
      20
      11
      11
      14
      15
       6
      10
      21
      13
      13
      18
      21
       5
      13
      12
      17
      13
      16
       5
      13
       8
      20
      17
      14
      16
      10
      17
       9
      13
      10
      11
      15
      11
      13
      15
      10
      12
      13
      18
      17
      12
      11
       7
      12
      14
      16
      12
      16
       7
      10
      14
      12
      11
       5
       9
      11
      11
      10
      12
       8
      12
      10
      17
      14
      17
      11
      12
       8
      10
      11
      10
       9
       7
       9
      11
      11
      10
       8
       9
      17
      13
       8
      13
      10
      15
      16
       5
       8
       9
      15
       7
      12
      14
      15
      10
      15
       8
       6
      10
       6
       9
      11
      12
       8
      11
      10
      12
      13
      10
      11
      14
      13
       7
      14
      12
       8
       9
      15
      11
       8
       5
       9
      13
      10
      11
       8
      10
       6
      11
      16
      14
      16
      12
      14
      12
      11
      11
      11
       7
      10
      15
      12
      15
       5
       6
       5
       6
       8
      10
       3
      10
       7
      11
       7
       7
       8
       6
      11
      12
       4
       7
       7
       5
       5
       7
       4
       6
       5
       6
      10
       4
       9
       8
       7
      11
       6
       9
       8
       5
       9
       7
      10
      10
       3
      14
       7
      10
      11
       5
      17
       9
       7
      12
      11
       4
       9
       7
       5
       9
       9
      13
       6
       7
       7
      11
       6
       4
       3
       7
       8
       5
       9
       5
       7
       4
       5
       7
       9
       6
       6
       6
       8
       6
       5
       6
       8
       6
       4
       5
      10
       7
       3
       4
       7
       8
       8
      11
       9
       8
       9
       7
       8
       7
       7
       6
      10
       5
       5
       2
       9
       6
       7
       6
       7
       6
       5
       9
       1
       8
       2
       3
       7
       3
       9
       5
       7
       3
       7
       6
       6
       5
       2
       3
       7
       6
       3
      13
       8
       7
       8
      10
       4
       6
       4
       9
       4
       3
       5
       4
       2
       8
       9
       5
       7
       4
       3
       6
       1
       2
       2
       6
       3
       6
       4
       6
       7
       5
      11
       4
       7
       6
       9
       9
       1
       4
       7
       2
       6
       6
       9
       5
       3
       8
       6
       4
       6
       6
       4
       6
       4
       3
       6
       4
       3
       7
       2
       7
       4
       3
       4
       6
       3
       6
       3
       5
       6
       2
       6
       6
       0
       5
       4
       3
       4
       5
       2
       2
       3
       5
       2
       7
       6
       7
       7
       6
       6
       2
       4
       3
       8
       3
       4
       5
       3
       6
       5
       4
       6
       5
       2
       5
       6
       1
       5
       1
       6
       6
       4
       6
       4
       9
       2
       5
       8
       6
       7
       6
       7
       8
       5
       4
       4
       7
       3
       6
       6
      15
       0
       4
       7
       4
       1
       4
       6
       6
       3
       5
       5
       5
       7
       5
       4
       5
       4
       5
       7
       3
       8
       4
       4
       8
       6
       3
       6
       2
       3
       5
       1
       7
       2
       2
       2
       3
       4
       9
       6
       6
       2
       5
       5
       4
       6
       4
       4
       4
       2
       3
       5
       4
       2
       5
       4
       4
       4
       2
       2
       8
       8
       2
       4
       8
       3
       5
       3
       5
       1
       4
       2
       4
       1
       3
       3
       7
       8
       4
       1
       2
       4
       3
       5
       4
       9
       5
       7
       6
       4
       7
       6
       6
       5
       8
       8
       8
       6
       7
       3
       3
       8
       3
       3
       7
       2
       3
       8
       2
       3
       4
       4
       3
       3
       0
       4
       5
       3
       3
       3
       2
       3
       2
       2
       6
       5
       4
       3
       3
       5
       5
       6
       5
       8
      14
       6
      13
      12
       7
       7
       5
       7
      15
       8
       4
       2
       6
       6
       6
       3
       3
       1
       4
       2
       5
       1
       2
       1
       5
       5
       4
       1
       4
       4
       2
       5
       9
       4
       5
       5
       2
       6
       4
       6
       3
       5
       3
       5
       1
       2
       3
       6
       2
       3
       2
       3
       5
       1
       2
       0
       2
       7
       4
       3
       1
       3
       3
       2
       0
       2
       0
       2
       6
       4
       5
       7
       7
       3
       6
       2
       1
       2
       4
       2
       5
       5
       5
       2
       2
       5
       5
       4
       3
       1
       4
       4
       4
       3
       7
       3
       1
       3
       3
       7
       3
       6
       2
       2
       3
       2
       3
       6
       5
       3
       3
       3
       3
       3
       2
       6
       4
       4
       3
       1
       0
       5
       5
       1
       2
       3
       4
       1
       4
       0
       6
       2
       6
       4
       3
       1
       5
       2
       7
       3
       5
       6
       4
       2
       1
       3
       4
       3
       4
       2
       2
       4
       1
       4
       2
       6
       2
       4
       2
       4
       1
       2
       0
       5
       3
       3
       3
       8
       1
       5
       4
       3
       3
       3
       3
       1
       3
       3
       4
       6
       2
       3
       2
       2
       2
       4
       2
       7
       4
       1
       2
       4
       7
       9
       2
       4
       3
       3
       2
       2
       1
       2
       4
       2
       4
       1
       4
       6
       2
       6
       2
       5
       3
       4
       4
       2
       3
       3
       4
       3
       1
       4
       3
       2
       3
       1
       2
       5
       2
       5
       4
       3
       3
       2
       7
       1
       3
       4
       3
       2
       3
       2
       2
       1
       3
       5
       1
       8
       4
       3
       3
       3
       2
       1
       4
       3
       4
       2
       3
       3
       3
       3
       6
       4
       7
       3
       1
       5
       1
       2
       3
       2
       1
       3
       3
       2
       2
       5
       2
       1
       3
       4
       2
       2
       0
       5
       0
       3
       2
       3
       2
       4
       2
       1
       5
       4
       0
       5
       5
       4
       4
       3
       3
       6
       1
       3
       1
       2
       5
       1
       5
       2
       2
       4
       3
       1
       0
       2
       2
       1
       4
       4
       1
       1
       3
       1
       3
       2
       5
       3
       4
       3
       4
       6
       7
       3
       4
       3
       3
       3
       4
       2
       2
       2
       0
       2
       2
       6
       4
       4
       5
       5
       8
       0
       4
       2
       6
       4
       5
       2
       4
       2
       4
       4
       3
       5
       5
       1
       2
       5
       3
       9
       2
       2
       5
       5
       1
       3
       1
       1
       1
       0
       0
       3
       0
       1
       2
       0
       1
       2
       2
       0
       3
       1
       1
       4
       3
       3
       3
       1
       5
       2
       1
       1
       1
       3
       2
       0
       1
       2
       1
       5
       3
       1
       3
       8
       2
       4
       1
       4
       0
       4
       1
       5
       2
       3
       4
       4
       1
       4
       2
       1
       3
       1
       3
       1
       2
       1
       2
       2
       1
       1
       1
       4
       3
       1
       2
       3
       1
       0
       2
       3
       1
       0
       5
       2
       2
       1
       6
       3
       1
       0
       1
       4
       0
       7
       4
       2
       4
       1
       1
       2
       2
       1
       4
       2
       1
       3
       2
       3
       1
       5
       2
       0
       0
       1
       2
       3
       2
       3
       2
       3
       2
       1
       1
       3
       4
       3
       5
       2
       0
       4
       3
       2
       0
       4
       6
       3
       2
       4
       6
       0
       2
       4
       2
       3
       6
       0
       4
       2
       2
       0
       3
       1
       3
       5
       5
       5
       1
       1
       2
       2
       6
       1
       3
       3
       2
       5
       3
       3
       2
       1
       1
       2
       4
       5
       6
       1
       2
       3
       5
       3
       6
       8
       3
       2
       2
       5
       2
       5
       0
       2
       7
       4
       5
       4
       2
       0
       1
       0
       2
       1
       4
       1
       2
       0
       1
       1
       3
       3
       2
       4
       3
       2
       3
       1
       2
       2
       5
       3
       0
       3
       1
       3
       2
       1
       2
       4
       1
       0
       3
       2
       1
       4
       4
       6
       4
       1
       2
       4
       2
       2
       3
       1
       3
       0
       0
       1
       2
       2
       2
       1
       1
       2
       1
       1
       0
       4
       1
       3
       0
       1
       1
       1
       2
       1
       5
       0
       5
       1
       1
       2
       2
       2
       0
       0
       0
       5
       3
       4
       1
       2
       2
       2
       2
       2
       4
       0
       1
       4
       2
       4
       2
       2
       1
       2
       4
       1
       6
       2
       4
       1
       1
       2
       2
       1
       1
       3
       1
       2
       2
       2
       3
       3
       1
       1
       1
       1
       2
       0
       2
       4
       1
       0
       2
       1
       3
       0
       0
       1
       2
       3
       0
       0
       1
       1
       2
       2
       0
       5
       0
       2
       1
       1
       1
       1
       2
       2
       2
       1
       0
       2
       0
       1
       3
       3
       3
       4
       0
       1
       1
       1
       1
       1
       0
       2
       2
       1
       0
       3
       1
       1
       0
       4
       3
       1
       4
       3
       1
       1
       1
       3
       2
       2
       3
       3
       0
       2
       1
       1
       1
       1
       2
       3
       3
       3
       1
       2
       1
       5
       0
       4
       2
       2
       1
       2
       1
       0
       1
       0
       3
       2
       0
       2
       2
       5
       0
       4
       0
       0
       1
       1
       0
       1
       1
       2
       2
       3
       0
       2
       0
       3
       3
       1
       1
       4
       1
       2
       0
       4
       0
       0
       4
       0
       1
       0
       4
       1
       3
       2
       1
       1
       1
       0
       1
       0
       2
       1
       3
       2
       0
       1
       1
       0
       3
       0
       1
       0
       1
       2
       1
       2
       1
       0
       4
       2
       3
       1
       3
       1
       3
       1
       2
       3
       1
       3
       1
       4
       1
       1
       1
       0
       2
       0
       3
       2
       2
       1
       1
       3
       0
       2
       1
       0
       1
       1
       1
       0
       2
       0
       0
       2
       1
       3
       0
       3
       1
       1
       2
       3
       3
       4
       0
       0
       3
       0
       2
       1
       1
       2
       2
       1
       0
       3
       2
       2
       1
       1
       0
       1
       1
       3
       0
       1
       1
       0
       2
       1
       0
       1
       0
       2
       2
       4
       0
       4
       1
       2
       6
       1
       0
       4
       0
       1
       2
       0
       2
       0
       5
       3
       0
       0
       0
       2
       1
       2
       2
       1
       0
       1
       4
       3
       0
       1
       2
       1
       1
       2
       1
       0
       1
       1
       4
       1
       1
       0
       2
       2
       1
       2
       3
       1
       0
       2
       1
       0
       2
       1
       1
       2
       0
       0
       3
       0
       0
       2
       1
       0
       2
       1
       2
       1
       0
       0
       0
       0
       1
       3
       2
       0
       2
       0
       0
       1
       0
       2
       1
       1
       2
       2
       0
       0
       1
       3
       1
       2
       1
       2
       2
       2
       1
       1
       2
       1
       0
       2
       0
       3
       0
       1
       2
       3
       3
       1
       0
       2
       3
       1
       6
       1
       0
       3
       1
       1
       1
       2
       2
       1
       3
       2
       3
       2
       2
       0
       2
       2
       1
       0
       0
       2
       0
       2
       1
       1
       0
       4
       1
       2
       2
       1
       0
       0
       2
       2
       0
       1
       1
       1
       2
       4
       2
       0
       0
       2
       0
       2
       3
       1
       3
       1
       1
       2
       1
       3
       0
       1
       1
       0
       1
       2
       1
       1
       0
       1
       2
       1
       1
       1
       3
       2
       0
       1
       1
       2
       1
       1
       2
       1
       2
       0
       3
       1
       0
       1
       1
       0
       0
       0
       0
       1
       1
       1
       3
       1
       1
       0
       0
       0
       4
       1
       1
       0
       0
       2
       3
       4
       1
       0
       2
       0
       2
       2
       0
       4
       0
       0
       2
       0
       1
       1
       3
       0
       1
       2
       1
       1
       2
       3
       0
       1
       0
       1
       0
       0
       0
       1
       0
       2
       0
       0
       1
       1
       1
       1
       0
       0
       2
       0
       3
       2
       1
       0
       3
       1
       0
       1
       1
       1
       1
       2
       0
       3
       0
       2
       5
       1
       0
       1
       0
       1
       2
       1
       0
       0
       1
       0
       2
       3
       0
       1
       0
       0
       1
       0
       1
       4
       0
       0
       1
       1
       1
       1
       0
       0
       0
       1
       1
       1
       2
       2
       1
       2
       1
       1
       1
       0
       1
       2
       1
       1
       2
       1
       0
       3
       1
       1
       0
       0
       0
       0
       0
       0
       0
       0
       0
       0
       0
       0
       0
       0
       0
       0
       0
       0
       0
       0
       0
       0
       0
       0
       0
       0
       0
       0
       0
       0
       0
       0
       0
       0
       0
       0
       0
       0
       0
       0
       0
       0
       0
       0
       0
       0
       0
       0
       0
       0
       0
       0
       0
       0
       0
       0
       0
       0
       0
       0
       0
       0
       0
       0
       0
       0
       0
       0
       0
       0
       0
       0
       0
       0
       0
       0
       0
       0
       0
       0
       0
       0
       0
       0
       0
       0
       0
       0
       0
       0
       0
       0
       0
       0
       0
       0
       0
       0
       0
       0
       0
       0
       0
       0
       0
       0
       0
       0
       0
       0
       0
       0
       0
       0
       0
       0
       0
       0
       0
       0
       0
       0
       0
       0
       0
       0
       0
       0
$ROI:
1
2831 2841
$PRESETS:
None
0
0
$ENER_FIT:
0.000000 0.383922
$MCA_CAL:
3
0.000000E+000 3.839219E-001 0.000000E+000 keV
$SHAPE_CAL:
3
0.000000E+000 0.000000E+000 0.000000E+000
