$SPEC_ID:
Cs137
$SPEC_REM:
DET# 2
DETDESC# DETECTOR 2
AP# Maestro Version 7.01
$DATE_MEA:
02/15/2017 19:13:49
$MEAS_TIM:
7499 7728
$DATA:
0 8191
       0
       0
       0
       0
       0
       0
       0
       0
       0
       0
       0
       0
       0
       0
       0
       0
       0
       0
       0
       0
       0
       0
       0
       0
       0
       0
       0
       0
       0
       0
       0
       0
       0
       0
       0
       0
       0
       0
       0
       0
       0
       0
       0
       0
       0
       0
       0
       0
       0
       0
       0
       0
       0
       0
       0
       0
       0
       0
       0
       0
       0
       0
       0
       0
       0
       0
       0
       0
       0
       0
       0
       0
       0
       0
       0
       0
       0
       0
       0
       0
       0
       0
       0
       0
       0
       0
       0
       0
       0
       0
       0
       0
       0
       0
       0
       7
     277
    4544
    7238
    7270
    7467
    7389
    7466
    7376
    7590
    7626
    7430
    7657
    7432
    7648
    7593
    7846
    7724
    7759
    7728
    7874
    7850
    8003
    7880
    8098
    8085
    8140
    8244
    8120
    8238
    8238
    8073
    8287
    8338
    8214
    8225
    8105
    7838
    7943
    7931
    7837
    7837
    7793
    7921
    7931
    7827
    7904
    7932
    8020
    8108
    8043
    8210
    8307
    8578
    8677
    9061
    9220
    9353
    9711
    9664
   10024
   10001
    9960
    9948
   10182
   10090
   10062
   10096
   10285
   10432
   10512
   10470
   10399
   10504
   11017
   10953
   10771
   10765
   10912
   10780
   10864
   11238
   11230
   11396
   11705
   11791
   12136
   12118
   12299
   12782
   13247
   14431
   20023
   36720
   54378
   46760
   26985
   20018
   33749
   68342
   85946
   57831
   25680
   14081
   11577
   11037
   10648
   10698
   10544
   10308
   10325
   10341
   10513
   10229
   10601
   10664
   10635
   10655
   10947
   10947
   11031
   11411
   12386
   16317
   25577
   35720
   36248
   25361
   15709
   12294
   13120
   16393
   19325
   18207
   14347
   12117
   11348
   11051
   11566
   11803
   12012
   12230
   13137
   13285
   13766
   14259
   14657
   14641
   14673
   14778
   15075
   15022
   15504
   15168
   15315
   15460
   15822
   15480
   15881
   15863
   15821
   15866
   15814
   15797
   15665
   15255
   15111
   14856
   14532
   14398
   13782
   13894
   13680
   13490
   13364
   13065
   13496
   13299
   13074
   13090
   13407
   13073
   13423
   13359
   13300
   13509
   13623
   13545
   13816
   13497
   13712
   13756
   13825
   13826
   13744
   14216
   14041
   14164
   13911
   14157
   13946
   14037
   13898
   14037
   13964
   13878
   13827
   14019
   13837
   13880
   13943
   13634
   13581
   13246
   13608
   13300
   13120
   12899
   12933
   12710
   12583
   12535
   12515
   12265
   12118
   12209
   11860
   11756
   11590
   11406
   11086
   11056
   11166
   10979
   10691
   10601
   10498
   10335
   10268
   10066
    9869
    9967
    9608
    9784
    9811
    9735
    9656
   10130
   12765
   21163
   32279
   32271
   20776
   12613
    9929
    9380
    9421
    9318
    9244
    9165
    9118
    9111
    8853
    8766
    9136
    8909
    8780
    8825
    9059
   13528
   44371
  157726
  341925
  398806
  244716
   85904
   27249
   14751
   11766
   10826
    9970
    9714
    9452
    8891
    8229
    7935
    8052
    7948
    8048
    7834
    7817
    7958
    7850
    8071
    7875
    8006
    7872
    7974
    7879
    7754
    7828
    8119
    7930
    7983
    7912
    7966
    7788
    7838
    7913
    8000
    7948
    8124
    7980
    8298
    8321
    7927
    7954
    8165
    8126
    8109
    8074
    7852
    8056
    7989
    7863
    7995
    8064
    7944
    8067
    8037
    7952
    8179
    7872
    8036
    8130
    8029
    8112
    8016
    7923
    8146
    8039
    8189
    8292
    8379
    8425
    8598
    8602
    8788
    9018
    9002
    9011
    9228
    9430
    9450
    9560
    9543
    9712
    9900
    9783
   10047
    9982
    9703
    9912
    9950
    9735
    9900
    9792
    9869
    9981
    9761
    9833
    9546
    9900
    9755
    9533
    9616
    9729
    9800
   10017
    9813
    9745
    9541
    9541
    9740
    9635
    9536
    9636
    9613
    9559
    9464
    9485
    9275
    9182
    9302
    9396
    9300
    9269
    9320
    9350
    9274
    9219
    9268
    9263
    9310
    9116
    9140
    9307
    9057
    9134
    9209
    9193
    9295
    8878
    9091
    9257
    9168
    9104
    9016
    8877
    9108
    9095
    8829
    9004
    9032
    8912
    8830
    9037
    9024
    8917
    8752
    8726
    8715
    8823
    8701
    8851
    8813
    8942
    8633
    8529
    8600
    8468
    8449
    8726
    8676
    8535
    8524
    8669
    8572
    8547
    8684
    8563
    8350
    8527
    8397
    8428
    8551
    8536
    8622
    8562
    8456
    8634
    8442
    8453
    8465
    8415
    8271
    8336
    8401
    8340
    8262
    8208
    8205
    8039
    8116
    8342
    8540
    8512
    8434
    8153
    8096
    8090
    7893
    8167
    7973
    8093
    8037
    8023
    8083
    8046
    8090
    7799
    8025
    7910
    7866
    7930
    7815
    7958
    7978
    7761
    7805
    7949
    7820
    7901
    7895
    7749
    7821
    7635
    7743
    7778
    7693
    7894
    7892
    7901
    7866
    7893
    7855
    7987
    8568
    9423
    9907
    9296
    8215
    7959
    7752
    7851
    7744
    7650
    7864
    7730
    7795
    7877
    7617
    7972
    8348
    8194
    8045
    7952
    7925
    7618
    7838
    7614
    7582
    7689
    7676
    7744
    7791
    7611
    7628
    7603
    7726
    7655
    7469
    7834
    7693
    7670
    7545
    7543
    7727
    7527
    7624
    7720
    7460
    7639
    7612
    7489
    7435
    7502
    7639
    7685
    7543
    7329
    7316
    7349
    7301
    7402
    7436
    7366
    7172
    7255
    7231
    7264
    7048
    7306
    7062
    7038
    7170
    7032
    7316
    7157
    7183
    7029
    7185
    7058
    7023
    6935
    7084
    6982
    7067
    6764
    7145
    6958
    7017
    6858
    6876
    6946
    6833
    6803
    6813
    6804
    6835
    6938
    6826
    6620
    6885
    6805
    6821
    6494
    6725
    6727
    6690
    6723
    6713
    6743
    6572
    6616
    6650
    6578
    6791
    6594
    6690
    6677
    6630
    6663
    6820
    6713
    6660
    6533
    6623
    6677
    6602
    6712
    6501
    6613
    6469
    6581
    6461
    6552
    6405
    6639
    6663
    6453
    6477
    6672
    6612
    6599
    6506
    6492
    6518
    6510
    6434
    6380
    6489
    6671
    6660
    6386
    6362
    6604
    6424
    6351
    6452
    6440
    6558
    6432
    6446
    6434
    6610
    6361
    6416
    6307
    6449
    6649
    6447
    6453
    6384
    6279
    6325
    6319
    6277
    6402
    6438
    6465
    6293
    6300
    6332
    6422
    6368
    6457
    6423
    6317
    6269
    6336
    6428
    6342
    6445
    6276
    6399
    6289
    6340
    6238
    6403
    6287
    6216
    6345
    6393
    6335
    6247
    6261
    6280
    6371
    6287
    6343
    6350
    6479
    6259
    6250
    6300
    6359
    6376
    6506
    6308
    6467
    6421
    6424
    6519
    6357
    6234
    6289
    6319
    6275
    6402
    6399
    6250
    6392
    6404
    6308
    6359
    6493
    6433
    6331
    6318
    6421
    6371
    6296
    6266
    6417
    6513
    6345
    6330
    6360
    6426
    6501
    6632
    6895
    6803
    6751
    6477
    6482
    6313
    6326
    6315
    6519
    6444
    6192
    6326
    6303
    6404
    6236
    6167
    6274
    6093
    6304
    6235
    6149
    6167
    5975
    5970
    5839
    5819
    5668
    5675
    5483
    5470
    5363
    5361
    5167
    5102
    5070
    4930
    4829
    4720
    4706
    4617
    4511
    4519
    4400
    4566
    4372
    4319
    4297
    4262
    4276
    4177
    4072
    4038
    4142
    4012
    4120
    4189
    4187
    4037
    3902
    3867
    3932
    3980
    3847
    3866
    3761
    3836
    3884
    3856
    3841
    3780
    3712
    3719
    3595
    3763
    3694
    3531
    3641
    3599
    3549
    3532
    3574
    3542
    3559
    3500
    3488
    3466
    3379
    3380
    3476
    3449
    3395
    3467
    3279
    3478
    3424
    3341
    3319
    3300
    3287
    3333
    3207
    3196
    3177
    3233
    3237
    3220
    3357
    3701
    4784
    6649
    7897
    7432
    5597
    4122
    3468
    3104
    3103
    3148
    3148
    3111
    3015
    2935
    3017
    3072
    2998
    2938
    2945
    2923
    2949
    2837
    2850
    3026
    3136
    4013
    5004
    5350
    4983
    4000
    3209
    2777
    2829
    2819
    2700
    2671
    2735
    2698
    2718
    2613
    2719
    2713
    2632
    2973
    3619
    5521
    8034
    9437
    8370
    5940
    3788
    2942
    2653
    2581
    2582
    2514
    2483
    2514
    2492
    2443
    2473
    2471
    2409
    2544
    2351
    2444
    2379
    2275
    2326
    2334
    2333
    2357
    2397
    2250
    2289
    2285
    2260
    2176
    2233
    2226
    2171
    2170
    2168
    2224
    2218
    2251
    2176
    2136
    2157
    2194
    2140
    2135
    2234
    2123
    2088
    2133
    2049
    2107
    2127
    2078
    2078
    2079
    2051
    2055
    2056
    2018
    2072
    2075
    2054
    1925
    1945
    2028
    1955
    1877
    1913
    1933
    2019
    1905
    1915
    1936
    1951
    1895
    1919
    2039
    1904
    1964
    1902
    1861
    1917
    1919
    1908
    1886
    1796
    1856
    1812
    1898
    1771
    1801
    1818
    1808
    1839
    1808
    1848
    1958
    1806
    1774
    1872
    1873
    1852
    1873
    1815
    1842
    1763
    1831
    1781
    1833
    1783
    1826
    1815
    1781
    1717
    1714
    1778
    1707
    1765
    1753
    1735
    1795
    1674
    1810
    1771
    1749
    1806
    1774
    1803
    1690
    1796
    1766
    1762
    1735
    1690
    1672
    1762
    1808
    1715
    1627
    1693
    1775
    1777
    1784
    1773
    1756
    1788
    1801
    1764
    1722
    1664
    1729
    1763
    1676
    1708
    1726
    1646
    1641
    1685
    1685
    1665
    1613
    1611
    1628
    1641
    1672
    1637
    1628
    1655
    1575
    1635
    1588
    1689
    1633
    1674
    1703
    1641
    1569
    1641
    1653
    1711
    1686
    1637
    1672
    1810
    2149
    2629
    3093
    2955
    2488
    2000
    1743
    1627
    1554
    1640
    1596
    1559
    1622
    1620
    1599
    1640
    1589
    1581
    1673
    1599
    1659
    1641
    1666
    1589
    1540
    1581
    1655
    1534
    1570
    1571
    1593
    1517
    1604
    1563
    1485
    1521
    1580
    1522
    1597
    1567
    1523
    1478
    1535
    1532
    1544
    1561
    1497
    1547
    1544
    1544
    1512
    1485
    1494
    1512
    1603
    1796
    1839
    1716
    1697
    1620
    1504
    1641
    1635
    1981
    2885
    4628
    6496
    7482
    6368
    4258
    2584
    1874
    1548
    1502
    1520
    1487
    1414
    1455
    1564
    1490
    1512
    1514
    1453
    1474
    1455
    1442
    1445
    1488
    1504
    1452
    1505
    1514
    1540
    1541
    1457
    1517
    1493
    1489
    1521
    1473
    1502
    1469
    1430
    1541
    1539
    1557
    1566
    1458
    1620
    1540
    1601
    1528
    1600
    1505
    1621
    1606
    1523
    1571
    1627
    1736
    1747
    1947
    2025
    2498
    3223
    4473
    6749
   11058
   18631
   31679
   51444
   78868
  114324
  150457
  180358
  193285
  184296
  156827
  119952
   85292
   55413
   35166
   21016
   12953
    8141
    5536
    3823
    2992
    2312
    1883
    1777
    1711
    1757
    2080
    2379
    2454
    2160
    1815
    1465
    1348
    1242
    1317
    1230
    1266
    1264
    1278
    1270
    1188
    1230
    1264
    1241
    1245
    1280
    1332
    1232
    1377
    1331
    1270
    1244
    1262
    1290
    1282
    1205
    1194
    1196
    1210
    1170
    1133
    1157
    1226
    1127
    1137
    1175
    1129
    1130
    1133
    1118
    1162
    1112
    1138
    1069
    1072
    1118
    1160
    1147
    1156
    1144
    1182
    1119
    1139
    1123
    1129
    1137
    1112
    1142
    1176
    1145
    1150
    1165
    1105
    1148
    1186
    1086
    1063
    1151
    1117
    1133
    1131
    1137
    1117
    1112
    1183
    1056
    1050
    1118
    1131
    1083
    1107
    1156
    1114
    1109
    1074
    1096
    1079
    1176
    1114
    1132
    1087
    1155
    1142
    1029
    1095
    1119
    1085
    1058
    1102
    1142
    1095
    1054
    1073
    1082
    1167
    1100
    1115
    1177
    1204
    1300
    1250
    1265
    1079
    1113
    1122
    1097
    1060
    1095
    1055
    1006
    1129
    1058
    1037
    1120
    1151
    1326
    1608
    2337
    3101
    3356
    2966
    2153
    1526
    1244
    1134
    1079
    1075
    1090
    1091
    1148
    1064
    1004
    1067
    1055
    1103
    1054
    1091
    1101
    1110
    1116
    1078
    1067
    1108
    1057
    1068
    1054
    1085
    1057
    1027
    1080
    1047
    1120
    1082
    1091
    1177
    1114
    1130
    1145
    1114
    1207
    1184
    1197
    1233
    1136
    1107
    1120
    1053
    1068
    1109
    1045
    1070
     982
    1035
    1081
    1068
    1093
    1074
    1059
    1103
    1051
    1082
    1095
    1020
    1060
    1001
    1054
    1037
    1061
    1032
    1094
    1034
    1043
    1029
    1013
    1037
    1072
    1106
     999
    1008
    1079
    1051
     986
    1090
    1019
    1067
     984
    1029
     978
    1010
     996
    1075
    1070
    1032
    1098
    1066
    1000
    1015
    1071
    1039
    1056
    1057
    1057
     990
    1033
    1017
    1073
    1008
     989
     996
    1048
    1032
    1001
    1016
    1059
    1033
    1045
    1061
     973
    1018
     975
    1008
     993
    1013
     966
    1052
    1038
    1037
    1007
    1006
     957
    1076
    1010
    1030
    1070
    1016
    1069
    1002
    1005
    1007
    1034
    1033
    1025
     984
    1001
    1002
    1028
     993
     996
    1055
     985
     991
    1007
     977
    1023
    1031
    1007
    1010
     946
     987
    1056
    1031
    1023
    1063
     981
     946
    1013
     982
     991
    1029
     949
    1032
    1012
     965
    1011
     990
    1014
     970
     980
    1033
     998
     967
     987
     992
    1036
     936
    1027
     972
     991
    1030
     968
     996
     969
     978
    1001
     940
     968
    1024
     995
     959
     978
    1001
    1071
     980
    1006
    1036
    1029
    1064
    1064
    1113
    1176
    1254
    1348
    1413
    1579
    1576
    1594
    1600
    1514
    1350
    1268
    1201
    1080
     998
    1045
     976
     981
     975
    1007
    1129
    1395
    1685
    1766
    1941
    1620
    1410
    1102
    1052
    1009
     893
     943
     996
     968
     951
     966
    1015
     933
     968
     989
     932
     985
     904
     945
     949
     937
     949
     982
     998
     972
     992
    1008
     955
    1011
     971
     988
    1001
     917
     938
     940
    1034
     965
     975
     998
     991
     965
     979
     985
     964
     976
    1002
     983
    1021
     952
    1062
    1007
    1005
    1007
    1020
    1018
     985
    1060
     998
    1039
    1089
    1061
    1108
    1132
    1098
    1020
    1043
    1068
    1071
    1018
    1011
    1031
     976
    1008
    1012
    1030
    1087
     951
    1041
     990
    1010
     985
     999
     964
     963
     983
     990
     974
     966
     977
     985
    1004
     982
    1009
     920
    1001
     943
     960
     976
    1023
     975
    1001
     934
    1010
     950
    1022
     992
     955
     984
     952
     975
    1024
     981
     955
    1008
     999
     966
     990
     939
    1009
    1016
    1006
     954
     971
     988
     971
     970
     992
     896
     947
     994
     935
     946
     947
     980
     933
     973
     949
     943
     924
     936
     945
     949
     914
     913
     993
     966
     984
     934
     928
     917
     913
     886
     943
     945
    1017
     988
    1080
    1115
    1173
    1156
    1145
    1048
    1000
    1010
     972
     997
     950
    1082
    1083
    1120
    1294
    1204
    1150
    1114
    1031
     960
     918
     897
     993
     932
     931
     971
     981
     960
     973
     891
     935
     974
     950
     963
     918
     989
     949
     906
     941
     932
     931
     945
     926
     892
     922
     852
     946
     882
     923
     844
     886
     940
     927
     913
     943
     937
     956
     902
     944
     945
     981
    1100
    1295
    1504
    1594
    1661
    1462
    1210
    1079
     926
    1015
     924
     935
     941
     927
     926
     901
     867
     906
     876
     886
     929
     945
     892
     836
     882
     905
     885
     940
     857
     883
     900
     905
     900
     952
     962
    1012
    1105
    1157
    1229
    1227
    1106
    1022
     972
     944
     960
     973
     964
     973
     931
     926
     897
     927
     929
     944
     867
     928
     981
    1035
    1235
    1520
    1927
    2298
    2478
    2264
    1717
    1409
    1101
     959
     936
     914
     904
     906
     894
     901
     945
     956
     886
     900
     897
     923
     864
     874
     851
     961
     892
     909
     927
     928
    1006
    1095
    1370
    1718
    2387
    3151
    3590
    3455
    2756
    1924
    1401
    1116
     958
     933
     961
     945
     990
     910
     909
     973
     881
     960
     930
     963
     927
     907
     876
     917
     943
     913
     878
     877
     905
     909
     859
     947
     925
     922
     943
     939
     934
     940
     948
     904
     922
     938
     913
     961
     950
    1032
    1000
     927
     931
     880
     918
     908
     896
     952
     962
     920
     855
     879
     956
     922
     897
     933
     911
     927
     941
     936
     977
     921
     958
     936
     937
     976
     911
     949
     959
     949
     961
     943
     945
     945
     952
     973
    1015
    1128
    1214
    1174
    1273
    1158
    1163
    1083
    1100
    1051
    1010
    1023
     960
     985
     991
     977
     919
     931
     931
     981
     957
     977
     979
     972
     987
    1006
     944
     957
     961
     967
     959
     979
     975
     977
     966
     974
     934
     981
     965
     998
     981
     977
     952
    1029
    1053
    1151
    1364
    1612
    1940
    2016
    1818
    1607
    1299
    1183
    1044
    1022
    1037
    1062
     984
     952
    1023
    1035
    1033
     987
    1007
    1047
    1003
    1025
    1010
     965
    1032
    1025
     956
     988
    1020
    1063
    1035
    1034
    1063
    1024
    1040
    1021
    1015
    1042
    1055
     963
    1030
    1065
    1018
    1025
    1049
    1027
    1067
    1040
    1051
    1039
    1067
    1064
    1008
    1058
    1055
    1097
    1167
    1191
    1250
    1411
    1474
    1542
    1543
    1366
    1195
    1192
    1105
    1040
    1046
    1014
    1110
    1089
    1020
    1086
    1119
    1107
    1057
    1136
    1091
    1121
    1011
    1080
    1116
    1107
    1083
    1112
    1135
    1184
    1115
    1090
    1098
    1063
    1087
    1073
    1132
    1176
    1089
    1094
    1118
    1099
    1134
    1177
    1174
    1089
    1172
    1175
    1122
    1171
    1187
    1154
    1207
    1141
    1140
    1126
    1151
    1152
    1151
    1117
    1084
    1208
    1150
    1175
    1117
    1143
    1136
    1102
    1158
    1193
    1099
    1164
    1147
    1173
    1149
    1165
    1165
    1176
    1153
    1176
    1108
    1104
    1187
    1184
    1163
    1197
    1120
    1240
    1168
    1261
    1193
    1178
    1182
    1198
    1239
    1213
    1217
    1191
    1188
    1225
    1206
    1216
    1213
    1305
    1335
    1593
    1812
    2287
    2496
    2714
    2578
    2164
    1730
    1500
    1344
    1223
    1258
    1291
    1234
    1301
    1253
    1286
    1218
    1287
    1261
    1288
    1337
    1307
    1357
    1356
    1309
    1339
    1282
    1310
    1244
    1270
    1333
    1293
    1320
    1318
    1254
    1282
    1246
    1267
    1218
    1244
    1248
    1249
    1327
    1325
    1318
    1373
    1565
    1873
    2501
    3332
    3988
    4352
    4290
    3384
    2480
    1904
    1563
    1415
    1358
    1331
    1356
    1457
    1308
    1321
    1273
    1327
    1268
    1239
    1312
    1215
    1222
    1238
    1230
    1203
    1202
    1211
    1178
    1123
    1137
    1079
    1111
    1069
    1065
    1071
     980
     997
     927
    1025
     973
     971
    1001
     948
     903
     909
     994
     907
     852
     869
     909
     913
     886
     892
     912
     921
     829
     964
     851
     884
     837
     905
     923
    1115
    1318
    1828
    2738
    3924
    5259
    5872
    5791
    4646
    3238
    2047
    1334
    1026
     927
     843
     783
     869
     819
     846
     850
     772
     806
     813
     795
     803
     795
     804
     766
     752
     792
     794
     801
     734
     741
     781
     738
     771
     709
     751
     804
     736
     773
     783
     771
     713
     795
     740
     779
     731
     755
     725
     726
     714
     738
     764
     745
     699
     761
     737
     744
     723
     754
     745
     698
     719
     712
     687
     733
     690
     681
     690
     708
     734
     721
     659
     657
     678
     680
     692
     691
     708
     716
     706
     666
     733
     685
     662
     672
     697
     676
     652
     654
     717
     628
     648
     696
     684
     636
     685
     669
     657
     627
     618
     650
     691
     615
     635
     603
     617
     645
     640
     650
     676
     595
     619
     600
     652
     590
     600
     625
     601
     629
     617
     590
     614
     593
     585
     615
     631
     580
     539
     613
     547
     628
     557
     578
     578
     576
     584
     615
     609
     597
     584
     597
     556
     545
     558
     576
     547
     518
     531
     546
     548
     557
     536
     537
     527
     538
     541
     493
     563
     515
     569
     577
     514
     534
     545
     496
     528
     534
     548
     522
     536
     549
     511
     492
     522
     505
     497
     514
     511
     557
     484
     504
     466
     487
     532
     457
     467
     462
     489
     502
     440
     471
     484
     454
     483
     444
     482
     450
     487
     405
     475
     440
     435
     421
     415
     429
     442
     436
     465
     439
     416
     404
     427
     397
     428
     377
     412
     467
     469
     414
     405
     398
     381
     406
     411
     429
     399
     407
     407
     373
     417
     403
     412
     399
     414
     356
     429
     401
     382
     384
     371
     370
     343
     343
     359
     366
     339
     380
     383
     356
     386
     344
     352
     363
     353
     367
     368
     339
     355
     377
     369
     364
     335
     359
     385
     356
     340
     332
     358
     336
     351
     318
     358
     318
     308
     349
     340
     356
     314
     370
     337
     329
     303
     319
     341
     307
     308
     351
     339
     339
     293
     348
     310
     337
     327
     305
     320
     332
     304
     302
     347
     332
     353
     311
     319
     356
     359
     383
     440
     463
     410
     432
     359
     346
     346
     290
     316
     289
     302
     321
     300
     346
     290
     312
     325
     319
     294
     322
     301
     312
     321
     297
     295
     314
     296
     335
     331
     319
     288
     260
     274
     290
     326
     312
     285
     323
     280
     272
     309
     278
     316
     284
     294
     307
     283
     284
     317
     282
     316
     300
     302
     279
     308
     259
     300
     301
     301
     284
     277
     294
     288
     299
     265
     289
     282
     274
     297
     295
     270
     281
     273
     269
     261
     285
     294
     300
     264
     314
     335
     279
     322
     305
     324
     262
     265
     305
     328
     264
     260
     280
     309
     279
     274
     282
     292
     309
     328
     358
     479
     585
     715
     973
    1126
    1237
    1051
     841
     688
     542
     428
     377
     336
     330
     309
     312
     292
     278
     269
     301
     294
     291
     296
     304
     276
     294
     312
     294
     272
     278
     306
     306
     301
     323
     291
     289
     325
     263
     285
     281
     269
     272
     294
     284
     268
     284
     285
     282
     295
     265
     244
     253
     282
     302
     314
     284
     269
     309
     305
     286
     280
     288
     295
     279
     299
     276
     276
     301
     280
     272
     299
     307
     285
     301
     272
     292
     291
     293
     320
     302
     303
     313
     288
     292
     306
     300
     313
     305
     328
     326
     372
     370
     387
     555
     780
    1488
    2568
    4888
    8635
   14825
   24216
   36077
   48562
   55539
   53892
   44330
   30048
   17304
    8734
    4099
    2000
    1145
     753
     629
     506
     405
     368
     346
     287
     304
     277
     311
     274
     295
     286
     283
     261
     256
     274
     265
     274
     295
     274
     290
     250
     265
     282
     275
     278
     292
     302
     302
     320
     307
     369
     342
     329
     354
     269
     312
     286
     266
     249
     288
     273
     276
     257
     246
     263
     252
     243
     238
     241
     273
     242
     273
     237
     260
     232
     224
     252
     247
     284
     225
     245
     282
     263
     269
     227
     260
     225
     240
     244
     236
     239
     267
     269
     266
     313
     298
     356
     370
     453
     482
     489
     437
     380
     364
     326
     301
     304
     254
     282
     225
     233
     238
     240
     221
     234
     251
     243
     234
     249
     264
     243
     241
     246
     250
     241
     236
     246
     243
     257
     247
     245
     246
     230
     241
     239
     222
     260
     244
     252
     244
     244
     253
     215
     248
     244
     238
     237
     241
     239
     244
     257
     224
     236
     230
     223
     271
     234
     241
     211
     237
     221
     226
     237
     229
     239
     258
     238
     233
     271
     238
     222
     247
     257
     281
     232
     241
     221
     250
     263
     274
     248
     264
     247
     237
     232
     251
     249
     272
     259
     288
     357
     380
     476
     518
     547
     563
     511
     451
     347
     318
     296
     272
     250
     307
     304
     291
     285
     286
     259
     287
     204
     270
     252
     252
     245
     251
     221
     283
     262
     210
     264
     232
     251
     229
     257
     259
     275
     258
     265
     244
     253
     254
     233
     288
     247
     256
     268
     230
     236
     242
     254
     217
     251
     261
     224
     247
     233
     224
     246
     251
     248
     224
     231
     276
     220
     235
     241
     236
     247
     237
     274
     229
     218
     257
     228
     235
     235
     229
     213
     232
     242
     245
     252
     228
     225
     255
     249
     254
     248
     246
     225
     258
     242
     256
     225
     240
     236
     228
     222
     231
     218
     222
     217
     227
     243
     249
     238
     228
     206
     241
     243
     253
     251
     248
     253
     226
     235
     246
     239
     245
     223
     216
     252
     228
     240
     251
     243
     255
     239
     230
     258
     249
     248
     251
     238
     232
     246
     256
     240
     253
     248
     222
     240
     240
     209
     247
     269
     236
     222
     243
     230
     251
     232
     211
     230
     235
     218
     242
     235
     227
     219
     235
     250
     242
     249
     213
     249
     239
     237
     228
     233
     193
     235
     246
     230
     254
     257
     257
     275
     278
     260
     341
     409
     516
     626
     816
     945
    1052
     976
     824
     675
     493
     367
     298
     209
     228
     239
     235
     239
     230
     230
     198
     235
     232
     229
     223
     218
     246
     226
     233
     251
     247
     214
     209
     208
     223
     212
     239
     242
     211
     236
     215
     229
     230
     243
     227
     221
     216
     264
     230
     219
     249
     220
     229
     228
     227
     227
     253
     230
     225
     220
     206
     258
     245
     227
     235
     305
     318
     422
     489
     606
     778
     907
    1142
    1291
    1298
    1311
    1203
    1073
     838
     606
     510
     397
     317
     277
     267
     279
     236
     234
     241
     267
     257
     240
     231
     268
     270
     279
     253
     249
     270
     260
     264
     241
     262
     248
     232
     256
     272
     243
     269
     252
     233
     253
     267
     268
     253
     265
     245
     289
     256
     268
     228
     277
     275
     274
     237
     210
     252
     238
     232
     257
     238
     260
     251
     236
     239
     274
     263
     275
     281
     267
     258
     290
     263
     238
     251
     248
     247
     266
     249
     238
     237
     250
     242
     276
     255
     252
     215
     253
     262
     243
     256
     269
     268
     229
     250
     263
     282
     274
     292
     258
     267
     268
     303
     258
     261
     236
     255
     279
     257
     245
     254
     246
     276
     226
     270
     242
     238
     257
     263
     265
     234
     263
     242
     269
     266
     242
     253
     238
     248
     253
     258
     271
     245
     241
     254
     234
     264
     272
     246
     250
     250
     218
     245
     262
     255
     247
     241
     263
     264
     278
     255
     227
     248
     237
     261
     256
     261
     271
     256
     219
     290
     240
     242
     250
     274
     258
     247
     250
     222
     273
     225
     269
     266
     263
     269
     224
     225
     228
     241
     229
     264
     242
     237
     262
     277
     257
     278
     239
     250
     255
     268
     291
     253
     298
     263
     258
     274
     263
     248
     279
     248
     276
     234
     245
     248
     231
     258
     256
     252
     264
     277
     252
     259
     258
     227
     237
     254
     254
     214
     237
     250
     275
     273
     218
     263
     262
     287
     248
     248
     250
     234
     244
     248
     206
     235
     238
     242
     246
     263
     247
     231
     228
     243
     236
     273
     273
     274
     254
     282
     273
     222
     250
     233
     235
     233
     247
     271
     274
     243
     270
     288
     235
     228
     254
     232
     214
     237
     233
     227
     240
     241
     250
     239
     238
     276
     242
     266
     267
     269
     263
     277
     257
     270
     245
     252
     255
     259
     257
     226
     245
     228
     222
     251
     272
     247
     267
     261
     268
     262
     257
     250
     270
     248
     281
     266
     279
     225
     223
     254
     265
     261
     225
     255
     249
     259
     232
     244
     263
     235
     265
     281
     281
     264
     245
     240
     278
     253
     271
     242
     249
     263
     271
     251
     233
     265
     268
     267
     247
     247
     278
     256
     267
     248
     283
     266
     269
     250
     270
     240
     246
     232
     234
     258
     240
     262
     232
     246
     241
     259
     289
     267
     264
     254
     272
     265
     281
     258
     249
     241
     248
     244
     255
     257
     255
     268
     251
     262
     242
     253
     254
     243
     236
     236
     253
     243
     272
     269
     264
     295
     259
     246
     261
     262
     259
     246
     229
     259
     254
     233
     244
     221
     247
     246
     253
     251
     277
     238
     272
     256
     252
     255
     235
     239
     234
     230
     246
     235
     254
     268
     252
     258
     265
     294
     248
     278
     251
     279
     264
     290
     270
     239
     236
     268
     277
     259
     253
     283
     250
     249
     282
     278
     253
     233
     267
     239
     243
     236
     280
     292
     276
     274
     309
     292
     305
     365
     373
     389
     432
     428
     369
     327
     336
     299
     263
     263
     270
     254
     248
     270
     268
     254
     251
     239
     231
     240
     257
     259
     219
     259
     245
     255
     215
     249
     250
     260
     243
     262
     231
     280
     257
     291
     247
     266
     247
     247
     252
     250
     232
     283
     258
     226
     252
     260
     260
     228
     243
     273
     266
     234
     249
     253
     235
     233
     251
     256
     253
     257
     252
     259
     273
     254
     254
     255
     259
     280
     303
     273
     291
     319
     255
     306
     253
     271
     275
     259
     246
     237
     245
     270
     240
     246
     269
     263
     263
     253
     239
     232
     260
     247
     234
     268
     259
     255
     252
     234
     248
     253
     253
     225
     251
     236
     239
     248
     240
     239
     249
     248
     235
     248
     277
     256
     266
     230
     271
     258
     237
     237
     233
     260
     250
     225
     255
     266
     252
     263
     257
     246
     248
     237
     243
     228
     258
     242
     247
     230
     238
     244
     232
     225
     262
     224
     235
     232
     240
     246
     264
     246
     249
     234
     237
     225
     244
     256
     242
     273
     234
     229
     236
     258
     210
     238
     247
     253
     237
     253
     252
     248
     241
     248
     234
     242
     225
     257
     239
     254
     244
     269
     231
     241
     236
     230
     261
     245
     255
     245
     236
     237
     258
     253
     291
     233
     267
     239
     268
     260
     249
     269
     234
     227
     259
     237
     258
     275
     264
     227
     237
     259
     269
     274
     238
     236
     237
     265
     269
     267
     246
     269
     254
     248
     248
     265
     270
     250
     225
     254
     240
     255
     268
     263
     292
     255
     255
     245
     218
     255
     244
     248
     275
     256
     226
     247
     267
     266
     251
     228
     277
     270
     290
     290
     257
     279
     274
     284
     242
     247
     254
     270
     272
     252
     254
     244
     247
     274
     273
     296
     343
     366
     414
     437
     442
     421
     414
     391
     353
     316
     297
     244
     308
     275
     246
     288
     291
     264
     283
     264
     259
     263
     264
     251
     257
     269
     264
     258
     264
     247
     259
     288
     268
     284
     286
     289
     280
     233
     269
     235
     281
     267
     264
     270
     253
     291
     236
     272
     241
     285
     282
     268
     244
     277
     256
     284
     237
     270
     261
     273
     266
     257
     275
     272
     262
     257
     302
     263
     300
     251
     277
     276
     284
     247
     274
     266
     268
     261
     270
     236
     251
     295
     274
     287
     268
     259
     269
     271
     298
     289
     310
     313
     340
     336
     399
     500
     614
     788
     897
    1064
    1057
    1095
     963
     809
     616
     503
     373
     382
     318
     287
     292
     299
     304
     242
     277
     277
     289
     281
     302
     293
     278
     296
     302
     287
     307
     279
     260
     239
     265
     279
     264
     301
     303
     254
     270
     289
     300
     267
     301
     286
     310
     279
     285
     281
     295
     288
     265
     290
     307
     266
     272
     284
     297
     275
     282
     290
     270
     286
     284
     302
     291
     284
     287
     323
     331
     325
     336
     313
     355
     359
     388
     398
     380
     414
     420
     344
     352
     332
     317
     305
     294
     270
     268
     262
     278
     267
     289
     279
     252
     269
     290
     278
     271
     268
     264
     259
     278
     246
     275
     277
     270
     264
     251
     288
     289
     284
     251
     280
     307
     265
     272
     282
     277
     273
     304
     292
     310
     336
     335
     320
     401
     383
     398
     347
     328
     309
     298
     293
     282
     290
     286
     280
     266
     267
     257
     259
     269
     274
     290
     266
     253
     283
     273
     265
     278
     258
     292
     289
     239
     288
     277
     275
     267
     280
     306
     301
     338
     336
     360
     380
     420
     452
     483
     532
     528
     481
     523
     528
     499
     482
     387
     335
     329
     323
     331
     326
     296
     297
     272
     278
     274
     278
     286
     294
     270
     258
     302
     271
     255
     266
     270
     291
     282
     301
     282
     269
     253
     293
     263
     279
     256
     275
     278
     286
     265
     282
     274
     266
     262
     281
     262
     278
     261
     288
     252
     264
     257
     250
     255
     302
     272
     279
     290
     301
     274
     278
     262
     277
     251
     248
     241
     269
     287
     262
     278
     275
     284
     258
     270
     252
     265
     275
     288
     275
     260
     261
     283
     279
     274
     260
     285
     261
     251
     283
     264
     299
     258
     289
     269
     248
     280
     316
     314
     315
     289
     325
     349
     305
     364
     329
     410
     442
     410
     437
     419
     383
     363
     352
     291
     297
     285
     317
     278
     280
     301
     260
     295
     268
     278
     239
     267
     288
     252
     259
     274
     235
     278
     262
     275
     280
     255
     238
     276
     298
     251
     291
     257
     270
     269
     283
     273
     279
     283
     287
     283
     273
     287
     263
     256
     289
     308
     267
     265
     291
     269
     282
     283
     309
     272
     284
     275
     267
     262
     287
     274
     296
     292
     307
     276
     282
     276
     293
     295
     265
     273
     295
     277
     291
     285
     292
     269
     285
     282
     277
     287
     301
     316
     274
     281
     283
     285
     267
     313
     277
     272
     292
     326
     286
     265
     296
     267
     273
     288
     267
     319
     246
     299
     293
     289
     302
     288
     280
     281
     279
     262
     284
     286
     293
     293
     276
     271
     308
     293
     266
     261
     295
     295
     299
     277
     296
     281
     308
     285
     279
     288
     272
     274
     277
     278
     299
     266
     304
     283
     284
     298
     271
     299
     316
     277
     297
     302
     284
     283
     278
     267
     263
     289
     259
     311
     293
     252
     314
     308
     292
     283
     283
     304
     290
     329
     325
     300
     275
     306
     343
     326
     290
     276
     277
     315
     271
     289
     284
     285
     271
     335
     296
     310
     289
     323
     309
     289
     248
     271
     309
     273
     284
     316
     307
     262
     310
     296
     315
     300
     264
     313
     311
     290
     309
     280
     314
     337
     298
     295
     314
     295
     267
     345
     323
     282
     311
     351
     300
     306
     316
     334
     331
     315
     372
     373
     417
     482
     514
     566
     697
     825
     969
    1161
    1326
    1492
    1727
    1725
    1720
    1616
    1531
    1324
    1133
     905
     739
     618
     515
     439
     415
     413
     345
     363
     330
     311
     315
     307
     325
     327
     330
     343
     313
     308
     318
     305
     324
     309
     307
     301
     313
     338
     328
     312
     317
     337
     295
     327
     327
     320
     309
     338
     290
     346
     323
     331
     330
     335
     335
     290
     325
     358
     313
     310
     367
     313
     305
     339
     333
     328
     308
     289
     327
     367
     370
     362
     351
     325
     339
     367
     325
     344
     359
     371
     372
     421
     349
     334
     321
     358
     326
     336
     347
     327
     337
     361
     341
     414
     409
     456
     462
     477
     536
     548
     522
     502
     450
     376
     364
     330
     351
     373
     352
     384
     337
     352
     349
     334
     363
     310
     375
     341
     352
     311
     306
     350
     316
     341
     365
     346
     361
     326
     344
     313
     357
     361
     362
     364
     310
     352
     349
     350
     332
     325
     341
     300
     383
     346
     326
     358
     317
     321
     345
     367
     366
     355
     353
     346
     330
     340
     364
     378
     344
     338
     362
     334
     347
     367
     366
     327
     376
     350
     352
     357
     325
     338
     350
     347
     343
     356
     355
     359
     394
     388
     372
     338
     342
     363
     365
     344
     354
     338
     341
     344
     355
     340
     365
     362
     323
     320
     346
     368
     362
     382
     362
     362
     371
     362
     369
     381
     359
     367
     360
     396
     366
     370
     356
     361
     313
     371
     358
     371
     395
     361
     385
     352
     370
     373
     385
     369
     402
     376
     374
     327
     392
     388
     370
     369
     417
     347
     382
     348
     364
     366
     354
     357
     372
     370
     370
     357
     370
     383
     423
     387
     360
     363
     337
     341
     374
     395
     416
     374
     400
     382
     399
     390
     394
     400
     355
     390
     409
     384
     427
     417
     396
     402
     462
     430
     436
     553
     586
     588
     700
     753
     742
     722
     694
     696
     579
     514
     504
     444
     444
     400
     446
     410
     416
     390
     368
     394
     404
     416
     401
     393
     364
     386
     373
     399
     408
     407
     392
     443
     440
     411
     422
     414
     443
     445
     362
     395
     429
     380
     389
     446
     439
     386
     394
     413
     389
     414
     434
     395
     404
     395
     430
     394
     463
     376
     444
     395
     394
     385
     391
     380
     395
     449
     436
     435
     420
     414
     437
     452
     454
     389
     393
     403
     412
     403
     420
     425
     424
     395
     416
     432
     409
     447
     429
     414
     438
     431
     402
     449
     432
     444
     480
     402
     412
     385
     453
     420
     422
     449
     406
     435
     396
     447
     448
     455
     446
     405
     430
     427
     454
     435
     410
     429
     429
     403
     414
     398
     407
     431
     396
     397
     378
     373
     392
     468
     414
     390
     402
     405
     418
     394
     407
     392
     397
     413
     417
     417
     385
     402
     382
     400
     422
     414
     393
     359
     416
     384
     383
     402
     396
     413
     441
     395
     425
     466
     428
     386
     425
     415
     393
     401
     385
     404
     403
     403
     398
     383
     379
     437
     431
     445
     419
     436
     431
     393
     446
     439
     381
     401
     439
     433
     443
     491
     471
     487
     540
     597
     566
     614
     554
     534
     503
     486
     485
     433
     436
     427
     451
     426
     398
     379
     400
     433
     440
     447
     407
     433
     419
     411
     449
     444
     473
     411
     400
     435
     454
     440
     407
     497
     448
     453
     474
     429
     483
     463
     447
     427
     425
     446
     435
     443
     431
     464
     452
     465
     422
     436
     423
     426
     460
     439
     407
     426
     445
     437
     448
     452
     405
     456
     430
     475
     429
     424
     450
     451
     467
     416
     431
     489
     468
     467
     421
     423
     453
     470
     426
     421
     434
     463
     489
     438
     425
     441
     449
     437
     477
     440
     449
     469
     458
     443
     441
     473
     406
     476
     458
     486
     441
     466
     464
     441
     466
     450
     474
     448
     446
     466
     426
     510
     425
     447
     501
     467
     445
     471
     475
     449
     465
     460
     447
     481
     465
     439
     455
     463
     450
     430
     456
     486
     444
     471
     471
     457
     472
     432
     476
     471
     447
     478
     484
     436
     485
     504
     470
     469
     481
     458
     459
     450
     453
     467
     484
     462
     492
     514
     520
     486
     490
     460
     520
     452
     500
     493
     494
     486
     440
     510
     444
     485
     511
     434
     475
     455
     428
     481
     466
     508
     491
     501
     490
     549
     534
     510
     529
     497
     510
     534
     521
     492
     523
     473
     474
     509
     500
     496
     505
     478
     504
     460
     477
     504
     504
     506
     491
     473
     457
     529
     491
     545
     499
     513
     480
     480
     501
     490
     481
     482
     468
     521
     460
     524
     503
     529
     479
     530
     486
     459
     514
     530
     491
     485
     470
     482
     477
     468
     501
     504
     533
     503
     498
     495
     535
     509
     483
     475
     499
     462
     504
     482
     460
     465
     464
     456
     438
     467
     491
     445
     439
     490
     437
     448
     458
     450
     402
     451
     406
     373
     418
     416
     397
     367
     438
     360
     385
     361
     377
     397
     354
     347
     347
     360
     379
     338
     360
     325
     323
     321
     321
     338
     305
     363
     324
     328
     308
     319
     292
     340
     311
     320
     333
     329
     324
     302
     304
     292
     294
     279
     299
     281
     292
     337
     330
     330
     306
     320
     332
     303
     287
     329
     298
     291
     282
     298
     321
     294
     300
     282
     308
     298
     308
     271
     315
     297
     263
     298
     319
     261
     286
     287
     295
     299
     297
     285
     268
     269
     311
     277
     307
     289
     330
     255
     278
     269
     269
     293
     289
     261
     303
     301
     277
     273
     274
     275
     254
     291
     273
     277
     281
     318
     261
     266
     307
     260
     239
     262
     283
     264
     270
     267
     282
     253
     298
     283
     283
     263
     265
     276
     268
     252
     255
     254
     244
     289
     252
     263
     252
     284
     286
     243
     260
     257
     249
     221
     288
     239
     294
     236
     247
     258
     249
     245
     244
     271
     243
     265
     288
     224
     242
     234
     253
     264
     220
     255
     235
     218
     244
     223
     241
     252
     253
     235
     227
     240
     250
     216
     230
     211
     241
     251
     224
     190
     223
     215
     227
     214
     208
     227
     217
     185
     193
     219
     221
     200
     185
     211
     207
     212
     203
     201
     214
     204
     194
     184
     221
     205
     202
     198
     221
     223
     199
     186
     203
     180
     212
     208
     159
     177
     177
     186
     187
     179
     198
     183
     183
     176
     201
     189
     177
     199
     185
     185
     179
     177
     171
     182
     160
     206
     175
     184
     180
     160
     176
     172
     182
     188
     191
     192
     211
     236
     267
     354
     401
     443
     607
     715
    1030
    1387
    1737
    2202
    2831
    3366
    3842
    4081
    4124
    3972
    3447
    2693
    2017
    1387
     870
     681
     419
     286
     249
     203
     160
     154
     147
     125
     112
     132
     132
     116
     123
     120
     126
      98
     106
     125
     118
     109
     119
     117
     108
     102
     135
     112
     122
     114
     113
      98
      99
     112
     102
     109
      85
     100
     106
     118
      99
     114
      80
      94
      92
      96
      86
      83
      95
      92
      81
      88
      81
      95
      92
      93
      78
      78
      78
      83
      71
      68
      79
      88
      65
      78
      73
      60
      78
      76
      64
      70
      81
      65
      70
      77
      77
      75
      97
      91
     104
     104
     116
     153
     157
     178
     186
     188
     187
     185
     173
     157
     118
     103
      91
      91
      77
      59
      63
      45
      60
      67
      51
      48
      51
      55
      48
      48
      46
      59
      59
      55
      66
      50
      39
      54
      56
      36
      45
      50
      36
      34
      48
      60
      37
      45
      59
      43
      53
      40
      42
      50
      59
      39
      40
      45
      46
      35
      46
      35
      43
      46
      52
      47
      47
      45
      48
      45
      39
      39
      43
      52
      43
      39
      43
      52
      31
      44
      37
      36
      37
      39
      40
      49
      31
      42
      43
      39
      38
      22
      33
      37
      40
      39
      38
      40
      36
      42
      30
      34
      45
      47
      34
      33
      51
      29
      41
      48
      40
      41
      44
      42
      43
      47
      41
      43
      44
      31
      41
      47
      34
      38
      45
      36
      36
      37
      45
      44
      38
      29
      43
      32
      30
      49
      30
      36
      37
      42
      32
      43
      34
      37
      35
      36
      38
      42
      31
      36
      29
      32
      28
      35
      36
      48
      40
      41
      44
      32
      32
      36
      34
      30
      26
      44
      36
      39
      44
      42
      35
      52
      36
      29
      38
      47
      35
      33
      31
      40
      41
      32
      28
      29
      29
      30
      30
      33
      37
      41
      33
      39
      34
      29
      39
      39
      37
      29
      26
      39
      42
      35
      23
      37
      42
      40
      41
      34
      41
      35
      36
      44
      41
      43
      44
      39
      38
      40
      40
      29
      44
      46
      35
      39
      40
      36
      35
      48
      50
      43
      43
      54
      50
      52
      50
      53
      53
      44
      57
      54
      62
      67
      74
     129
     163
     248
     354
     522
     734
    1040
    1357
    1870
    2437
    3270
    4402
    5925
    7564
    9955
   11889
   14219
   15785
   16946
   16690
   15207
   13063
   10349
    7424
    4942
    3069
    1934
    1228
     714
     430
     248
     155
     113
      74
      48
      52
      35
      39
      35
      36
      38
      29
      26
      30
      39
      25
      26
      16
      23
      19
      23
      27
      26
      21
      29
      24
      21
      21
      28
      17
      31
      31
      17
      22
      20
      30
      16
      13
      17
      18
      14
      19
      16
      23
      13
      20
      25
      14
      14
      11
      10
      12
      10
      12
      12
      10
      10
       9
       8
      15
      23
      14
      10
      10
      15
      10
      12
      12
      17
      18
       7
      15
      14
      18
       6
      20
       8
       9
      24
      12
      17
      12
      12
      17
      11
      13
      15
      14
      23
       9
       7
      14
      18
       8
      17
      18
       5
      10
      12
      17
       9
      12
      14
      12
      12
      10
      14
      12
       6
      13
      15
      15
      10
      18
      11
      19
      14
      15
       9
      14
       8
      11
       9
      11
       8
       7
       9
      19
       9
      12
      16
      10
      10
      13
       7
       8
       6
      16
       6
       6
       8
       8
      11
      12
      10
      13
      18
       7
      11
      13
       3
       6
      12
       6
       9
       8
      11
      11
       8
      15
       9
      13
      10
      11
       4
      10
      11
       7
       4
      10
      10
      10
       8
      13
      17
       8
      11
      11
      19
       7
       8
      12
      12
       7
      11
       8
      10
      10
      12
       6
       9
      12
       5
      11
       9
       9
       8
       5
      10
       9
       7
       7
       5
       5
       5
       7
       9
       9
      11
       8
      13
      15
       4
       4
       8
       7
       7
      11
       7
       8
       8
      17
      15
       5
      13
       9
       7
      11
      15
       8
      11
       6
       9
       9
       8
      11
       5
      11
       8
      10
       9
      10
       6
      13
      11
      10
       4
      11
      12
       7
       8
       5
       6
       7
       6
       6
       9
      12
      15
       7
      12
       6
       8
       5
       4
       5
      11
       7
       4
       5
       5
      10
       9
       6
      12
       3
       8
       9
       6
       8
       6
       9
       8
       9
       8
       4
       8
       6
       7
       5
       8
       4
       5
       7
       4
       6
       5
       3
       8
       8
       8
      11
       4
       8
       9
       9
       9
       8
       9
       3
       8
       6
       5
       6
       6
       3
       6
       4
       7
       5
       5
       6
       4
       9
       5
       3
       8
       3
       9
       9
      17
       4
       6
       7
       4
       5
       7
       4
       7
       7
       5
      11
       4
      10
      13
       8
       7
      12
       6
      10
       8
      10
      13
       4
       6
       4
       7
      13
       6
       5
       3
       8
       6
       5
       5
       6
       5
       8
       6
       3
       6
       7
       2
       5
       7
       3
       6
       5
       5
       3
       2
       4
       3
       2
       7
       3
       2
       6
       9
       6
       7
       6
       6
       6
       5
       5
       5
       5
       5
       3
       2
       3
       5
       2
       6
       4
       4
       4
       5
       3
       8
       5
       3
       4
       4
       3
       5
       2
       6
       3
       5
       3
       4
       6
       8
       4
       4
       2
       5
       4
       4
       6
       7
       0
       7
       4
       7
      10
       2
       3
       5
       7
       1
       7
       7
       6
       1
       5
       6
       5
       4
       7
       6
       4
       5
       5
       5
       4
       4
       3
       5
       4
       4
       7
       3
       8
       4
       3
       8
       2
       4
       5
       4
       6
       2
       5
       6
       6
       1
       8
       1
       4
       5
       3
       2
       3
       4
       3
       3
       5
       5
       6
       3
       5
       6
       5
       4
       6
       9
       4
       6
       3
       3
       6
       8
       2
       5
       6
       2
       6
       2
       6
       2
       3
       2
       7
       6
       5
       3
       5
       5
       3
       4
       7
       4
       2
       3
       3
       6
       4
       7
       3
       4
       2
       8
       7
      11
       3
       5
       5
       5
       7
       4
       1
       4
       9
      10
       5
       3
       3
       1
       1
       3
       3
       2
       5
       8
       5
       3
       2
       1
       2
       0
       5
       5
       5
       3
       2
       1
       8
       5
       2
       4
       5
       6
       0
       1
       2
       3
       9
       2
       3
       3
       6
       5
       3
       2
       4
       2
       4
       4
       4
       2
       0
       6
       5
       0
       1
       4
       3
       2
       5
       2
       4
       3
       5
       5
       9
       6
       3
       2
       0
       6
       5
       5
       0
       6
       5
       5
       1
       6
       2
       3
       2
       4
       2
       2
       2
       3
       2
       2
       4
       5
       6
       6
       2
       1
       2
       3
       6
       3
      11
       1
       1
       4
       5
       2
       2
       2
       1
       5
       4
       3
       6
       3
       6
       3
       3
       7
       1
       4
       2
       4
       1
       4
       5
       2
       4
       4
       2
       1
       4
       5
       6
       4
       4
       4
       5
       3
       2
       2
       2
       4
       8
       4
       1
       9
       5
       3
       3
       2
       2
       7
       2
       4
       2
       0
       4
       1
       8
       6
       3
       2
       5
       0
       2
       0
       1
       2
       3
       3
       6
       2
       4
       3
       7
       1
       6
       0
       1
       4
       3
       5
       7
       5
       2
       5
       4
       1
       3
       4
       5
       6
       5
       2
       5
       2
       2
       3
       3
       4
       4
       4
       6
       4
       1
       4
       4
       3
       2
       1
       1
       5
       1
       2
       2
       2
       3
       0
       6
       7
       7
       3
       3
       4
       5
       1
       3
       3
       0
       3
       6
       5
       3
       3
       1
       1
       5
       4
       1
       7
       0
       2
       4
       1
       3
       3
       1
       1
       8
       3
       0
       0
       3
       6
       3
       0
       3
       0
       3
       5
       2
       2
       3
       4
       1
       3
       4
       1
       3
       3
       2
       3
       6
       1
       2
       3
       1
       0
       1
       1
       2
       4
       1
       0
       1
       1
       2
       2
       1
       0
       1
       4
       4
       2
       2
       2
       3
       1
       2
       2
       2
       3
       2
       6
       2
       2
       0
       2
       1
       3
       2
       1
       1
       1
       2
       3
       1
       1
       4
       4
       2
       2
       1
       3
       0
       5
       1
       0
       0
       2
       4
       1
       1
       2
       3
       2
       5
       4
       1
       3
       3
       0
       3
       5
       3
       3
       1
       1
       2
       3
       1
       5
       3
       4
       2
       0
       1
       2
       2
       2
       1
       1
       7
       5
       2
       3
       1
       1
       2
       2
       7
       2
       2
       0
       0
       4
       1
       2
       0
       1
       1
       0
       1
       2
       0
       2
       2
       3
       1
       4
       5
       2
       4
       3
       1
       3
       2
       2
       2
       0
       1
       2
       5
       3
       0
       5
       1
       2
       2
       2
       4
       0
       0
       2
       3
       2
       5
       1
       3
       2
       2
       3
       1
       2
       2
       0
       3
       4
       4
       1
       1
       5
       4
       4
       2
       2
       7
       1
       2
       2
       1
       3
       1
       1
       3
       2
       2
       3
       0
       1
       1
       0
       1
       2
       3
       2
       1
       0
       2
       2
       3
       1
       4
       3
       0
       1
       1
       3
       0
       0
       0
       2
       0
       2
       1
       4
       0
       4
       1
       1
       2
       1
       3
       2
       4
       2
       0
       2
       2
       2
       4
       0
       3
       2
       4
       3
       1
       0
       1
       3
       0
       1
       1
       0
       2
       1
       0
       2
       2
       0
       1
       1
       0
       4
       0
       2
       0
       3
       2
       2
       0
       2
       1
       0
       2
       1
       2
       1
       4
       1
       2
       1
       3
       1
       5
       1
       2
       3
       2
       4
       5
       4
       3
       4
       3
       7
       8
       7
       3
       1
       4
       5
       4
       4
       1
       7
       1
       1
       1
       3
       5
       4
       1
       3
       1
       2
       3
       0
       2
       2
       0
       2
       3
       1
       4
       3
       4
       5
       2
       5
       4
       3
       2
       4
       5
       1
       4
       1
       2
       4
       2
       2
       2
       1
       0
       0
       5
       1
       1
       2
       1
       0
       0
       1
       3
       3
       1
       0
       2
       1
       0
       1
       2
       2
       0
       0
       3
       0
       2
       3
       0
       1
       1
       4
       2
       3
       2
       2
       3
       1
       1
       1
       3
       1
       1
       4
       2
       0
       6
       3
       1
       2
       0
       0
       1
       1
       0
       1
       3
       0
       2
       0
       2
       1
       2
       2
       1
       2
       3
       3
       0
       4
       2
       1
       2
       1
       0
       2
       2
       0
       1
       0
       2
       2
       2
       3
       2
       1
       0
       7
       4
       2
       2
       1
       1
       2
       2
       1
       1
       1
       2
       2
       2
       2
       2
       0
       1
       1
       3
       3
       2
       2
       0
       3
       2
       3
       4
       1
       1
       5
       3
       1
       0
       1
       0
       2
       5
       1
       3
       2
       1
       3
       4
       2
       0
       1
       4
       1
       3
       2
       1
       1
       0
       2
       0
       1
       4
       1
       3
       3
       2
       0
       1
       0
       3
       2
       0
       1
       0
       3
       3
       3
       0
       1
       2
       3
       1
       3
       3
       1
       1
       2
       3
       2
       1
       2
       4
       5
       4
       2
       3
       3
       3
       3
       4
       2
       1
       0
       4
       2
       0
       1
       1
       0
       1
       2
       1
       2
       1
       1
       2
       1
       1
       0
       2
       2
       0
       3
       0
       1
       0
       1
       2
       0
       1
       0
       4
       0
       0
       2
       1
       2
       1
       0
       1
       0
       0
       0
       2
       1
       2
       0
       0
       1
       1
       3
       1
       0
       1
       1
       2
       0
       0
       0
       2
       1
       1
       0
       1
       2
       0
       1
       1
       4
       0
       3
       1
       3
       0
       1
       2
       0
       1
       1
       1
       2
       1
       1
       4
       0
       0
       0
       0
       1
       3
       0
       0
       1
       0
       2
       2
       1
       1
       0
       2
       2
       0
       0
       1
       2
       0
       0
       0
       1
       2
       0
       1
       2
       1
       0
       2
       1
       1
       2
       0
       0
       0
       0
       1
       0
       0
       1
       0
       1
       4
       1
       3
       0
       2
       0
       0
       1
       1
       1
       1
       0
       0
       2
       0
       2
       1
       1
       2
       1
       0
       1
       0
       1
       1
       2
       0
       5
       0
       3
       2
       5
       2
       4
       2
       1
       3
       2
       1
       2
       1
       2
       1
       3
       1
       1
       1
       0
       1
       1
       1
       0
       1
       2
       1
       3
       0
       0
       2
       0
       2
       0
       0
       0
       1
       4
       2
       1
       0
       1
       1
       1
       0
       1
       2
       3
       0
       1
       0
       1
       0
       0
       0
       2
       1
       0
       0
       0
       0
       1
       1
       0
       0
       0
       0
       0
       4
       2
       1
       0
       1
       1
       1
       1
       1
       1
       0
       0
       0
       1
       2
       1
       0
       1
       2
       3
       0
       0
       3
       1
       1
       1
       1
       3
       0
       0
       0
       1
       0
       2
       1
       0
       1
       0
       1
       1
       1
       2
       0
       1
       1
       1
       2
       2
       1
       1
       2
       0
       1
       1
       2
       1
       0
       0
       1
       1
       1
       1
       1
       0
       3
       0
       1
       1
       0
       1
       1
       1
       1
       0
       0
       0
       2
       0
       0
       1
       2
       0
       0
       1
       1
       2
       4
       2
       0
       0
       0
       1
       1
       0
       3
       0
       4
       0
       0
       2
       0
       1
       1
       0
       1
       2
       2
       1
       1
       1
       2
       1
       1
       1
       0
       2
       0
       1
       0
       2
       0
       0
       1
       2
       0
       0
       1
       1
       0
       2
       0
       2
       0
       0
       0
       0
       0
       1
       1
       2
       0
       1
       1
       2
       3
       1
       2
       2
       0
       0
       3
       0
       2
       0
       0
       2
       3
       0
       0
       1
       0
       1
       1
       1
       0
       2
       1
       2
       2
       0
       1
       0
       0
       0
       0
       0
       1
       0
       0
       0
       0
       2
       0
       1
       1
       2
       4
       2
       1
       1
       0
       1
       0
       1
       1
       1
       0
       1
       0
       0
       0
       0
       1
       0
       0
       0
       0
       1
       0
       0
       3
       0
       0
       1
       0
       1
       0
       1
       0
       0
       0
       1
       1
       0
       0
       2
       0
       0
       1
       0
       1
       3
       3
       0
       0
       0
       1
       0
       0
       0
       1
       0
       0
       0
       1
       0
       0
       2
       1
       2
       1
       2
       0
       2
       1
       0
       1
       0
       0
       2
       0
       0
       1
       1
       0
       0
       0
       1
       1
       1
       2
       0
       0
       0
       1
       0
       0
       0
       0
       2
       1
       1
       2
       1
       1
       2
       0
       2
       2
       0
       1
       1
       1
       0
       0
       0
       2
       0
       1
       2
       1
       2
       0
       0
       1
       0
       2
       0
       0
       0
       1
       0
       0
       0
       2
       0
       0
       0
       0
       1
       0
       0
       0
       2
       0
       1
       0
       2
       2
       2
       1
       0
       1
       1
       0
       1
       0
       1
       1
       0
       1
       1
       0
       1
       3
       1
       3
       2
       0
       1
       1
       0
       1
       1
       0
       1
       0
       0
       1
       0
       0
       1
       3
       0
       1
       1
       0
       1
       1
       1
       3
       0
       0
       3
       1
       0
       1
       0
       0
       0
       0
       0
       1
       0
       0
       3
       1
       0
       0
       0
       1
       0
       0
       0
       1
       3
       1
       1
       2
       0
       0
       1
       1
       1
       0
       1
       0
       1
       0
       1
       0
       3
       2
       0
       1
       2
       2
       7
       2
       4
       0
       1
       1
       1
       2
       0
       1
       0
       1
       2
       0
       3
       2
       1
       1
       0
       0
       1
       0
       0
       0
       1
       1
       0
       0
       0
       1
       0
       2
       0
       0
       3
       0
       0
       0
       1
       0
       0
       0
       0
       1
       0
       2
       1
       2
       1
       0
       1
       0
       0
       1
       0
       0
       0
       0
       0
       0
       0
       0
       0
       0
       0
       0
       0
       0
       0
       0
       0
       0
       0
       0
       0
       0
       0
       0
       0
       0
       0
       0
       0
       0
       0
       0
       0
       0
       0
       0
       0
       0
       0
       0
       0
       0
       0
       0
       0
       0
       0
       0
       0
       0
       0
       0
       0
       0
       0
       0
       0
       0
       0
       0
       0
       0
       0
       0
       0
       0
       0
       0
       0
       0
       0
       0
       0
       0
       0
       0
       0
       0
       0
       0
       0
       0
       0
       0
       0
       0
       0
       0
       0
       0
       0
       0
       0
       0
       0
       0
       0
       0
       0
       0
       0
       0
       0
       0
       0
       0
       0
       0
       0
       0
       0
       0
       0
       0
       0
       0
       0
       0
       0
       0
       0
       0
       0
       0
       0
       0
       0
       0
$ROI:
1
2831 2841
$PRESETS:
Live Time
36000
0
$ENER_FIT:
0.000000 0.383922
$MCA_CAL:
3
0.000000E+000 3.839219E-001 0.000000E+000 keV
$SHAPE_CAL:
3
0.000000E+000 0.000000E+000 0.000000E+000
