$SPEC_ID:
Cs137
$SPEC_REM:
DET# 2
DETDESC# DETECTOR 2
AP# Maestro Version 7.01
$DATE_MEA:
02/15/2017 21:24:54
$MEAS_TIM:
36000 36004
$DATA:
0 8191
       0
       0
       0
       0
       0
       0
       0
       0
       0
       0
       0
       0
       0
       0
       0
       0
       0
       0
       0
       0
       0
       0
       0
       0
       0
       0
       0
       0
       0
       0
       0
       0
       0
       0
       0
       0
       0
       0
       0
       0
       0
       0
       0
       0
       0
       0
       0
       0
       0
       0
       0
       0
       0
       0
       0
       0
       0
       0
       0
       0
       0
       0
       0
       0
       0
       0
       0
       0
       0
       0
       0
       0
       0
       0
       0
       0
       0
       0
       0
       0
       0
       0
       0
       0
       0
       0
       0
       0
       0
       0
       0
       0
       0
       0
       0
      31
     108
     167
     196
     203
     176
     215
     183
     163
     155
     159
     138
     119
     105
      93
      88
      86
      95
      85
      88
      89
      96
     111
     103
     111
     171
     202
     164
      89
     106
      89
      89
      88
      89
     111
     104
      89
     103
     102
      95
     103
     105
     103
     104
     151
     129
     118
     102
      95
     112
      90
      69
      93
      85
     122
      86
      90
      99
     118
     125
     153
     130
     100
     115
     122
     127
     112
     123
     219
     357
     432
     259
     145
     105
     131
     118
     112
     106
     123
     134
     108
     116
     132
     117
     113
     131
     141
     142
     127
     143
     138
     147
     169
     261
     406
     412
     240
     182
     241
     489
     718
     508
     228
     127
     112
     152
     149
     124
     111
      97
     109
     114
      97
     108
     117
     110
      82
     107
      96
     109
      89
     103
     104
     145
     204
     285
     329
     234
     128
     104
      95
     113
     153
     184
     106
      88
      82
     107
     105
     104
      94
     112
      95
     104
     179
     360
     484
     391
     215
     134
      88
     106
      78
      96
     103
      91
      97
      90
      81
      93
      98
     103
     114
      80
      94
      66
      94
      99
     104
     101
      80
      99
      94
      73
      84
      95
      96
      84
      97
      94
      73
      83
      86
      92
      80
      85
      90
      89
     118
      95
      83
      85
      93
      87
      85
     100
      83
      95
     110
     116
     112
      80
      96
     103
      88
      92
      83
      84
      68
      81
      96
     106
      94
      83
      91
      88
      66
      95
      90
      77
      97
     102
     106
      92
      90
      90
      71
      89
      73
     114
      94
      83
      94
      81
      98
      92
     103
      87
      85
      73
      90
      80
      69
      88
      99
      77
      95
      82
      97
      87
     100
     132
     107
      87
     104
      73
      94
      76
      76
      79
      81
      76
      82
      81
      90
      78
      93
      95
      84
     105
     130
     221
     460
     618
     400
     189
      95
     113
      85
     133
     102
     100
      90
      79
      85
      75
      81
      78
      86
      71
      89
      78
      83
      73
      71
      93
      63
      88
      94
      81
      90
      74
      89
      84
      87
      75
      77
      66
      66
      67
      74
      79
      84
      79
      70
      83
      74
      83
      90
      84
      82
      79
      79
      81
      86
      82
      73
     104
      81
      82
     118
     114
      67
      74
      68
      87
      70
      72
      77
      74
      84
      82
      87
      74
      85
      81
      80
      91
      77
      81
      83
      81
      79
      73
      77
      88
      85
     107
      97
      92
      86
      98
      69
      92
      76
      80
      81
      81
      96
      80
      79
      82
      84
      90
      90
      82
      93
      72
      77
      83
      86
      81
      85
      88
      98
     103
     100
     130
     210
     233
     199
     125
      80
      70
      68
      85
      85
      78
      78
      81
      97
      83
      62
      71
      77
      81
      73
      79
      86
      87
      72
      89
      86
      76
      77
      73
      69
      82
      77
      87
      94
      85
     103
     114
      80
      72
      63
      84
      87
      79
      95
      87
      90
      82
      63
      81
      84
      75
      90
      84
     106
      88
      85
      84
      84
      74
      85
      70
      84
      91
      82
      83
      79
      93
      76
      74
      76
      73
      75
      78
      83
      85
      80
      75
      66
      76
      69
      70
      69
      73
      88
      79
      68
      71
      62
      61
      56
      60
      67
      76
      82
      70
      66
      81
      66
      67
      69
      74
      69
      61
      83
      70
      73
      70
      70
      70
      70
      80
      55
      71
      66
      83
      74
      87
      69
      73
      81
      67
      63
      59
      77
      69
      71
      63
      66
      75
      59
      68
      81
      61
      45
      71
      76
      65
      66
      80
     118
     111
     123
      80
      73
      63
      53
      64
      76
      59
      64
      65
      62
      85
      46
      51
      66
      55
      59
      86
      61
      64
      81
      70
      60
      68
      60
      55
      63
      61
      50
      85
      59
      67
      69
      56
      55
      56
      82
      70
      79
      68
      64
      66
      54
      57
      67
      62
      64
      61
      54
      49
      77
      62
      65
      68
      62
      74
      67
      72
      60
      58
      55
      48
      67
      49
      48
      42
      52
      62
      72
      46
      53
      55
      59
      56
      53
      59
      49
      56
      69
      63
      58
      67
      65
      63
      53
      61
      56
      63
      53
      55
      47
      56
      74
      54
      53
      51
      70
      60
      60
      55
      55
      62
      56
      59
      75
      52
      73
      56
      56
      51
      55
      50
      50
      52
      54
      39
      48
      67
      69
      63
      68
      57
      66
      67
      54
      55
      50
      56
      41
      41
      50
      56
      53
      48
      50
      67
      61
      59
      70
      54
      52
      44
      52
      42
      51
      64
      71
      66
      54
      61
      51
      56
      59
      67
      58
      54
      55
      60
      62
      48
      40
      63
      56
      51
      55
      49
      53
      52
      46
      52
      49
      43
      52
      53
      50
      50
      47
      47
      60
      56
      44
      67
      49
      66
      47
      64
      62
      53
      58
      47
      53
      52
      47
      57
      55
      51
      55
      61
      54
      55
      56
      54
      48
      50
      66
      49
      49
      44
      60
      60
      46
      38
      52
      44
      57
      50
      51
      60
      55
      60
      49
      62
      56
      48
      56
      45
      59
      57
      47
      54
      53
      45
      61
      50
      63
      55
      44
      56
      51
      42
      58
      50
      66
      53
      47
      47
      48
      39
      47
      52
      51
      35
      47
      53
      55
      53
      55
      62
      70
      53
      57
      54
      54
      50
      40
      44
      55
      38
      54
      45
      39
      47
      43
      41
      52
      32
      49
      42
      51
      34
      45
      42
      44
      39
      47
      43
      38
      33
      46
      53
      54
      40
      36
      64
      56
      60
      36
      33
      50
      45
      38
      53
      45
      40
      40
      34
      47
      54
      38
      26
      45
      39
      41
      26
      36
      25
      47
      44
      33
      43
      44
      43
      46
      37
      38
      31
      35
      41
      41
      43
      45
      39
      43
      35
      34
      30
      40
      33
      36
      36
      35
      35
      48
      49
      52
      53
      45
      41
      30
      41
      39
      29
      41
      39
      37
      30
      41
      40
      30
      33
      29
      35
      30
      42
      35
      32
      35
      33
      41
      36
      33
      37
      41
      24
      39
      36
      31
      36
      32
      36
      29
      38
      34
      23
      36
      48
      40
      36
      22
      35
      47
      32
      36
      37
      33
      29
      32
      40
      33
      30
      24
      26
      34
      41
      36
      29
      38
      29
      40
      39
      35
      32
      34
      33
      43
      26
      33
      24
      46
      35
      33
      31
      32
      31
      31
      30
      41
      29
      31
      23
      30
      39
      36
      20
      36
      16
      26
      29
      30
      32
      27
      36
      28
      33
      30
      29
      28
      37
      23
      28
      29
      28
      38
      25
      24
      39
      27
      35
      33
      31
      34
      31
      36
      26
      33
      32
      28
      23
      27
      35
      33
      40
      30
      37
      26
      37
      25
      33
      27
      25
      21
      37
      26
      36
      29
      25
      21
      31
      27
      31
      34
      20
      28
      34
      30
      23
      25
      39
      31
      30
      25
      23
      36
      26
      20
      25
      25
      33
      30
      24
      29
      29
      29
      34
      30
      25
      18
      22
      33
      33
      23
      22
      28
      27
      32
      27
      23
      24
      23
      30
      24
      27
      33
      20
      32
      28
      27
      29
      27
      11
      25
      27
      24
      33
      27
      30
      26
      32
      31
      28
      26
      31
      26
      17
      23
      30
      28
      28
      22
      30
      21
      24
      22
      24
      27
      16
      33
      18
      26
      28
      26
      20
      31
      26
      27
      28
      29
      29
      28
      27
      30
      29
      31
      22
      23
      26
      28
      28
      22
      22
      26
      21
      22
      17
      28
      32
      30
      19
      22
      31
      28
      23
      28
      25
      26
      25
      28
      24
      33
      26
      20
      22
      31
      25
      23
      32
      24
      30
      26
      16
      27
      19
      23
      23
      28
      18
      26
      19
      36
      23
      27
      22
      21
      25
      30
      27
      29
      36
      37
      25
      28
      30
      33
      27
      24
      24
      24
      24
      30
      24
      25
      19
      21
      29
      20
      20
      26
      31
      20
      25
      27
      31
      22
      21
      21
      28
      29
      20
      28
      30
      23
      22
      26
      20
      26
      17
      31
      24
      38
      27
      21
      27
      27
      24
      25
      23
      24
      22
      20
      38
      28
      22
      36
      30
      23
      25
      23
      33
      32
      45
      47
     106
     103
     177
     275
     414
     551
     695
     743
     736
     706
     497
     370
     230
     170
      78
      65
      44
      27
      34
      31
      22
      36
      26
      26
      26
      15
      27
      23
      15
      19
      25
      27
      26
      20
      21
      27
      19
      27
      20
      26
      21
      17
      27
      14
      22
      21
      30
      17
      18
      20
      26
      22
      18
      23
      15
      23
      16
      23
      21
      24
      23
      29
      15
      17
      26
      25
      17
      24
      26
      27
      22
      20
      16
      21
      16
      22
      17
      36
      18
      23
      26
      23
      24
      24
      24
      21
      18
      20
      23
      24
      25
      22
      21
      25
      24
      12
      18
      22
      15
      21
      16
      18
      10
      17
      22
      23
      18
      18
      21
      17
      16
      17
      22
      23
      16
      14
      17
      25
      15
      21
      20
      23
      25
      24
      19
      22
      20
      14
      22
      23
      14
      22
      25
      26
      17
      24
      15
      17
      19
      20
      22
      23
      26
      22
      20
      22
      17
      18
      23
      19
      25
      25
      19
      26
      28
      23
      23
      33
      29
      36
      38
      24
      27
      19
      18
      15
      20
      20
      20
      23
      17
      20
      14
      20
      18
      23
      23
      18
      14
      17
      20
      19
      20
      25
      28
      20
      21
      20
      24
      21
      22
      26
      29
      23
      31
      32
      39
      37
      25
      20
      23
      25
      20
      15
      16
      16
      14
      24
      28
      17
      15
      15
      21
      26
      17
      19
      24
      28
      19
      12
      29
      15
      17
      14
      14
      19
      18
      25
      23
      33
      23
      31
      26
      27
      25
      33
      29
      25
      19
      25
      28
      16
      24
      28
      23
      23
      21
      27
      32
      28
      26
      26
      29
      21
      40
      25
      22
      23
      29
      19
      26
      24
      25
      35
      33
      35
      44
      26
      23
      29
      32
      35
      15
      24
      26
      26
      29
      32
      30
      16
      21
      24
      20
      23
      29
      18
      19
      27
      21
      21
      19
      20
      25
      21
      20
      26
      30
      16
      32
      28
      21
      16
      17
      19
      19
      26
      23
      27
      28
      18
      25
      18
      16
      24
      19
      26
       9
      22
      21
      15
      22
      31
      20
      16
      21
      26
      31
      20
      22
      17
      21
      23
      21
      21
      24
      20
      14
      16
      22
      17
      17
      22
      23
      21
      17
      19
      20
      18
      22
      23
      24
      14
      19
      19
      12
      19
      21
      23
      25
      23
      17
      24
      15
      26
      14
      20
      18
      27
      14
      20
      25
      23
      26
      17
      16
      20
      16
      22
      19
      17
      19
      24
      23
      12
      16
      27
      21
      26
      19
      24
      25
      25
      18
      20
      26
      19
      19
      18
      22
      31
      22
      18
      35
      27
      18
      26
      26
      19
      21
      29
      30
      24
      18
      24
      32
      21
      25
      19
      30
      29
      30
      29
      25
      16
      29
      20
      21
      23
      25
      26
      26
      29
      19
      21
      21
      17
      18
      22
      25
      27
      16
      33
      20
      29
      28
      19
      23
      21
      22
      15
      19
      20
      20
      24
      22
      17
      24
      27
      15
      22
      14
      17
      24
      18
      32
      15
      27
      24
      18
      26
      21
      23
      16
      28
      23
      23
      19
      29
      30
      31
      28
      29
      31
      25
      17
      24
      33
      40
      39
      34
      22
      29
      29
      27
      20
      25
      19
      28
      28
      28
      26
      24
      31
      22
      22
      23
      23
      32
      29
      17
      19
      31
      28
      22
      15
      26
      19
      19
      22
      19
      21
      13
      24
      19
      21
      17
      24
      21
      15
      24
      21
      10
      17
      26
      20
      21
      11
      16
      22
      24
      25
      17
      19
      16
      18
      25
      13
      22
      17
      17
      16
      15
      20
      16
      18
      20
      22
      17
      24
      25
      27
      21
      19
      17
      20
      17
      17
      17
      15
      13
      15
      16
      18
      10
      18
      17
      21
      22
      14
      21
      21
      20
      15
      13
      15
       9
      16
      16
      18
      22
      20
      17
      15
      15
      11
      20
      13
      14
      22
      21
      15
      16
       9
      11
      13
      13
      17
      15
      14
      16
      14
      18
      20
      15
      21
      20
      16
      15
      16
      21
      15
      14
      17
      19
      12
      16
      16
      21
      13
      18
      13
      13
       7
      14
      17
      18
      13
      11
      17
      11
      11
      15
      20
      18
      13
      19
      14
      14
      16
      24
      15
      18
      18
      14
      13
      18
      22
      10
      16
      11
      11
      19
       9
      16
      11
      14
      13
      18
      15
      15
      13
      14
      27
      22
      15
      13
       9
      19
      17
      12
       9
      21
      10
      15
      22
      12
      25
      10
       8
      14
      17
      15
      17
      18
      13
      17
      12
      13
      16
      15
      13
      17
      20
      22
      21
      26
      11
       8
      11
      18
       9
      18
      12
      16
      11
      12
      18
      21
       1
       9
      10
      12
      17
      11
      13
      13
       8
       7
      12
       8
      13
      14
       9
      13
      13
      18
      14
      10
       8
      15
      17
      12
      10
      16
      11
      20
      10
      13
      14
      14
      13
      13
      11
      12
       7
      12
      12
      16
      15
      20
       9
      17
      17
      16
       7
      16
       9
      17
      18
      24
      14
      21
      12
       7
      16
      16
      12
      18
      10
      10
      17
       7
      10
       9
      16
      13
       7
      20
       9
      13
      14
      10
      18
       7
      10
       7
       9
       9
       9
       8
      11
      13
      11
      10
      12
      15
      19
      13
      20
      11
      10
      13
       8
      13
      10
      10
       6
      13
      11
       8
      17
      11
       6
      12
      10
      11
      13
       7
      16
      11
       9
      16
       8
      14
      15
      11
      12
      12
       8
       9
      14
      11
      18
      14
      18
      13
      11
      10
       6
      14
       9
      15
      13
      15
      11
       8
      19
      12
       9
      15
      15
      14
      11
      11
       9
      15
      11
      13
       8
      13
      12
       5
      11
      11
      17
      16
      15
      15
      17
      12
      13
      17
      16
      16
      23
      14
      13
      11
      11
      17
      17
      14
      10
      12
      13
      14
       9
      12
      13
      10
      10
      18
      15
      18
      14
      12
      17
      10
      10
      13
      12
      13
      13
      13
      14
       8
      10
      17
      16
       6
      17
      11
      13
      12
      16
      16
      11
       8
      11
      10
       4
       6
      10
      13
       9
       9
      14
      11
       9
      13
      11
      15
      18
      11
      17
      10
      10
      10
      13
       5
      15
       9
      17
      13
      13
       9
      12
       7
       9
       9
      15
      12
       6
      15
       7
       9
      12
      11
      13
      11
      10
      10
       7
      11
      16
       9
      12
      19
      10
      10
      14
      14
       8
      11
       7
      18
      12
       8
      11
      10
      15
      13
       7
       7
      12
      12
      13
      11
      13
       6
      13
      11
       5
      11
      13
       8
      14
      16
      14
      11
       8
      16
      10
       7
      15
       9
       7
      12
      13
       9
      13
       7
      14
      19
       9
       9
       9
       6
      12
      11
      11
       5
      10
       8
      11
      12
       9
      18
      27
      53
      92
     189
     281
     444
     530
     488
     400
     232
     135
      61
      32
      19
      18
      12
      11
      13
      13
      14
      10
      13
      14
      10
      11
       9
      14
      10
      13
      12
      10
       5
      10
      12
      11
       7
      11
       5
       7
      11
      11
       8
       8
       9
      12
      11
      13
      12
      12
      10
       6
      11
       7
      11
       8
       9
       6
       8
      16
      10
      14
      10
      11
      10
      11
      13
      10
      13
      15
      17
      28
      29
      30
      32
      28
      18
      18
       6
      10
       9
       5
       9
       6
       2
       6
       7
      15
      16
       9
       5
       3
       5
       7
      12
      12
       8
       9
       5
       8
      11
       3
       7
      17
      11
      10
      11
       4
      12
      10
      11
       7
      11
       7
      18
      17
       9
      10
       8
      10
      12
      13
      10
       6
       9
       6
      12
       6
       5
       9
       9
      11
      12
      10
      10
       6
       5
      10
       3
      11
       9
      10
       7
      11
       7
      12
       9
       6
      13
      10
       9
      17
      10
      12
       4
       7
       9
       8
       6
       6
       9
      12
      16
       6
      21
       6
       5
      11
      15
      10
      12
       9
       9
       9
       8
       6
       3
       9
      12
       7
      12
      11
      14
       9
      10
      14
      10
       7
      10
       4
       8
      10
       8
       7
       7
       9
       6
       8
      10
       5
       7
      10
       6
       6
       8
       9
       6
       8
      11
      11
      13
       5
      10
       7
       9
       9
       7
       5
      13
      12
      16
      12
      11
       3
       5
      12
      11
       5
       9
      10
       6
       6
      12
      12
      11
       9
       5
      10
       8
       7
       9
       6
      12
       8
      10
      13
      15
      12
      18
      12
      10
       5
       2
       6
      10
       5
       6
       7
      14
       5
      13
      10
       8
      14
       6
       9
       5
      11
       6
      11
      10
      11
       5
      11
       7
       6
      10
       8
      12
       8
       6
       3
       5
      12
      11
       6
      14
       4
       8
       6
       4
       9
      10
      14
      15
       7
       9
       9
      12
       9
       8
       3
      11
       3
       6
       6
      11
      12
       8
       7
      11
      10
       5
       8
      13
       8
      10
       6
       7
       7
       7
       8
      10
       6
       7
       5
       2
       4
      12
      12
      11
      10
       7
       6
       5
       7
      11
      11
      13
       8
       3
       8
       6
       7
       7
       7
       9
      12
       6
      11
       7
       9
       7
      11
       8
       6
       7
       6
       3
      13
       8
      10
       9
       5
      11
       8
       8
       4
       6
       9
       5
      10
      13
      12
       6
       6
       5
       8
       8
       7
       9
       6
       3
       8
       5
       6
       3
       8
       9
       7
       6
       8
       9
       8
      14
       7
       3
       8
      12
       7
      14
       3
       8
       6
       7
       6
       8
      10
       6
       7
       8
      12
       4
       6
       8
       5
       7
       3
       9
       4
       8
      14
      10
      12
      11
       7
       8
       7
       7
       8
      12
       7
       8
       7
       8
       8
       6
       5
       4
      13
      10
       4
      10
       7
      11
       9
       7
      11
       4
       6
      11
       6
      11
      10
       9
       8
       3
       7
       4
       8
       9
       9
      10
      10
       5
       6
       3
      13
       3
      11
       7
       8
       8
       5
       7
      14
      13
       5
       4
       6
       9
       9
      10
      12
      11
      11
       7
       5
      12
       7
       8
       7
       5
       9
      10
      12
      11
       6
       4
       6
       8
       8
      10
       6
       7
       8
       7
       6
       6
       5
       6
       5
       8
       8
       4
       9
       9
       3
       7
       8
       5
       6
       7
       6
      10
       5
       5
       8
       4
       5
      12
       4
       4
       4
       4
       4
       8
       7
       3
      10
       7
       3
       9
       7
       8
       2
       4
      10
       6
       5
       8
       6
       9
      11
       5
      12
       6
      11
       9
       9
       8
       7
       7
       6
       6
      10
      10
      10
      14
       4
       5
       6
       6
       7
       7
      18
      24
      31
      42
      59
      71
      76
      67
      45
      28
      19
       9
       4
      10
       7
       4
      10
       8
       8
       5
       6
      10
       5
       6
       6
       4
       6
       7
      10
       6
       3
       2
       8
      16
      12
       6
      10
       4
       5
       5
       2
       4
       8
       3
       6
       5
       4
       5
      10
       7
       6
       8
       4
       4
       6
       6
       1
      10
       7
       6
       4
       9
       7
       8
       6
       8
       9
       6
       7
      10
       5
       4
       6
       6
       6
      10
       7
       2
       8
       7
       6
       8
       8
       2
       8
       5
       5
       6
       9
       2
       7
       8
       7
       8
       9
       5
       5
       6
      10
       7
       3
      11
       9
       8
       5
       3
       6
       9
       6
       6
       8
       6
       8
       5
       9
       5
      12
       9
       6
       4
       6
       7
       2
       7
      10
       7
       3
       4
       4
      11
       7
      12
       9
      10
       9
       7
       7
       4
       8
      11
       3
       5
       3
      12
      11
       6
       5
       7
       8
       4
       4
       7
       3
       8
       8
       8
       7
       1
       5
       5
       2
       8
       4
       9
       5
       7
       5
       4
       6
       5
       9
       7
       8
       5
       3
      11
       2
       7
       9
       5
       8
       1
       8
       7
       8
       7
       8
      10
       7
       3
       3
       5
       7
       7
       4
       5
      11
       8
      10
       3
       7
       6
       7
       8
       5
       9
      10
       8
       8
       6
       6
       6
       9
       7
       3
       8
       4
      12
       7
       2
       8
      11
       3
      13
       4
       3
       5
       3
       9
       8
       5
       6
       6
       4
       6
       6
       5
       7
       7
       1
       8
       3
       7
       5
       9
       6
       3
      10
       8
       2
       6
      10
      10
       7
      14
       5
       5
       7
       3
       6
       6
      11
       4
       4
       8
       6
       6
      10
       8
       9
       2
       4
       4
       5
       4
       4
       4
       6
       5
       6
       4
       6
       5
       7
       8
       1
       5
       5
       8
       3
       7
       8
       4
       2
       4
       4
       7
       6
       5
       4
       6
       6
       6
      10
       4
       3
       3
       6
       8
       2
       3
      10
       3
       2
       4
       7
       6
       8
       6
       5
       3
       5
       3
       6
       2
       8
       6
       3
      11
       8
       5
       4
       4
       8
       5
       8
       3
       3
       4
       5
      10
       8
       6
       8
       4
       1
       4
       4
      10
       5
       2
       2
       8
       4
       8
       6
       7
       3
       3
       5
       2
       5
       9
       3
       6
       9
      11
      10
       2
       2
       5
      13
       6
      13
      10
       6
       5
       6
       1
       4
       5
       4
       6
      12
       8
       5
       3
       4
       5
       9
       3
       6
       6
       3
       6
       5
       7
       4
       7
       7
      11
       5
       4
       5
       3
       8
       4
       7
       4
       3
       7
      10
       4
       5
       5
       9
       2
       3
       5
      10
       4
       3
       7
       6
       7
       3
       6
       6
       8
      10
       6
       4
       4
       3
       5
       8
      10
       4
       3
       7
       7
       2
       9
       4
       3
       2
       5
       6
       5
       3
       6
       5
      10
       7
       2
       4
       9
       3
       4
       8
       4
      12
       1
       1
       5
       9
       4
       5
       3
       6
       5
       4
       7
       8
       5
       6
       6
       7
       4
       4
       6
       7
       8
       7
       3
       8
       5
       4
       9
       6
       2
       3
       1
       2
       8
       7
       5
       2
       6
       6
      10
       6
       5
       7
       5
       2
       8
       5
       4
       6
       9
      12
       4
       7
       2
       4
       6
       8
       1
       5
       6
       5
       2
       1
       4
       8
       9
      10
       1
       6
       4
       4
       1
       4
       5
       4
       4
       5
       5
       4
       4
      10
       4
       3
       4
       4
       8
       6
       2
       3
       5
       4
       4
       5
       5
       4
       2
       3
       6
       6
       6
       3
       4
       5
       6
       6
       7
       4
       6
       2
       9
       4
       7
       3
       7
       3
       6
       2
       6
       1
       7
       8
       4
       3
       6
       8
       4
       5
       6
       4
       8
       2
       3
       4
       5
       2
       6
       4
       3
       5
       5
       7
       5
       8
       6
       6
       5
      10
       4
       3
       6
       8
       3
       6
       3
       6
       8
       6
       7
      10
       6
       1
       5
       5
       9
       5
       3
       5
       2
       2
       8
       8
       3
       6
       5
       4
       1
       7
       2
       3
       7
       2
       5
       6
       1
       4
       7
       3
       5
       8
       3
       4
       5
       7
       7
       5
       4
       2
       0
       5
       7
       5
       4
       8
       6
       3
       1
       5
       5
       3
       4
       4
       6
       1
       3
       2
       1
       1
       4
       4
       9
       5
       1
       2
       7
       3
       5
       1
       9
       3
       5
       2
       5
       6
       3
       5
       6
       5
       5
       6
       3
       5
       6
       4
       6
       8
       3
       6
       4
       5
       3
       4
       3
       2
      11
       3
       5
       7
       5
       5
       0
       5
       5
       5
       7
       2
       3
       2
       3
       4
       3
       5
       6
       6
       4
       5
       2
       7
       3
       1
       3
       5
       2
       6
       3
       7
       3
       6
       5
       1
       5
       2
       6
       4
       4
       3
       5
       2
       5
       7
       3
       5
       2
       5
       5
       3
       3
       9
       4
       7
       5
       2
       6
       2
       3
       6
       4
       2
       5
       5
       5
       6
       2
       6
       3
       5
       2
       7
       4
       6
       3
       6
       2
       3
       6
       3
       5
       4
       4
       4
       4
       6
      10
       5
       4
       3
       2
       3
       7
       6
       4
       2
       3
       2
       2
       5
       5
       6
       4
       1
       2
       6
       4
       7
       9
       5
       6
       5
       3
       5
       3
       3
       8
       2
       1
       2
       3
       5
       3
       4
       4
       8
       4
       5
       1
       5
       5
       4
       8
       2
       3
       6
       4
       6
       1
       6
       2
       4
       2
       3
       4
       3
       3
       5
       8
       8
       6
      11
       9
      20
      18
      10
      16
       6
       7
       8
       2
       8
       2
       5
       2
       2
       8
       3
       5
       8
       5
       4
       3
       3
       7
       4
       5
       7
       8
       2
       2
       3
       3
       1
       6
       2
       2
       2
       6
       3
       4
       4
       1
       2
       6
       0
       0
       5
       5
       3
       7
       7
       4
       5
       3
       3
       2
       5
       5
       3
       6
       3
       1
       3
       3
       3
       3
       4
       5
       1
       3
       5
       2
       7
       6
       1
       3
       4
       5
       2
       4
       2
       5
       9
       7
       1
       3
       5
       4
       3
       3
       0
       2
       6
       3
       3
       2
       4
       6
       2
       3
       2
       4
       6
       4
       2
       5
       1
       3
       1
       2
       7
       1
       3
       3
       5
       5
       4
       4
       3
       0
       2
       3
       2
       6
       3
       3
       2
       4
       4
       1
       4
       6
       0
       1
       4
       3
       3
       5
       2
       3
       6
       0
       3
       7
       4
       3
       3
       4
       4
       6
       5
       3
       4
       2
       4
       4
       3
       5
       2
       1
       2
       3
       3
       3
       4
       3
       2
       3
       3
       4
       2
       1
       5
       4
       2
       5
       5
       5
       6
       3
       6
       1
       4
       5
       5
       2
       5
       5
       5
       2
       4
       1
       5
       5
       3
       4
       5
       3
       5
       6
       3
       5
       8
       5
       4
       5
       3
       4
       2
       4
       5
       2
       6
       4
       5
       4
       4
       6
       3
       2
       4
       5
       1
       4
       4
       4
       5
       4
       5
       3
       3
       1
       6
       3
       2
       3
       2
       6
       3
       5
       4
       3
       0
       2
       2
       4
       2
       3
       1
       2
       6
       7
       3
       2
       6
       6
       3
       1
       8
       1
       4
       3
       5
       5
       5
       1
       3
       1
       3
       4
       5
       1
       4
       4
       1
       3
       5
       3
       3
       3
       1
       4
       3
       4
       5
       3
       3
       2
       5
       6
       1
       2
       1
       7
       4
       1
       5
       3
       2
       3
       5
       5
       2
       2
       3
       2
       4
       3
       2
       2
       7
       6
       3
       3
       4
       2
       3
       5
       2
       5
       1
       4
       2
       1
       5
       5
       3
       5
       5
       3
       4
       4
       3
       4
       8
       3
       5
       3
       3
       3
       2
       4
       3
       2
       5
       8
       2
       3
       6
       7
       2
       2
       0
       2
       2
       2
       2
       2
       4
       4
       3
       2
       6
       3
       5
       3
       4
       5
       3
       2
       4
       5
       2
       1
       3
       2
       2
       3
       4
       5
       5
       2
       4
       2
       2
       2
       5
       3
       3
       2
       1
       4
       5
       5
       6
       2
       5
       3
       4
       3
       4
       4
       5
       2
       2
       1
       4
       4
       4
       1
       5
       2
       3
       2
       2
       7
       3
       4
       3
       3
       3
       2
       2
       1
       2
       6
       2
       3
       3
       0
       3
       3
       3
       6
       3
       7
       5
       3
       4
       2
       4
       1
       0
       5
       5
       3
       2
       5
       5
       5
       2
       3
       3
       6
       3
       3
       1
       3
       2
       1
       2
       3
       3
       3
       5
       4
       4
       5
       4
       2
       0
       4
       2
       0
       6
       2
       3
       1
       0
       2
       2
       2
       6
       3
       2
       5
       3
       3
       0
       4
       6
       4
       3
       3
       1
       3
       4
       4
       3
       5
       3
       1
       2
       3
       1
       3
       2
       2
       3
       2
       2
       3
       1
       3
       5
       3
       3
       5
       1
       3
       3
       7
       1
       6
       5
       6
       1
       3
       1
       4
       5
       1
       5
       3
       5
       0
       3
       2
       2
       0
       3
       5
       1
       4
       3
       3
       0
       4
       3
       2
       2
       6
       3
       3
       2
       0
       2
       5
       3
       2
       5
       7
       3
       1
       1
       2
       2
       3
       2
       3
       2
       4
       0
       3
       5
       0
       5
       1
       4
       4
       7
       2
       4
       2
       4
       3
       4
       0
       0
       4
       5
       1
       1
       4
       2
       4
       5
       2
       5
       1
       0
       3
       3
       0
       2
       5
       4
       5
       6
       1
       4
       0
       3
       2
       0
       3
       1
       2
       1
       3
       3
       3
       5
       1
       2
       3
       1
       4
       5
       3
       2
       3
       4
       6
       4
       2
       3
       5
       2
       4
       4
       0
       2
       1
       7
       4
       3
       2
       1
       2
       6
       2
       3
       4
       5
       5
       3
       6
       3
       5
       4
       5
       3
       8
       2
       3
       3
       3
       1
       4
       3
       2
       3
       2
       2
       4
       3
       0
       6
       2
       4
       3
       3
       1
       3
       2
       6
       2
       1
       2
       2
       3
       1
       3
       4
       3
       2
       4
       6
       8
       7
       0
       3
       3
       3
       6
       2
       5
       4
       3
       5
       1
       1
       1
       4
       4
       4
       5
       2
       2
       1
       3
       4
       2
       3
       2
       1
       2
       3
       4
       2
       3
       1
       4
       5
       3
       3
       2
       1
       3
       4
       1
       3
       3
       3
       3
       1
       1
       4
       2
       1
       2
       1
       4
       1
       3
       3
       2
       8
       0
       3
       0
       2
       4
       3
       3
       3
       5
       2
       4
       3
       3
       5
       0
       3
       6
       2
       2
       5
       3
       3
       3
       5
       2
       2
       2
       2
       2
       3
       1
       3
       6
       2
       6
       4
       6
       3
       2
       5
       2
       4
       0
       1
       1
       2
       2
       1
       2
       4
       5
       4
       5
       5
       5
       3
       3
       4
       1
       3
       1
       0
       2
       4
       0
       2
       2
       0
       0
       2
       4
       3
       2
       5
       1
       3
       1
       3
       2
       3
       2
       1
       2
       2
       1
       5
       2
       3
       2
       4
       3
       4
       3
       2
       1
       4
       3
       0
       4
       1
       3
       1
       2
       2
       6
       4
       0
       4
       1
       4
       3
       4
       1
       4
       3
       5
       0
       4
       4
       5
       0
       2
       2
       5
       0
       0
       1
       0
       2
       2
       3
       4
       3
       2
       2
       4
       3
       3
       3
       2
       1
       7
       2
       2
       8
       3
       7
       7
       5
       4
       2
       1
       2
       5
       1
       1
       5
       1
       2
       2
       0
       0
       8
       1
       3
       5
       1
       3
       3
       1
       6
       0
       4
       4
       3
       2
       3
       0
       3
       2
       4
       0
       1
       2
       1
       3
       4
       0
       2
       2
       1
       1
       1
       2
       3
       5
       2
       1
       1
       3
       3
       4
       2
       4
       3
       2
       6
       2
       3
       1
       5
       1
       2
       2
       4
       4
       1
       1
       5
       4
       0
       2
       6
       1
       0
       2
       3
       2
       2
       1
       0
       2
       1
       2
       1
       1
       3
       2
       1
       6
       0
       2
       2
       3
       3
       3
       1
       5
       0
       2
       1
       1
       0
       1
       1
       5
       1
       2
       1
       3
       3
       1
       4
       2
       1
       5
       2
       2
       1
       1
       0
       3
       3
       4
       5
       2
       1
       7
       2
       2
       1
       2
       2
       3
       1
       1
       0
       1
       2
       1
       3
       2
       1
       4
       0
       1
       2
       2
       4
       0
       1
       1
       4
       2
       3
       1
       1
       3
       4
       4
       1
       2
       1
       3
       2
       3
       2
       1
       3
       1
       5
       2
       2
       3
       2
       2
       4
       2
       1
       1
       2
       2
       3
       1
       2
       1
       0
       4
       0
       0
       1
       4
       2
       3
       2
       2
       1
       3
       2
       3
       4
       4
       1
       2
       7
       1
       2
       3
       3
       5
       2
       1
       3
       1
       0
       1
       3
       0
       1
       4
       3
       4
       2
       5
       0
       3
       4
       3
       2
       1
       4
       4
       1
       1
       3
       4
       1
       1
       0
       6
       5
       0
       4
       3
       2
       1
       1
       5
       7
       3
       2
       2
       2
       2
       3
       1
       0
       1
       4
       4
       2
       3
       2
       2
       0
       2
       3
       2
       2
       1
       1
       7
       2
       2
       2
       4
       3
       1
       5
       1
       5
       1
       7
       0
       3
       4
       3
       4
       3
       3
       3
       3
       1
       1
       2
       0
       2
       0
       2
       4
       3
       1
       4
       4
       2
       1
       2
       4
       1
       4
       1
       2
       2
       3
       2
       4
       1
       1
       4
       1
       5
       3
       0
       2
       2
       5
       1
       2
       5
       2
       1
       4
       2
       1
       0
       2
       3
       2
       3
       1
       7
       4
       4
       3
       2
       2
       2
       1
       1
       0
       2
       2
       1
       1
       3
       2
       3
       2
       3
       2
       0
       5
       0
       2
       1
       1
       2
       4
       2
       3
       6
       1
       2
       2
       3
       3
       5
       2
       3
       2
       3
       1
       4
       1
       2
       2
       3
       0
       1
       4
       5
       1
       2
       6
       3
       4
       5
       3
       0
       0
       4
       4
       2
       2
       3
       3
       3
       3
       5
       3
       7
       1
       2
       4
       4
       1
       0
       2
       3
       2
       3
       0
       0
       3
       2
       3
       2
       3
       1
       1
       2
       1
       1
       3
       1
       2
       0
       3
       2
       1
       2
       2
       3
       1
       1
       3
       2
       1
       4
       2
       4
       2
       3
       3
       2
       4
       3
       1
       2
       1
       5
       1
       2
       1
       5
       1
       2
       4
       1
       1
       5
       1
       1
       0
       0
       1
       1
       1
       5
       1
       2
       7
       1
       2
       2
       0
       1
       0
       2
       4
       1
       1
       3
       4
       0
       0
       2
       1
       0
       1
       0
       2
       5
       1
       4
       5
       3
       2
       1
       3
       0
       4
       3
       0
       1
       6
       1
       2
       0
       2
       3
       1
       7
       4
       4
       2
       2
       1
       0
       0
       1
       3
       0
       2
       5
       4
       2
       2
       1
       4
       3
       1
       1
       3
       5
       1
       0
       1
       2
       1
       4
       2
       4
       1
       3
       2
       1
       0
       1
       5
       3
       0
       2
       0
       6
       2
       2
       2
       0
       2
       1
       0
       0
       1
       2
       1
       2
       0
       2
       4
       2
       1
       0
       1
       2
       1
       0
       1
       1
       3
       3
       1
       1
       6
       2
       2
       1
       4
       5
       2
       2
       1
       4
       3
       7
       2
       2
       2
       0
       2
       1
       3
       2
       4
       2
       2
       1
       2
       1
       3
       1
       4
       4
       1
       3
       3
       2
       1
       2
       7
       2
       5
       2
       3
       1
       2
       1
       0
       4
       3
       1
       3
       2
       2
       3
       6
       2
       1
       5
       3
       2
       5
       4
       1
       1
       2
       2
       3
       1
       2
       2
       0
       5
       2
       3
       0
       7
       5
       5
       1
       1
       0
       1
       1
       0
       1
       8
       2
       3
       2
       2
       3
       2
       1
       0
       0
       3
       2
       3
       1
       1
       1
       1
       5
       0
       3
       5
       1
       3
       4
       2
       2
       3
       3
       3
       3
       5
       4
       1
       2
       3
       1
       1
       3
       2
       1
       0
       3
       3
       1
       1
       2
       1
       2
       2
       1
       2
       4
       1
       1
       4
       3
       1
       0
       1
       1
       3
       1
       2
       1
       0
       1
       3
       3
       3
       3
       1
       2
       1
       3
       2
       1
       3
       3
       2
       1
       0
       4
       3
       2
       2
       1
       3
       1
       4
       2
       1
       2
       3
       0
       1
       3
       1
       3
       3
       1
       2
       1
       2
       3
       1
       3
       2
       0
       2
       2
       0
       1
       2
       2
       1
       3
       1
       2
       2
       1
       1
       1
       2
       1
       1
       0
       2
       0
       3
       3
       3
       1
       1
       2
       0
       0
       1
       1
       1
       1
       1
       0
       1
       1
       0
       1
       1
       3
       3
       3
       1
       2
       0
       4
       2
       1
       0
       1
       1
       6
       0
       1
       1
       0
       1
       0
       2
       4
       3
       3
       3
       1
       1
       4
       1
       0
       2
       0
       3
       1
       1
       0
       0
       3
       1
       2
       1
       0
       3
       0
       4
       1
       1
       0
       1
       1
       1
       0
       1
       1
       1
       2
       0
       0
       2
       0
       2
       0
       1
       1
       2
       1
       5
       2
       1
       3
       2
       2
       1
       2
       2
       3
       0
       0
       3
       2
       0
       1
       0
       0
       1
       1
       1
       1
       2
       1
       3
       1
       0
       2
       1
       2
       1
       0
       3
       6
       4
       2
       0
       2
       3
       0
       3
       3
       0
       1
       2
       0
       3
       1
       0
       2
       1
       2
       3
       0
       1
       2
       1
       2
       2
       1
       0
       2
       0
       1
       1
       3
       2
       0
       4
       2
       2
       0
       0
       1
       3
       1
       2
       1
       0
       0
       0
       1
       3
       2
       0
       0
       2
       2
       1
       2
       5
       5
       2
       5
       6
       9
       4
       2
       6
       5
       5
       2
       2
       8
       1
       1
       3
       1
       2
       1
       2
       1
       2
       1
       2
       3
       2
       0
       1
       2
       0
       1
       0
       1
       3
       1
       1
       2
       1
       1
       3
       2
       0
       2
       1
       1
       2
       3
       3
       3
       1
       5
       0
       6
       1
       1
       3
       0
       2
       4
       1
       0
       0
       5
       0
       3
       1
       1
       3
       1
       4
       2
       2
       1
       3
       1
       3
       1
       0
       1
       7
       0
       0
       0
       2
       4
       1
       1
       1
       1
       1
       3
       0
       2
       1
       0
       1
       1
       0
       1
       0
       6
       1
       4
       2
       3
       0
       3
       2
       1
       1
       4
       2
       1
       0
       0
       3
       2
       2
       2
       2
       0
       3
       2
       3
       0
       2
       3
       0
       2
       0
       3
       2
       1
       0
       0
       2
       1
       0
       1
       0
       0
       3
       3
       1
       1
       1
       2
       0
       2
       0
       0
       2
       0
       2
       2
       4
       3
       2
       0
       0
       4
       0
       0
       0
       3
       1
       0
       0
       2
       2
       0
       3
       2
       0
       0
       4
       1
       1
       3
       0
       1
       1
       0
       3
       1
       2
       3
       1
       1
       1
       2
       2
       0
       0
       0
       2
       1
       0
       0
       1
       1
       0
       1
       1
       0
       1
       2
       1
       0
       0
       2
       0
       1
       1
       2
       1
       2
       2
       0
       0
       1
       1
       1
       1
       2
       2
       0
       1
       0
       2
       2
       1
       2
       0
       1
       1
       1
       1
       4
       1
       1
       1
       0
       0
       0
       1
       2
       1
       3
       0
       2
       1
       2
       3
       1
       0
       2
       1
       0
       0
       1
       0
       1
       1
       0
       1
       1
       0
       0
       3
       3
       2
       2
       1
       3
       1
       2
       3
       1
       2
       2
       0
       0
       0
       2
       1
       2
       3
       1
       2
       1
       1
       0
       1
       1
       1
       2
       0
       3
       1
       1
       1
       0
       1
       0
       2
       0
       0
       2
       1
       2
       1
       1
       0
       2
       1
       0
       0
       0
       1
       2
       0
       2
       2
       1
       0
       1
       1
       1
       2
       2
       3
       1
       2
       0
       3
       1
       7
       4
       4
       6
       1
       3
       8
      11
      17
      14
      13
      21
       8
      23
      21
      17
      17
      14
      12
       2
       3
       1
       3
       1
       2
       1
       1
       0
       1
       2
       2
       1
       2
       2
       2
       2
       0
       0
       0
       3
       2
       1
       0
       1
       0
       4
       1
       1
       0
       0
       2
       2
       1
       0
       1
       0
       0
       2
       3
       2
       2
       3
       1
       1
       0
       1
       4
       1
       2
       0
       1
       1
       0
       0
       1
       2
       3
       0
       3
       0
       1
       3
       0
       3
       2
       0
       1
       0
       1
       2
       3
       1
       2
       1
       0
       1
       0
       0
       1
       2
       1
       2
       2
       1
       0
       0
       0
       2
       2
       2
       2
       2
       2
       1
       2
       2
       1
       0
       2
       3
       0
       1
       1
       2
       2
       1
       3
       0
       1
       1
       1
       3
       1
       2
       0
       1
       0
       1
       2
       1
       0
       1
       1
       0
       1
       2
       1
       0
       0
       1
       0
       1
       0
       1
       0
       1
       1
       0
       2
       0
       1
       1
       2
       0
       0
       0
       1
       0
       4
       1
       0
       1
       1
       1
       1
       1
       4
       1
       2
       1
       2
       0
       1
       3
       2
       2
       0
       1
       1
       1
       3
       0
       1
       1
       2
       5
       2
       2
       1
       1
       0
       0
       1
       0
       1
       1
       1
       0
       3
       2
       1
       0
       1
       1
       0
       0
       2
       0
       0
       0
       5
       1
       2
       1
       1
       2
       0
       3
       2
       0
       1
       1
       0
       0
       0
       1
       2
       1
       1
       1
       5
       3
       0
       0
       0
       2
       0
       1
       1
       3
       2
       1
       1
       2
       1
       2
       2
       1
       2
       0
       1
       1
       1
       1
       2
       2
       1
       0
       1
       0
       2
       0
       1
       2
       2
       1
       3
       2
       1
       1
       2
       0
       2
       0
       2
       1
       2
       1
       1
       1
       0
       2
       1
       1
       2
       2
       1
       0
       1
       1
       3
       2
       2
       2
       2
       0
       1
       1
       1
       0
       0
       2
       2
       0
       1
       4
       2
       0
       1
       2
       2
       2
       0
       0
       2
       2
       2
       3
       1
       1
       1
       1
       1
       2
       1
       0
       2
       2
       0
       0
       0
       1
       2
       2
       0
       1
       1
       2
       3
       1
       1
       0
       1
       1
       0
       1
       2
       0
       0
       1
       1
       2
       0
       2
       1
       0
       0
       0
       0
       1
       1
       1
       1
       0
       1
       0
       2
       0
       0
       0
       3
       1
       2
       3
       0
       3
       1
       2
       2
       0
       0
       0
       1
       1
       2
       1
       0
       3
       3
       1
       1
       2
       0
       0
       0
       3
       2
       3
       0
       0
       1
       0
       0
       0
       0
       0
       1
       1
       0
       0
       1
       1
       0
       2
       0
       4
       0
       0
       1
       1
       1
       1
       1
       1
       1
       0
       0
       0
       2
       0
       1
       0
       0
       1
       0
       2
       0
       1
       2
       2
       1
       0
       0
       1
       0
       2
       0
       2
       3
       0
       3
       1
       1
       0
       1
       0
       0
       2
       0
       1
       2
       0
       1
       0
       1
       0
       1
       0
       0
       2
       2
       0
       0
       1
       1
       0
       2
       2
       3
       1
       2
       2
       2
       1
       1
       1
       0
       1
       2
       1
       1
       2
       2
       0
       0
       2
       0
       2
       0
       0
       1
       1
       1
       1
       0
       2
       4
       2
       1
       0
       1
       0
       1
       1
       0
       1
       1
       1
       1
       2
       0
       1
       1
       0
       1
       3
       2
       2
       3
       1
       0
       2
       0
       0
       3
       1
       1
       0
       2
       0
       2
       2
       3
       0
       0
       1
       0
       1
       0
       2
       0
       2
       1
       2
       2
       0
       0
       1
       0
       1
       1
       0
       1
       2
       0
       0
       0
       1
       1
       0
       2
       0
       2
       0
       0
       1
       0
       0
       1
       0
       1
       2
       2
       1
       1
       0
       0
       1
       0
       0
       0
       0
       2
       0
       1
       2
       0
       2
       1
       1
       2
       0
       0
       1
       1
       1
       0
       0
       1
       0
       4
       1
       3
       1
       0
       2
       0
       1
       2
       1
       0
       0
       2
       1
       0
       2
       0
       1
       1
       0
       1
       0
       1
       0
       1
       0
       1
       2
       1
       1
       0
       1
       1
       1
       0
       1
       1
       0
       1
       0
       2
       1
       2
       1
       1
       0
       0
       0
       1
       0
       0
       2
       2
       1
       1
       1
       0
       0
       1
       1
       0
       0
       0
       1
       1
       1
       1
       1
       1
       0
       0
       1
       1
       1
       1
       1
       0
       1
       1
       0
       0
       3
       0
       0
       1
       1
       1
       0
       1
       0
       1
       0
       0
       1
       0
       0
       0
       1
       1
       1
       0
       1
       1
       3
       3
       0
       1
       2
       2
       1
       1
       1
       1
       0
       1
       1
       2
       0
       1
       1
       3
       1
       0
       1
       0
       1
       1
       4
       1
       0
       0
       3
       1
       2
       4
       0
       1
       1
       2
       0
       0
       3
       0
       1
       0
       1
       0
       0
       0
       2
       1
       0
       2
       2
       1
       2
       3
       6
       4
       4
       3
       7
       6
       6
       4
       2
       1
       3
       4
       1
       0
       2
       0
       2
       0
       0
       1
       0
       0
       1
       0
       1
       1
       1
       1
       2
       2
       1
       0
       3
       2
       2
       4
       2
       0
       2
       0
       1
       2
       1
       1
       0
       1
       0
       0
       0
       1
       1
       0
       2
       2
       0
       1
       2
       1
       1
       0
       1
       0
       0
       2
       0
       1
       1
       0
       0
       2
       0
       0
       0
       2
       0
       0
       0
       1
       0
       2
       1
       1
       1
       1
       1
       0
       1
       0
       1
       1
       1
       1
       2
       2
       1
       0
       0
       0
       0
       0
       0
       1
       2
       0
       2
       4
       1
       1
       0
       2
       0
       1
       0
       1
       1
       1
       2
       0
       1
       0
       2
       2
       0
       0
       1
       2
       1
       1
       1
       0
       2
       0
       1
       4
       1
       0
       3
       2
       1
       1
       3
       1
       0
       1
       1
       1
       1
       0
       0
       1
       0
       1
       1
       0
       3
       0
       0
       0
       0
       2
       0
       0
       1
       1
       0
       3
       0
       0
       1
       0
       1
       1
       1
       0
       0
       0
       0
       1
       2
       1
       1
       1
       1
       0
       1
       1
       0
       2
       0
       1
       3
       1
       0
       1
       3
       2
       1
       1
       0
       1
       0
       0
       0
       0
       1
       3
       0
       0
       2
       3
       0
       1
       0
       2
       1
       0
       1
       0
       1
       0
       3
       0
       2
       1
       1
       0
       0
       1
       0
       1
       0
       1
       1
       1
       1
       0
       1
       0
       2
       1
       0
       1
       0
       2
       1
       1
       1
       2
       2
       0
       2
       0
       0
       3
       0
       0
       0
       0
       2
       0
       1
       1
       0
       0
       0
       2
       1
       0
       1
       2
       3
       0
       0
       1
       1
       0
       2
       0
       0
       0
       0
       2
       1
       1
       2
       0
       0
       2
       2
       0
       2
       0
       0
       0
       0
       0
       1
       0
       2
       0
       0
       1
       2
       2
       1
       0
       1
       0
       0
       1
       1
       1
       2
       0
       1
       0
       1
       1
       1
       1
       0
       1
       1
       1
       0
       1
       0
       0
       0
       1
       1
       0
       2
       0
       0
       1
       1
       0
       0
       1
       1
       1
       0
       1
       1
       0
       0
       1
       0
       0
       1
       2
       1
       0
       1
       0
       0
       0
       4
       2
       2
       1
       5
       0
       2
       0
       2
       1
       2
       0
       0
       0
       1
       3
       0
       0
       1
       1
       2
       2
       1
       0
       2
       1
       0
       0
       0
       0
       0
       0
       1
       2
       2
       0
       1
       0
       0
       1
       3
       2
       1
       0
       0
       0
       4
       1
       0
       0
       0
       1
       0
       1
       1
       0
       1
       0
       2
       1
       0
       1
       0
       1
       2
       1
       1
       2
       1
       1
       1
       0
       1
       0
       0
       1
       0
       0
       1
       1
       1
       1
       0
       0
       0
       3
       2
       1
       0
       1
       1
       0
       0
       1
       0
       0
       0
       1
       1
       2
       1
       2
       0
       0
       0
       0
       0
       2
       1
       1
       0
       0
       0
       1
       1
       1
       0
       0
       0
       0
       0
       1
       2
       2
       1
       2
       1
       3
       1
       1
       1
       0
       0
       0
       1
       0
       2
       0
       0
       0
       0
       0
       2
       0
       0
       0
       0
       0
       1
       0
       2
       1
       1
       1
       1
       1
       2
       2
       0
       0
       1
       0
       1
       0
       2
       0
       0
       1
       1
       0
       0
       1
       1
       2
       2
       3
       0
       1
       1
       0
       1
       0
       0
       0
       1
       1
       0
       1
       1
       1
       1
       1
       1
       2
       0
       1
       0
       0
       0
       0
       0
       0
       3
       1
       1
       0
       1
       1
       0
       1
       0
       2
       2
       0
       0
       2
       0
       0
       0
       1
       2
       1
       1
       0
       1
       1
       2
       0
       2
       0
       1
       0
       1
       0
       2
       1
       1
       0
       1
       0
       0
       1
       0
       1
       1
       1
       0
       1
       0
       0
       3
       0
       0
       0
       2
       0
       0
       2
       0
       2
       3
       1
       0
       2
       0
       1
       0
       0
       1
       1
       0
       0
       0
       0
       2
       1
       0
       1
       2
       1
       3
       0
       2
       3
       1
       1
       0
       0
       2
       0
       0
       0
       2
       0
       2
       2
       1
       2
       0
       3
       0
       0
       0
       0
       1
       2
       1
       1
       0
       1
       0
       0
       0
       0
       0
       0
       1
       0
       0
       0
       1
       1
       0
       0
       1
       0
       0
       0
       1
       1
       0
       1
       2
       2
       0
       0
       1
       0
       1
       1
       0
       1
       0
       0
       0
       1
       0
       0
       0
       0
       2
       0
       1
       1
       0
       2
       0
       2
       0
       0
       2
       0
       0
       1
       0
       0
       1
       1
       0
       0
       0
       0
       1
       1
       0
       1
       0
       1
       1
       1
       0
       0
       1
       1
       1
       0
       2
       0
       1
       0
       0
       1
       1
       2
       2
       0
       1
       0
       1
       0
       0
       1
       0
       0
       2
       0
       1
       1
       0
       1
       0
       1
       1
       2
       0
       0
       0
       1
       2
       0
       1
       1
       0
       0
       1
       2
       0
       0
       0
       0
       1
       2
       1
       1
       0
       0
       0
       1
       1
       0
       0
       1
       1
       0
       0
       2
       2
       1
       1
       1
       0
       1
       0
       0
       1
       0
       3
       1
       2
       1
       2
       0
       2
       0
       0
       0
       0
       0
       0
       0
       0
       0
       0
       0
       1
       2
       1
       0
       0
       0
       2
       1
       0
       1
       0
       2
       0
       0
       1
       0
       0
       0
       1
       1
       1
       0
       1
       2
       1
       2
       0
       1
       3
       2
       1
       0
       2
       0
       1
       4
       1
       2
       0
       0
       2
       2
       1
       0
       0
       1
       0
       2
       0
       0
       0
       1
       1
       1
       2
       0
       0
       1
       1
       0
       1
       1
       0
       3
       3
       0
       0
       2
       1
       0
       2
       1
       2
       0
       1
       1
       0
       0
       1
       0
       1
       0
       0
       0
       0
       1
       0
       1
       0
       1
       2
       0
       1
       0
       1
       1
       1
       0
       0
       1
       0
       0
       0
       1
       0
       0
       1
       1
       1
       0
       1
       0
       1
       2
       1
       0
       5
       0
       1
       1
       1
       1
       1
       2
       0
       1
       1
       0
       1
       0
       1
       2
       0
       1
       3
       0
       1
       0
       0
       1
       0
       1
       0
       1
       0
       0
       2
       1
       0
       1
       0
       0
       2
       0
       1
       0
       0
       1
       1
       1
       0
       0
       1
       3
       0
       0
       1
       0
       0
       0
       0
       0
       1
       0
       2
       0
       0
       1
       1
       0
       2
       1
       1
       0
       0
       0
       2
       0
       0
       0
       0
       0
       1
       0
       1
       1
       0
       0
       1
       0
       0
       1
       0
       1
       0
       0
       2
       1
       0
       4
       0
       2
       1
       1
       0
       0
       1
       1
       0
       1
       1
       1
       1
       1
       3
       1
       1
       3
       2
       2
       1
       0
       0
       0
       2
       1
       0
       0
       1
       1
       2
       3
       0
       1
       1
       1
       0
       0
       1
       0
       1
       0
       0
       0
       0
       1
       1
       0
       1
       1
       0
       0
       0
       2
       0
       3
       0
       0
       0
       2
       0
       0
       1
       1
       1
       0
       0
       1
       1
       0
       0
       1
       2
       0
       1
       1
       0
       0
       0
       0
       0
       1
       1
       0
       0
       0
       0
       1
       0
       1
       0
       1
       0
       2
       0
       1
       1
       1
       2
       0
       0
       2
       4
       0
       0
       2
       1
       0
       0
       1
       0
       1
       1
       0
       1
       1
       3
       1
       1
       3
       0
       0
       0
       0
       0
       1
       0
       0
       0
       1
       0
       0
       2
       1
       1
       0
       0
       0
       1
       2
       3
       0
       1
       0
       1
       0
       0
       1
       1
       1
       0
       1
       0
       3
       0
       0
       0
       0
       0
       1
       0
       2
       1
       2
       0
       1
       1
       0
       2
       0
       0
       0
       1
       0
       1
       0
       2
       0
       1
       0
       0
       0
       1
       0
       1
       0
       0
       2
       2
       0
       1
       0
       1
       2
       1
       2
       1
       0
       0
       0
       1
       2
       0
       0
       1
       2
       0
       1
       1
       2
       1
       0
       0
       0
       0
       1
       1
       0
       0
       0
       0
       0
       0
       0
       0
       0
       0
       0
       0
       0
       0
       0
       0
       0
       0
       0
       0
       0
       0
       0
       0
       0
       0
       0
       0
       0
       0
       0
       0
       0
       0
       0
       0
       0
       0
       0
       0
       0
       0
       0
       0
       0
       0
       0
       0
       0
       0
       0
       0
       0
       0
       0
       0
       0
       0
       0
       0
       0
       0
       0
       0
       0
       0
       0
       0
       0
       0
       0
       0
       0
       0
       0
       0
       0
       0
       0
       0
       0
       0
       0
       0
       0
       0
       0
       0
       0
       0
       0
       0
       0
       0
       0
       0
       0
       0
       0
       0
       0
       0
       0
       0
       0
       0
       0
       0
       0
       0
       0
       0
       0
       0
       0
       0
       0
       0
       0
       0
       0
       0
       0
       0
       0
       0
       0
       0
$ROI:
1
2831 2841
$PRESETS:
Live Time
36000
0
$ENER_FIT:
0.000000 0.383922
$MCA_CAL:
3
0.000000E+000 3.839219E-001 0.000000E+000 keV
$SHAPE_CAL:
3
0.000000E+000 0.000000E+000 0.000000E+000
