$SPEC_ID:
Cs137
$SPEC_REM:
DET# 2
DETDESC# DETECTOR 2
AP# Maestro Version 7.01
$DATE_MEA:
03/01/2017 15:43:23
$MEAS_TIM:
891 896
$DATA:
0 8191
       0
       0
       0
       0
       0
       0
       0
       0
       0
       0
       0
       0
       0
       0
       0
       0
       0
       0
       0
       0
       0
       0
       0
       0
       0
       0
       0
       0
       0
       0
       0
       0
       0
       0
       0
       0
       0
       0
       0
       0
       0
       0
       0
       0
       0
       0
       0
       0
       0
       0
       0
       0
       0
       0
       0
       0
       0
       0
       0
       0
       0
       0
       0
       0
       0
       0
       0
       0
       0
       0
       0
       0
       0
       0
       0
       0
       0
       0
       0
       0
       0
       0
       0
       0
       0
       0
       0
       0
       0
       0
       0
       0
       0
       0
       0
       0
       4
      66
     133
     138
     124
     121
     137
     112
     136
     147
     156
     147
     127
     152
     160
     120
     123
     132
     127
     136
     134
     116
     132
     160
     152
     153
     135
     138
     139
     147
     136
     134
     144
     133
     162
     137
     125
     129
     136
     146
     155
     177
     147
     155
     135
     143
     179
     176
     157
     168
     149
     157
     175
     162
     158
     191
     174
     156
     159
     156
     175
     170
     161
     196
     171
     189
     189
     141
     154
     206
     188
     175
     196
     187
     151
     172
     175
     199
     186
     193
     182
     207
     174
     215
     181
     187
     185
     219
     224
     279
     565
     740
     582
     327
     296
     521
    1027
    1165
     634
     274
     168
     182
     143
     153
     153
     148
     176
     157
     176
     150
     185
     191
     167
     160
     167
     181
     182
     190
     165
     210
     300
     473
     576
     429
     275
     170
     172
     215
     285
     263
     192
     204
     172
     173
     134
     177
     172
     152
     158
     158
     155
     176
     169
     203
     140
     170
     168
     157
     172
     166
     154
     139
     163
     180
     206
     166
     175
     182
     169
     169
     168
     145
     178
     167
     155
     175
     167
     170
     184
     162
     171
     150
     180
     157
     192
     172
     170
     172
     189
     184
     201
     147
     179
     170
     150
     185
     193
     182
     180
     192
     185
     193
     189
     184
     175
     188
     197
     169
     197
     180
     183
     177
     195
     191
     184
     183
     178
     173
     196
     183
     175
     200
     154
     176
     180
     203
     181
     199
     194
     201
     195
     175
     189
     157
     192
     186
     182
     199
     190
     169
     198
     176
     204
     182
     179
     173
     193
     188
     219
     220
     162
     196
     190
     176
     186
     199
     191
     183
     180
     189
     195
     190
     170
     217
     191
     188
     179
     189
     172
     177
     203
     208
     190
     205
     200
     202
     179
     184
     191
     193
     215
     193
     163
     193
     205
     180
     207
     196
     218
     202
     196
     200
     192
     194
     184
     218
     201
     210
     174
     206
     228
     195
     189
     215
     195
     180
     188
     201
     199
     185
     186
     189
     198
     191
     200
     188
     170
     187
     188
     184
     186
     191
     195
     230
     235
     215
     237
     220
     183
     190
     210
     172
     203
     184
     202
     167
     213
     204
     184
     188
     185
     212
     195
     194
     209
     183
     199
     198
     238
     210
     215
     193
     205
     233
     197
     218
     240
     227
     202
     226
     258
     249
     256
     242
     233
     239
     225
     228
     246
     230
     244
     228
     229
     219
     210
     227
     228
     250
     215
     244
     221
     253
     221
     224
     215
     212
     249
     228
     242
     228
     249
     255
     201
     225
     224
     230
     278
     231
     224
     219
     210
     201
     222
     225
     238
     211
     231
     241
     268
     252
     256
     232
     260
     222
     225
     242
     243
     228
     226
     208
     241
     224
     218
     205
     226
     221
     215
     217
     227
     241
     220
     231
     218
     237
     220
     204
     217
     243
     241
     244
     221
     236
     240
     224
     208
     247
     241
     235
     203
     223
     222
     215
     231
     240
     215
     221
     213
     215
     200
     217
     220
     210
     236
     182
     219
     248
     229
     244
     213
     188
     209
     189
     222
     222
     196
     186
     203
     228
     209
     215
     190
     226
     206
     198
     208
     218
     211
     202
     223
     223
     211
     200
     201
     210
     194
     199
     193
     220
     200
     216
     215
     211
     180
     212
     199
     198
     187
     218
     221
     200
     183
     180
     214
     208
     192
     189
     215
     199
     202
     170
     201
     174
     192
     240
     190
     191
     184
     195
     214
     209
     179
     216
     195
     210
     212
     224
     201
     215
     212
     216
     188
     223
     208
     206
     196
     198
     191
     193
     211
     220
     219
     203
     213
     223
     177
     207
     184
     191
     174
     190
     167
     204
     206
     180
     201
     172
     198
     214
     186
     160
     209
     195
     197
     181
     177
     215
     159
     187
     190
     185
     192
     186
     171
     174
     192
     157
     184
     192
     180
     176
     179
     165
     172
     184
     178
     164
     155
     178
     163
     186
     160
     165
     173
     169
     187
     152
     156
     154
     163
     164
     133
     186
     177
     151
     166
     154
     142
     177
     175
     153
     158
     153
     149
     172
     178
     150
     155
     140
     153
     141
     161
     148
     152
     141
     133
     158
     144
     158
     136
     131
     151
     156
     126
     151
     148
     163
     131
     150
     135
     136
     149
     160
     165
     145
     166
     144
     145
     149
     161
     162
     153
     155
     153
     140
     151
     144
     171
     143
     147
     139
     135
     135
     142
     168
     141
     144
     140
     163
     134
     156
     132
     133
     135
     148
     125
     141
     162
     132
     135
     142
     141
     136
     119
     133
     125
     159
     170
     134
     135
     120
     138
     147
     130
     141
     165
     155
     161
     138
     177
     128
     143
     139
     133
     127
     152
     135
     133
     150
     141
     150
     143
     131
     140
     160
     123
     145
     147
     131
     134
     144
     164
     142
     146
     137
     159
     149
     145
     144
     117
     147
     141
     140
     135
     139
     168
     156
     151
     140
     155
     112
     157
     141
     141
     126
     157
     148
     152
     146
     150
     140
     138
     164
     163
     140
     176
     147
     147
     149
     143
     162
     139
     149
     136
     129
     149
     146
     144
     134
     142
     135
     127
     144
     129
     132
     120
     134
     125
     107
     129
     124
     134
     118
     121
     112
     103
     100
     131
      99
     109
     102
     114
     118
     105
     112
     104
      92
     106
     103
     101
     101
      92
      96
      86
      95
      92
     102
      99
      96
      93
      82
      81
      89
      81
      93
      87
      85
      77
      83
      81
      70
      77
      84
      87
      83
      91
      88
      89
      86
      73
      87
      69
      92
      76
      62
      70
      92
      61
      79
      80
      64
      75
      99
      78
      93
      64
      87
      52
      64
      96
      68
      83
      80
      74
      66
      85
      66
      60
      84
      95
      76
      83
      72
      64
      79
      91
      65
      81
      74
      71
      70
      63
      61
      72
      71
      69
      67
      70
      81
      65
      81
      84
      76
      63
      52
      70
      70
      72
      71
      69
      67
      45
      74
      62
      52
      63
      61
      58
      84
      58
      58
      57
      67
      61
      60
      56
      57
      63
      67
      52
      61
      63
      62
      65
      37
      65
      55
      54
      62
      61
      46
      68
      62
      60
      52
      70
      47
      51
      48
      59
      58
      59
      71
      54
      49
      66
      66
      66
      62
      55
      57
      55
      64
      49
      52
      55
      61
      58
      50
      40
      42
      60
      56
      47
      49
      47
      54
      52
      51
      51
      64
      44
      57
      54
      55
      57
      68
      48
      39
      44
      53
      43
      54
      48
      44
      51
      54
      42
      55
      48
      52
      58
      58
      39
      59
      54
      39
      47
      58
      46
      41
      47
      51
      45
      41
      45
      48
      64
      44
      60
      42
      63
      42
      50
      39
      49
      49
      63
      47
      46
      56
      55
      42
      38
      51
      32
      33
      44
      44
      43
      57
      54
      49
      43
      54
      45
      35
      59
      46
      45
      51
      36
      48
      47
      61
      53
      41
      53
      41
      59
      46
      40
      42
      41
      35
      61
      53
      42
      53
      49
      44
      45
      34
      40
      44
      47
      46
      52
      44
      67
      51
      54
      40
      38
      36
      36
      29
      49
      35
      45
      37
      49
      45
      39
      49
      46
      42
      43
      47
      48
      41
      43
      46
      50
      47
      41
      46
      33
      44
      37
      48
      33
      38
      42
      36
      52
      42
      41
      46
      35
      47
      44
      69
      44
      34
      38
      37
      45
      44
      37
      46
      35
      41
      35
      36
      50
      45
      32
      51
      47
      38
      30
      39
      29
      40
      46
      39
      36
      41
      40
      48
      32
      35
      42
      32
      49
      44
      41
      45
      54
      41
      30
      40
      32
      38
      35
      36
      33
      31
      42
      43
      39
      42
      24
      44
      36
      39
      51
      34
      46
      36
      39
      46
      36
      35
      41
      33
      33
      28
      37
      45
      41
      42
      48
      34
      37
      33
      41
      48
      30
      43
      35
      35
      38
      43
      35
      37
      51
      41
      34
      44
      42
      40
      44
      43
      47
      40
      44
      42
      49
      31
      46
      41
      37
      45
      52
      40
      48
      49
      67
      80
     110
     178
     304
     543
     872
    1514
    2216
    3115
    3808
    4298
    4201
    3606
    2807
    2002
    1249
     737
     424
     266
     127
      71
      67
      46
      33
      41
      36
      32
      46
      40
      29
      34
      34
      36
      29
      34
      22
      30
      43
      29
      29
      26
      39
      30
      26
      36
      42
      36
      38
      23
      32
      32
      38
      17
      28
      25
      36
      37
      34
      30
      19
      30
      32
      28
      22
      37
      30
      26
      24
      29
      40
      27
      31
      33
      30
      36
      32
      35
      29
      32
      21
      29
      36
      31
      36
      31
      28
      31
      28
      27
      34
      41
      22
      31
      38
      36
      40
      21
      35
      25
      27
      36
      32
      40
      37
      32
      29
      31
      30
      28
      31
      28
      25
      21
      28
      25
      32
      24
      32
      31
      29
      28
      24
      32
      36
      28
      37
      22
      31
      26
      32
      31
      43
      39
      24
      33
      34
      37
      37
      22
      39
      26
      34
      36
      32
      23
      27
      27
      29
      27
      45
      38
      27
      34
      39
      29
      40
      29
      23
      32
      35
      35
      38
      38
      22
      36
      40
      26
      30
      28
      29
      34
      25
      35
      45
      32
      45
      30
      32
      24
      26
      31
      25
      26
      24
      38
      22
      24
      22
      25
      25
      43
      39
      34
      38
      22
      27
      29
      33
      34
      39
      30
      42
      44
      25
      29
      22
      27
      33
      30
      27
      24
      24
      26
      30
      28
      41
      43
      29
      46
      31
      34
      38
      28
      37
      40
      38
      33
      36
      23
      32
      40
      33
      31
      30
      34
      26
      34
      30
      31
      20
      30
      31
      34
      36
      24
      38
      36
      24
      39
      29
      25
      39
      38
      37
      40
      32
      28
      31
      41
      27
      36
      27
      26
      28
      38
      29
      35
      35
      33
      20
      26
      32
      38
      35
      31
      37
      28
      32
      38
      40
      31
      21
      27
      38
      19
      34
      25
      38
      29
      31
      32
      39
      33
      29
      30
      37
      33
      30
      28
      36
      32
      36
      27
      37
      23
      28
      32
      26
      28
      29
      27
      29
      29
      29
      28
      28
      37
      32
      32
      22
      27
      29
      34
      33
      38
      32
      33
      39
      36
      20
      29
      22
      37
      28
      36
      29
      31
      42
      32
      42
      36
      34
      30
      41
      35
      27
      30
      32
      45
      38
      41
      22
      28
      48
      33
      26
      35
      30
      35
      30
      37
      38
      28
      31
      27
      36
      42
      26
      31
      29
      40
      43
      37
      22
      42
      36
      38
      25
      44
      34
      31
      35
      33
      39
      26
      42
      37
      40
      40
      32
      35
      43
      36
      42
      22
      39
      40
      34
      43
      42
      43
      34
      48
      34
      36
      46
      33
      36
      36
      32
      41
      35
      47
      31
      32
      44
      40
      32
      49
      34
      36
      40
      38
      37
      22
      35
      33
      49
      33
      37
      23
      37
      33
      47
      41
      39
      30
      42
      49
      40
      37
      39
      38
      38
      43
      34
      56
      39
      27
      36
      41
      42
      35
      47
      36
      39
      41
      44
      29
      37
      35
      35
      43
      37
      30
      32
      36
      33
      39
      42
      50
      47
      55
      45
      41
      37
      32
      43
      36
      35
      34
      29
      38
      37
      48
      38
      36
      39
      49
      44
      33
      48
      42
      42
      37
      55
      32
      50
      31
      51
      33
      31
      37
      27
      31
      48
      50
      42
      50
      49
      38
      54
      29
      39
      36
      48
      38
      39
      36
      47
      46
      43
      47
      36
      56
      43
      47
      58
      42
      37
      32
      45
      45
      34
      41
      48
      41
      36
      33
      56
      44
      44
      41
      42
      49
      41
      35
      44
      49
      40
      41
      35
      40
      45
      46
      40
      34
      51
      42
      35
      53
      36
      39
      42
      42
      38
      44
      56
      45
      33
      38
      41
      38
      52
      55
      44
      46
      51
      54
      46
      46
      49
      53
      39
      37
      56
      48
      49
      53
      51
      54
      51
      45
      43
      44
      45
      40
      45
      50
      47
      46
      28
      52
      39
      54
      39
      57
      47
      51
      48
      40
      45
      43
      50
      39
      51
      37
      41
      40
      63
      47
      34
      39
      41
      45
      53
      51
      43
      39
      47
      48
      52
      62
      34
      48
      58
      41
      53
      50
      51
      52
      53
      46
      37
      44
      37
      49
      45
      39
      45
      46
      45
      50
      51
      44
      43
      57
      49
      40
      40
      52
      56
      42
      48
      55
      45
      44
      60
      40
      45
      51
      47
      54
      41
      47
      60
      48
      64
      40
      58
      63
      38
      47
      52
      31
      35
      61
      47
      58
      38
      46
      53
      41
      51
      44
      38
      39
      37
      51
      43
      50
      45
      40
      42
      51
      35
      42
      38
      33
      38
      40
      39
      40
      32
      46
      32
      35
      32
      33
      42
      28
      40
      31
      31
      30
      28
      28
      33
      26
      36
      46
      33
      37
      46
      45
      31
      31
      33
      24
      29
      33
      29
      33
      32
      28
      38
      36
      31
      42
      40
      29
      23
      35
      39
      37
      34
      35
      37
      34
      32
      35
      29
      35
      34
      26
      38
      38
      24
      37
      35
      38
      23
      23
      26
      29
      28
      31
      23
      28
      30
      32
      28
      26
      28
      33
      26
      33
      31
      30
      34
      28
      21
      33
      26
      37
      32
      27
      23
      26
      38
      36
      26
      37
      32
      31
      36
      20
      23
      23
      29
      31
      26
      29
      38
      32
      24
      24
      24
      34
      33
      22
      28
      25
      20
      21
      26
      31
      26
      25
      24
      24
      31
      40
      23
      21
      25
      31
      27
      18
      28
      22
      22
      28
      28
      21
      28
      20
      26
      23
      40
      27
      25
      28
      21
      33
      28
      28
      19
      23
      33
      29
      17
      16
      28
      19
      26
      24
      26
      22
      15
      25
      25
      31
      24
      33
      26
      20
      29
      32
      28
      31
      27
      29
      15
      19
      27
      24
      23
      23
      18
      25
      30
      30
      23
      19
      25
      24
      26
      18
      24
      28
      20
      25
      22
      31
      27
      16
      22
      18
      27
      20
      28
      13
      24
      19
      17
      26
      20
      26
      15
      25
      24
      26
      20
      24
      28
      13
      23
      29
      21
      13
      26
      23
      28
      16
      21
      18
      15
      25
      30
      18
      17
      18
      26
      15
      18
      22
      22
      25
      17
      15
      27
      21
      29
      20
      17
      18
      12
      26
      15
      17
      10
      27
      13
      13
      17
      18
      21
      18
      14
      23
      18
      20
      24
      23
      25
      16
      21
      17
      23
      34
      50
      63
      86
      97
      74
      49
      43
      21
      19
      19
      25
      12
      16
      17
      15
      12
      13
      17
      18
      15
      21
      26
      31
      13
      15
      18
      20
      11
      22
      18
      19
      16
      17
      20
      18
      21
      12
      21
      24
      26
      22
      12
      20
      12
      15
      19
      14
      12
      18
      17
      17
      19
      25
      12
      15
      23
      22
      17
      20
      15
      23
      14
      13
      21
      17
      18
      17
      14
      11
      13
      19
      15
      18
      16
      20
      14
      16
      17
      15
      16
      17
      23
      13
      26
      17
      14
      19
      16
      18
      12
      19
      23
      20
      20
      20
      18
      14
      21
      25
      24
      27
      37
      43
      35
      30
      45
      33
      20
      17
      18
      18
      22
      20
      15
      23
      18
      14
      16
      10
      15
      19
      16
      12
      20
      21
      17
      20
      16
      17
      20
      22
      16
      20
      23
      17
      20
      12
      20
      28
      43
      50
      99
     148
     168
     192
     193
     148
      91
      65
      36
      18
      18
      16
      21
      19
      25
      18
      22
      21
      14
      18
      19
      22
      21
      18
      18
      13
      26
      25
      29
      19
      17
      20
      20
      23
      13
      15
      17
      21
      17
      19
      16
      18
      13
      22
      19
      26
      12
      19
      31
      25
      20
      21
      17
      25
      26
      16
      16
      19
      17
      31
      19
      20
      24
      21
      26
      12
      10
      29
      20
      15
      23
      17
      12
      26
      14
      22
      23
       9
      22
      16
      23
      19
      19
      20
      12
      19
      18
      21
      26
      26
      17
      16
      27
      24
      26
      15
      25
      58
     127
     209
     421
     727
    1247
    1642
    2126
    2210
    1828
    1208
     577
     249
     120
      60
      32
      22
      18
      21
      30
      18
      21
      22
      14
      16
      22
      19
      25
      23
      11
      15
      10
      15
      15
      18
      14
      20
      21
      20
      15
      18
      24
      24
      26
      13
      18
      18
      22
      22
      30
      22
      19
      24
      21
      22
      27
      25
      13
      16
      18
      20
      11
      20
      23
      24
      26
      25
      18
      25
      18
      19
      26
      22
      24
      22
      22
      24
      15
      18
      34
      11
      19
      20
      13
      18
      15
      29
      31
      27
      30
      19
      36
      26
      16
      12
      17
      17
      22
      19
      24
      16
      23
      22
      29
      24
      20
      22
      16
      20
      23
      17
      23
      14
      24
      14
      16
      23
      21
      21
      22
      18
      24
      27
      29
      14
      29
      30
      16
      22
      25
      26
      29
      31
      24
      24
      22
      32
      22
      30
      17
      20
      31
      25
      26
      16
      18
      24
      25
      25
      27
      18
      25
      23
      21
      18
      24
      27
      25
      26
      22
      24
      31
      24
      25
      26
      18
      19
      26
      20
      24
      33
      23
      21
      22
      29
      22
      34
      18
      19
      20
      25
      20
      26
      24
      21
      26
      23
      23
      19
      25
      20
      33
      25
      31
      19
      23
      33
      28
      23
      30
      33
      26
      24
      24
      36
      14
      38
      18
      32
      15
      39
      24
      26
      28
      34
      37
      34
      24
      20
      27
      22
      27
      21
      29
      38
      32
      23
      18
      35
      15
      25
      21
      25
      24
      22
      28
      21
      17
      28
      25
      19
      23
      25
      23
      27
      18
      27
      25
      28
      29
      26
      20
      29
      25
      31
      26
      29
      28
      26
      35
      17
      38
      24
      22
      30
      32
      23
      33
      36
      32
      25
      39
      24
      31
      30
      24
      32
      25
      30
      24
      23
      27
      26
      33
      22
      21
      29
      31
      24
      28
      27
      32
      20
      22
      20
      22
      26
      19
      32
      28
      25
      24
      16
      24
      19
      25
      21
      20
      18
      13
      13
      19
      18
      18
      17
      16
      28
      31
      21
      25
      22
      17
      21
      16
      17
      17
      13
      10
      14
      15
      23
      16
      27
      19
      19
      21
      12
      15
      17
      17
      21
      17
      12
      20
      16
      21
      22
      16
      20
      20
      18
      19
      19
      19
      15
      17
      38
      38
      53
      59
      61
      58
      39
      50
      29
      21
      20
      13
      15
      17
      11
      11
      20
      12
      20
       9
      14
      13
      16
       7
      13
      11
      15
      11
      24
      15
      12
      14
      18
      12
      15
      18
      12
      15
      13
      14
      17
      12
      11
      15
      14
      19
       8
      14
      19
      10
      13
      15
       8
      13
      13
       7
      11
      12
      27
      11
      24
      11
      16
      17
      16
      12
      11
       8
      15
       7
      10
      19
      15
      10
      12
      23
      13
       8
       9
      11
       9
       8
      11
      13
      17
      12
      16
      11
       6
      13
       8
      10
      13
      11
      12
      23
      14
      12
      10
      11
      13
      10
       8
      15
       9
      16
      16
       6
      17
       6
      13
      12
      11
      10
       8
      14
      11
      11
      16
       5
       9
      10
       7
      10
       6
       7
       8
       9
      11
      10
      11
       9
       6
      10
       8
      10
      13
       6
       8
       3
      10
       5
       5
      10
       9
      10
      10
       9
       9
       6
       5
       7
       7
       6
      10
       8
       8
       6
       9
       9
       5
       7
       5
      15
       7
      12
       2
       8
      10
       6
       7
       6
       4
       3
       8
      11
       7
      10
       8
       4
       6
       9
       7
       7
      10
       6
       5
       4
       4
       6
       7
       3
       7
       6
       3
       1
       4
       9
       3
       3
       4
       5
      12
       6
       3
       5
       2
       5
       8
       6
       6
       3
       2
       2
       2
       4
       5
       3
       2
       2
       6
       6
       1
       3
       5
       6
       5
       6
       3
       6
       5
       3
       5
       5
       4
       6
       5
       3
       5
       2
       3
       6
       4
       4
       2
       3
       6
       3
       2
       3
       1
       5
       2
       3
       6
       6
       5
       3
       3
       5
       2
       2
       4
       3
       3
       3
       7
       7
       2
       2
       4
       2
       4
       3
       4
       1
       4
       0
       1
       5
       1
       2
       1
       3
       1
       1
       1
       1
       2
       3
       3
       1
       5
       3
       2
       6
       2
       4
       0
       6
       5
       6
       2
       0
       2
       3
       5
       4
       1
       4
       2
       3
       5
       4
       0
       2
       3
       2
       2
       1
       4
       4
       3
       5
       6
       1
       1
       2
       1
       2
       3
       4
       1
       2
       3
       2
       4
       3
       2
       3
       6
       2
       0
       2
       3
       2
       5
       9
       3
       0
       3
       3
       2
       2
       1
       3
       1
       4
       1
       4
       5
       0
       4
       1
       1
       4
       3
       3
       4
       3
       1
       4
       3
       7
       2
       1
       5
       2
       1
       3
       2
       1
       3
       0
       5
       0
       3
       2
       2
       1
       3
       3
       1
       0
       2
       0
       3
       3
       4
       6
       3
       3
       2
       6
       4
       4
       4
       2
       2
       7
       2
       0
       3
       1
       1
       3
       4
       5
       2
       2
       1
       4
       3
       1
       2
       4
       1
       1
       0
       3
       5
       3
       3
       3
       3
       4
       1
       4
       1
       1
       2
       1
       1
       0
       2
       3
       3
       2
       4
       0
       5
       0
       2
       1
       1
       3
       0
       4
       2
       2
       2
       3
       2
       1
       0
       1
       4
       5
       0
       2
       1
       1
       2
       4
       5
       1
       2
       3
       1
       0
       2
       6
       0
       3
      10
      13
       6
      15
      33
      56
     119
     187
     341
     503
     805
    1071
    1277
    1408
    1391
    1023
     755
     373
     168
      85
      36
      22
      10
       2
       2
       1
       3
       2
       0
       0
       1
       0
       0
       0
       1
       0
       0
       0
       0
       2
       2
       1
       1
       1
       1
       1
       2
       1
       1
       5
       1
       3
       0
       0
       1
       0
       0
       3
       1
       1
       4
       2
       5
       2
       1
       1
       0
       0
       0
       0
       0
       0
       0
       0
       0
       0
       2
       1
       1
       2
       1
       0
       0
       0
       1
       1
       1
       0
       1
       0
       1
       0
       2
       1
       2
       0
       0
       1
       0
       2
       1
       1
       2
       0
       0
       1
       2
       0
       0
       1
       0
       0
       3
       0
       0
       1
       0
       0
       3
       2
       0
       0
       2
       1
       1
       1
       2
       0
       0
       1
       2
       1
       1
       0
       0
       1
       0
       1
       2
       2
       0
       1
       0
       1
       1
       2
       2
       2
       0
       4
       1
       1
       0
       2
       0
       1
       0
       1
       0
       1
       1
       0
       1
       1
       3
       0
       1
       2
       0
       0
       1
       1
       0
       0
       1
       2
       2
       0
       1
       0
       0
       1
       1
       1
       1
       0
       0
       0
       1
       1
       0
       0
       0
       1
       0
       3
       1
       0
       0
       0
       1
       1
       0
       0
       1
       2
       1
       0
       2
       1
       1
       3
       0
       1
       0
       1
       1
       0
       0
       0
       2
       0
       0
       0
       1
       0
       1
       0
       0
       2
       1
       1
       0
       0
       0
       2
       0
       0
       1
       1
       2
       1
       2
       2
       0
       1
       1
       0
       0
       0
       0
       2
       0
       2
       0
       0
       1
       1
       0
       0
       3
       0
       0
       2
       2
       1
       2
       0
       0
       0
       1
       0
       1
       1
       2
       0
       0
       1
       0
       0
       0
       0
       1
       0
       0
       2
       1
       0
       0
       0
       1
       2
       0
       0
       1
       1
       1
       0
       2
       0
       1
       0
       0
       1
       0
       0
       1
       0
       2
       0
       0
       0
       1
       2
       1
       0
       3
       1
       1
       0
       2
       0
       0
       0
       0
       1
       0
       0
       2
       2
       2
       0
       0
       4
       1
       3
       4
       4
       1
       0
       1
       1
       1
       0
       1
       2
       0
       2
       0
       0
       0
       0
       0
       0
       1
       0
       1
       1
       0
       0
       0
       2
       0
       0
       1
       0
       4
       2
       0
       0
       1
       0
       0
       1
       1
       1
       1
       1
       0
       0
       0
       2
       0
       0
       1
       0
       0
       0
       0
       0
       1
       0
       2
       0
       2
       1
       1
       0
       1
       2
       0
       0
       1
       1
       1
       0
       3
       1
       0
       0
       1
       2
       3
       2
       0
       1
       2
       0
       1
       0
       1
       0
       1
       0
       0
       1
       0
       1
       0
       1
       2
       0
       2
       0
       0
       0
       1
       0
       1
       0
       1
       1
       1
       1
       2
       0
       0
       2
       1
       2
       0
       0
       1
       1
       1
       0
       0
       0
       2
       1
       0
       2
       1
       0
       1
       0
       0
       1
       0
       1
       2
       2
       0
       0
       1
       3
       2
       3
       4
       2
       4
       4
       7
       3
       2
       2
       2
       3
       1
       1
       2
       2
       0
       1
       0
       1
       1
       0
       0
       0
       0
       2
       0
       0
       2
       1
       0
       0
       0
       1
       0
       0
       0
       1
       0
       1
       0
       0
       1
       0
       0
       0
       0
       0
       0
       1
       0
       1
       1
       2
       0
       0
       0
       1
       1
       0
       0
       0
       2
       0
       1
       1
       0
       3
       0
       3
       3
       0
       0
       2
       1
       1
       1
       1
       0
       2
       0
       0
       1
       0
       2
       1
       1
       1
       1
       0
       2
       1
       1
       0
       0
       3
       0
       1
       0
       0
       0
       0
       0
       2
       1
       1
       1
       1
       0
       1
       0
       1
       0
       0
       0
       0
       0
       0
       0
       0
       0
       0
       0
       0
       2
       0
       0
       0
       0
       2
       0
       1
       1
       0
       1
       0
       0
       0
       0
       0
       1
       2
       1
       0
       0
       0
       0
       0
       0
       0
       1
       0
       1
       1
       0
       1
       0
       0
       0
       2
       1
       0
       1
       0
       0
       0
       1
       0
       0
       1
       1
       1
       3
       1
       0
       1
       0
       0
       0
       0
       1
       1
       0
       3
       0
       2
       1
       1
       1
       0
       0
       1
       1
       0
       0
       0
       0
       0
       0
       0
       0
       0
       1
       0
       0
       0
       0
       2
       1
       0
       0
       0
       1
       1
       1
       0
       1
       0
       1
       1
       1
       0
       0
       1
       1
       1
       0
       0
       0
       2
       1
       0
       0
       0
       0
       1
       1
       1
       0
       0
       0
       0
       0
       1
       1
       0
       0
       0
       3
       1
       0
       1
       1
       0
       0
       1
       0
       1
       1
       0
       0
       2
       1
       0
       0
       1
       2
       0
       1
       0
       0
       1
       1
       1
       0
       0
       0
       0
       0
       0
       0
       0
       0
       0
       2
       0
       0
       1
       1
       0
       1
       1
       2
       2
       0
       0
       1
       2
       1
       0
       2
       1
       1
       0
       0
       0
       1
       1
       2
       0
       2
       0
       1
       0
       0
       0
       1
       1
       0
       2
       0
       0
       0
       0
       0
       0
       0
       1
       1
       1
       0
       1
       0
       0
       0
       0
       0
       0
       0
       2
       2
       0
       0
       0
       0
       2
       0
       0
       1
       1
       0
       1
       0
       0
       0
       1
       0
       0
       1
       2
       2
       0
       0
       1
       1
       0
       0
       0
       2
       0
       0
       1
       1
       2
       0
       2
       0
       0
       0
       0
       0
       1
       0
       0
       2
       0
       0
       0
       1
       2
       0
       0
       1
       1
       0
       0
       0
       0
       1
       1
       1
       0
       0
       0
       0
       1
       1
       0
       1
       0
       1
       0
       0
       0
       1
       0
       0
       1
       0
       0
       1
       0
       0
       0
       0
       0
       2
       0
       0
       0
       1
       0
       0
       0
       2
       0
       1
       0
       0
       2
       0
       0
       0
       0
       0
       1
       0
       0
       1
       0
       1
       0
       0
       0
       0
       0
       0
       1
       0
       0
       0
       0
       0
       0
       0
       0
       0
       1
       0
       1
       0
       1
       1
       0
       2
       2
       1
       0
       0
       0
       0
       1
       1
       1
       0
       0
       1
       0
       1
       0
       0
       0
       0
       0
       0
       0
       1
       0
       0
       1
       1
       1
       0
       2
       0
       0
       0
       1
       0
       1
       1
       0
       1
       0
       0
       0
       0
       0
       1
       0
       0
       0
       1
       1
       0
       1
       0
       1
       0
       1
       1
       2
       0
       1
       1
       1
       1
       1
       0
       2
       0
       0
       0
       0
       0
       0
       0
       0
       0
       0
       1
       0
       0
       0
       0
       0
       1
       0
       0
       1
       0
       1
       1
       1
       1
       0
       1
       1
       0
       0
       1
       0
       0
       2
       0
       0
       2
       0
       0
       1
       0
       1
       0
       1
       0
       0
       0
       0
       0
       0
       0
       0
       0
       0
       2
       0
       0
       0
       1
       0
       2
       1
       0
       1
       0
       1
       0
       0
       0
       2
       0
       2
       1
       1
       0
       2
       0
       1
       0
       0
       0
       0
       1
       1
       0
       1
       1
       1
       1
       0
       0
       0
       0
       1
       0
       1
       1
       1
       0
       3
       0
       0
       0
       0
       0
       0
       0
       0
       0
       0
       0
       1
       1
       1
       0
       1
       0
       0
       1
       1
       0
       1
       1
       0
       0
       2
       2
       0
       0
       1
       1
       0
       0
       0
       0
       0
       0
       1
       1
       0
       0
       1
       1
       0
       0
       1
       0
       0
       0
       0
       1
       1
       0
       1
       0
       0
       0
       0
       0
       1
       1
       0
       0
       0
       1
       0
       0
       1
       0
       3
       1
       1
       0
       0
       0
       0
       1
       1
       1
       0
       0
       1
       1
       1
       0
       0
       0
       0
       0
       0
       0
       0
       1
       0
       0
       0
       0
       0
       1
       0
       0
       1
       1
       0
       0
       0
       0
       0
       0
       0
       0
       2
       0
       0
       0
       0
       0
       0
       0
       0
       0
       0
       0
       0
       0
       0
       0
       1
       0
       0
       0
       0
       0
       0
       1
       0
       2
       0
       0
       0
       1
       0
       0
       1
       1
       0
       1
       0
       1
       2
       1
       1
       0
       0
       1
       0
       0
       1
       1
       0
       0
       0
       0
       1
       0
       0
       0
       1
       0
       1
       1
       1
       0
       0
       2
       2
       1
       0
       0
       0
       0
       1
       2
       0
       1
       0
       0
       0
       0
       0
       0
       0
       0
       2
       0
       0
       0
       0
       0
       0
       1
       0
       1
       1
       2
       1
       2
       1
       5
       3
       4
       4
       8
       3
       2
       0
       1
       2
       1
       0
       0
       1
       0
       0
       0
       0
       0
       0
       1
       0
       0
       0
       0
       0
       0
       0
       1
       0
       0
       0
       0
       0
       1
       1
       1
       1
       1
       1
       0
       0
       1
       2
       0
       0
       0
       0
       0
       0
       0
       0
       1
       0
       0
       1
       0
       0
       0
       0
       1
       2
       0
       0
       0
       1
       0
       0
       0
       1
       0
       0
       0
       0
       0
       0
       0
       2
       0
       0
       1
       0
       1
       0
       0
       1
       0
       0
       0
       0
       0
       0
       1
       0
       1
       0
       1
       0
       2
       0
       0
       1
       0
       1
       1
       1
       0
       0
       0
       1
       0
       0
       1
       0
       2
       2
       0
       1
       1
       0
       0
       0
       2
       0
       0
       0
       0
       1
       0
       0
       0
       0
       0
       0
       0
       0
       0
       2
       0
       1
       0
       0
       0
       1
       0
       0
       0
       0
       0
       1
       0
       0
       0
       0
       0
       0
       0
       0
       0
       0
       0
       2
       0
       0
       0
       1
       0
       1
       0
       0
       1
       0
       0
       1
       0
       0
       1
       1
       1
       0
       0
       1
       0
       1
       0
       0
       0
       0
       2
       0
       0
       1
       1
       0
       0
       0
       0
       0
       0
       1
       0
       1
       0
       0
       1
       0
       2
       0
       2
       0
       0
       0
       0
       0
       1
       0
       0
       0
       1
       1
       1
       1
       0
       0
       1
       0
       3
       0
       0
       1
       1
       1
       0
       0
       0
       0
       0
       0
       1
       0
       2
       1
       0
       0
       0
       1
       1
       3
       0
       0
       0
       0
       0
       2
       1
       0
       0
       0
       1
       0
       3
       0
       0
       0
       0
       0
       0
       0
       0
       0
       1
       1
       1
       0
       1
       0
       0
       0
       0
       0
       0
       1
       1
       0
       0
       0
       0
       0
       0
       0
       2
       0
       2
       0
       0
       0
       0
       0
       0
       0
       0
       0
       0
       0
       0
       1
       0
       0
       1
       1
       1
       0
       0
       1
       0
       0
       0
       0
       1
       1
       0
       2
       0
       0
       0
       0
       0
       1
       0
       0
       0
       0
       1
       1
       0
       0
       2
       0
       1
       0
       1
       0
       3
       0
       0
       0
       0
       1
       2
       0
       0
       0
       1
       0
       1
       1
       2
       1
       0
       0
       0
       1
       0
       0
       0
       0
       2
       1
       0
       0
       0
       0
       0
       0
       1
       0
       1
       1
       0
       0
       0
       0
       0
       0
       1
       1
       0
       1
       0
       0
       0
       1
       1
       0
       0
       0
       0
       0
       0
       0
       0
       0
       1
       1
       0
       1
       0
       0
       2
       0
       1
       0
       0
       0
       0
       0
       0
       1
       0
       1
       2
       2
       0
       0
       0
       3
       0
       0
       0
       0
       1
       0
       0
       1
       0
       1
       1
       1
       0
       1
       0
       1
       1
       1
       0
       0
       0
       0
       0
       0
       1
       2
       1
       0
       0
       0
       2
       2
       2
       1
       0
       3
       0
       0
       3
       1
       0
       0
       0
       0
       2
       0
       0
       0
       0
       0
       1
       0
       1
       1
       0
       1
       1
       0
       0
       0
       0
       0
       0
       0
       0
       1
       0
       1
       0
       1
       0
       0
       0
       1
       0
       0
       0
       0
       1
       0
       0
       0
       1
       0
       2
       2
       0
       1
       1
       0
       1
       3
       1
       0
       0
       0
       1
       1
       0
       0
       1
       0
       0
       0
       0
       0
       1
       1
       0
       0
       0
       0
       0
       0
       0
       0
       0
       0
       1
       1
       0
       0
       1
       0
       1
       0
       0
       0
       0
       0
       1
       1
       1
       0
       0
       1
       1
       1
       0
       1
       0
       2
       0
       0
       0
       0
       0
       2
       0
       0
       0
       0
       0
       0
       1
       0
       0
       0
       0
       0
       2
       0
       0
       0
       0
       1
       1
       0
       0
       0
       0
       0
       0
       0
       1
       0
       0
       1
       0
       0
       0
       0
       0
       0
       0
       1
       1
       1
       0
       1
       0
       0
       1
       2
       1
       0
       0
       0
       0
       1
       1
       0
       0
       0
       0
       0
       2
       0
       0
       0
       0
       1
       0
       1
       1
       1
       0
       1
       0
       0
       1
       0
       0
       0
       0
       1
       0
       0
       1
       0
       0
       0
       0
       1
       0
       0
       0
       0
       0
       0
       1
       0
       0
       0
       0
       1
       0
       0
       0
       0
       0
       1
       0
       0
       0
       0
       0
       0
       0
       0
       0
       0
       0
       0
       0
       0
       0
       1
       0
       1
       0
       0
       0
       0
       0
       0
       0
       0
       0
       0
       0
       0
       0
       0
       1
       0
       0
       0
       0
       0
       0
       0
       0
       0
       0
       0
       0
       0
       0
       0
       1
       0
       0
       1
       0
       0
       0
       0
       0
       0
       1
       1
       0
       0
       0
       0
       0
       0
       0
       0
       0
       1
       0
       1
       0
       1
       0
       0
       0
       0
       0
       0
       0
       0
       1
       1
       1
       0
       0
       0
       0
       0
       0
       0
       1
       0
       0
       1
       0
       0
       0
       0
       0
       0
       0
       0
       0
       0
       0
       0
       0
       0
       1
       0
       0
       0
       0
       0
       0
       0
       1
       0
       0
       0
       0
       0
       0
       0
       0
       0
       0
       0
       0
       0
       0
       1
       0
       0
       0
       0
       1
       0
       0
       2
       0
       0
       0
       0
       0
       0
       0
       0
       0
       0
       0
       0
       0
       0
       0
       0
       0
       0
       0
       0
       0
       0
       0
       0
       0
       0
       0
       0
       1
       0
       1
       0
       0
       0
       0
       1
       0
       0
       0
       0
       0
       0
       0
       0
       0
       0
       0
       1
       0
       0
       0
       0
       0
       0
       0
       0
       0
       0
       0
       0
       0
       0
       0
       0
       0
       0
       0
       0
       0
       0
       0
       0
       0
       0
       0
       0
       1
       0
       0
       0
       0
       0
       0
       0
       0
       0
       0
       0
       0
       0
       0
       0
       0
       0
       0
       0
       0
       0
       0
       0
       0
       0
       1
       0
       0
       0
       0
       0
       0
       1
       0
       0
       0
       0
       0
       0
       0
       0
       1
       1
       0
       0
       0
       1
       0
       0
       0
       0
       0
       1
       0
       0
       0
       0
       0
       0
       0
       0
       0
       0
       1
       0
       0
       1
       0
       0
       0
       0
       0
       0
       0
       0
       0
       0
       0
       0
       1
       0
       0
       0
       0
       0
       0
       0
       0
       0
       0
       0
       0
       0
       0
       0
       0
       0
       0
       0
       0
       0
       1
       0
       0
       0
       0
       0
       0
       0
       1
       0
       1
       0
       0
       1
       0
       0
       0
       0
       0
       0
       0
       0
       0
       0
       0
       0
       0
       0
       0
       0
       0
       0
       0
       0
       0
       0
       0
       0
       0
       0
       0
       0
       0
       0
       0
       0
       0
       0
       0
       0
       0
       0
       0
       0
       0
       0
       0
       0
       1
       0
       0
       0
       0
       1
       0
       0
       0
       0
       3
       2
       1
       1
       7
      11
       8
       8
       5
      15
      11
      21
      13
      14
      12
      10
       3
       2
       3
       2
       2
       1
       0
       0
       1
       0
       1
       0
       0
       0
       0
       0
       0
       0
       0
       0
       0
       1
       0
       1
       0
       0
       0
       0
       0
       0
       0
       0
       0
       0
       0
       0
       0
       1
       0
       0
       0
       0
       0
       0
       0
       0
       0
       0
       1
       0
       0
       0
       0
       0
       0
       0
       0
       0
       0
       0
       0
       0
       1
       0
       1
       0
       0
       0
       0
       0
       0
       0
       0
       0
       0
       0
       0
       0
       0
       0
       0
       0
       0
       0
       0
       0
       0
       0
       0
       0
       0
       0
       0
       0
       0
       0
       0
       0
       0
       0
       0
       0
       0
       0
       0
       1
       0
       0
       0
       0
       0
       0
       0
       0
       0
       0
       0
       0
       0
       0
       0
       0
       0
       0
       0
       0
       0
       0
       0
       0
       0
       0
       0
       1
       2
       2
       1
       1
       0
       0
       0
       1
       1
       0
       0
       0
       0
       0
       0
       0
       0
       0
       0
       0
       0
       0
       0
       0
       0
       0
       0
       0
       0
       0
       0
       0
       0
       0
       0
       0
       0
       0
       0
       0
       0
       0
       0
       0
       0
       0
       0
       0
       0
       0
       0
       1
       0
       0
       0
       0
       0
       0
       0
       0
       0
       0
       0
       0
       0
       0
       0
       0
       0
       0
       0
       1
       0
       0
       0
       0
       0
       0
       0
       0
       0
       0
       0
       0
       0
       0
       0
       0
       0
       0
       0
       0
       0
       0
       0
       0
       0
       0
       0
       0
       0
       0
       0
       0
       0
       0
       0
       0
       0
       0
       0
       0
       0
       0
       0
       0
       0
       0
       0
       1
       0
       0
       0
       0
       0
       0
       0
       0
       0
       0
       0
       0
       0
       0
       0
       0
       0
       0
       0
       0
       0
       0
       0
       0
       0
       0
       0
       0
       0
       0
       0
       0
       0
       1
       0
       0
       0
       0
       0
       0
       0
       0
       0
       0
       0
       0
       0
       0
       0
       0
       1
       0
       0
       0
       0
       0
       0
       0
       0
       0
       0
       0
       0
       0
       0
       0
       0
       0
       0
       0
       0
       0
       0
       0
       0
       0
       0
       0
       0
       0
       0
       0
       0
       0
       0
       0
       0
       0
       0
       0
       0
       0
       0
       0
       0
       0
       0
       0
       0
       0
       0
       0
       0
       0
       0
       0
       0
       0
       0
       1
       0
       0
       0
       0
       0
       0
       0
       0
       0
       0
       0
       0
       0
       0
       0
       0
       0
       0
       0
       0
       0
       0
       0
       0
       0
       0
       0
       0
       0
       0
       0
       0
       0
       0
       0
       0
       0
       0
       0
       0
       0
       0
       0
       0
       0
       0
       0
       0
       0
       0
       0
       0
       0
       0
       0
       0
       0
       0
       0
       0
       1
       0
       0
       0
       0
       0
       0
       0
       0
       0
       0
       0
       0
       0
       0
       0
       0
       0
       0
       0
       0
       0
       0
       0
       0
       0
       0
       0
       0
       0
       0
       0
       0
       0
       1
       1
       0
       0
       0
       0
       0
       0
       0
       0
       0
       0
       0
       0
       0
       0
       0
       0
       0
       0
       0
       0
       0
       0
       0
       0
       0
       0
       0
       0
       0
       0
       0
       0
       0
       0
       0
       0
       0
       0
       0
       0
       0
       0
       0
       0
       0
       0
       0
       0
       0
       0
       0
       0
       0
       0
       0
       0
       0
       0
       0
       0
       0
       0
       0
       0
       0
       0
       0
       0
       0
       1
       0
       0
       0
       0
       0
       0
       0
       0
       0
       0
       0
       0
       0
       0
       0
       0
       0
       0
       0
       0
       0
       0
       0
       0
       0
       0
       0
       0
       0
       0
       0
       0
       0
       0
       1
       0
       0
       0
       0
       0
       0
       0
       0
       0
       0
       0
       0
       0
       0
       0
       0
       1
       0
       0
       0
       0
       0
       0
       1
       0
       0
       0
       0
       0
       0
       0
       0
       0
       0
       0
       0
       0
       0
       0
       0
       0
       0
       0
       0
       0
       0
       0
       0
       0
       0
       0
       1
       0
       0
       0
       0
       0
       0
       0
       0
       0
       0
       0
       0
       0
       0
       0
       0
       0
       0
       1
       0
       0
       0
       0
       0
       0
       0
       0
       0
       0
       0
       0
       0
       0
       0
       0
       0
       0
       0
       0
       0
       0
       0
       0
       0
       0
       0
       0
       0
       0
       0
       0
       0
       0
       0
       1
       0
       0
       0
       0
       0
       0
       0
       0
       0
       0
       0
       0
       0
       0
       0
       0
       0
       0
       0
       0
       0
       0
       0
       0
       0
       0
       0
       0
       0
       0
       0
       0
       0
       0
       0
       0
       0
       0
       0
       0
       0
       0
       0
       0
       0
       0
       0
       0
       0
       0
       0
       0
       0
       0
       0
       0
       0
       0
       0
       0
       0
       0
       0
       0
       0
       0
       0
       0
       0
       0
       0
       0
       0
       0
       0
       0
       0
       0
       0
       0
       0
       1
       0
       0
       0
       0
       0
       0
       0
       0
       0
       0
       1
       0
       0
       0
       0
       0
       0
       0
       1
       0
       0
       0
       0
       0
       0
       0
       0
       0
       0
       0
       0
       0
       0
       0
       0
       0
       0
       0
       0
       0
       0
       0
       0
       0
       1
       0
       0
       0
       0
       0
       0
       0
       0
       0
       0
       0
       0
       0
       0
       0
       0
       0
       0
       0
       0
       0
       0
       0
       0
       0
       0
       0
       0
       0
       0
       0
       0
       0
       0
       0
       0
       1
       0
       0
       0
       0
       0
       0
       0
       0
       0
       0
       0
       0
       0
       0
       0
       0
       0
       0
       0
       0
       0
       0
       0
       0
       0
       0
       0
       0
       0
       0
       0
       0
       0
       0
       0
       0
       0
       0
       0
       0
       0
       0
       0
       0
       0
       0
       0
       0
       0
       0
       0
       0
       0
       0
       0
       0
       0
       0
       0
       0
       0
       0
       0
       0
       0
       0
       0
       0
       0
       0
       0
       0
       0
       0
       0
       0
       0
       0
       0
       0
       0
       1
       0
       0
       0
       0
       0
       0
       0
       0
       0
       1
       0
       0
       0
       0
       0
       0
       0
       0
       0
       0
       0
       0
       0
       0
       0
       0
       0
       0
       0
       0
       0
       0
       0
       0
       0
       0
       0
       0
       1
       0
       0
       0
       0
       0
       0
       0
       0
       0
       0
       0
       0
       0
       0
       0
       0
       0
       0
       0
       0
       0
       0
       0
       0
       0
       0
       0
       0
       0
       0
       0
       0
       0
       0
       0
       0
       0
       0
       0
       0
       0
       0
       0
       0
       0
       0
       0
       0
       0
       0
       0
       0
       0
       0
       0
       0
       0
       0
       0
       0
       0
       0
       0
       0
       0
       0
       0
       0
       0
       0
       0
       0
       0
       0
       0
       0
       0
       0
       0
       0
       0
       0
       0
       0
       0
       0
       0
       0
       0
       0
       0
       0
       0
       0
       0
       0
       0
       0
       0
       0
       0
       0
       0
       0
       0
       0
       0
       0
       0
       0
       0
       0
       0
       0
       0
       0
       0
       0
       0
       0
       0
       0
       0
       0
       0
       0
       0
       0
       0
       0
       0
       0
       0
       0
       1
       0
       0
       0
       0
       0
       0
       0
       0
       0
       0
       1
       0
       0
       0
       0
       0
       0
       0
       0
       0
       0
       0
       0
       0
       0
       0
       0
       0
       0
       0
       0
       0
       0
       0
       1
       0
       0
       0
       0
       0
       0
       0
       0
       0
       0
       0
       0
       0
       0
       0
       0
       0
       0
       0
       0
       0
       0
       0
       0
       1
       0
       0
       0
       0
       0
       0
       0
       0
       0
       0
       0
       0
       0
       0
       0
       0
       0
       0
       0
       0
       0
       0
       0
       0
       0
       1
       0
       0
       0
       0
       0
       0
       0
       0
       0
       0
       0
       0
       0
       0
       0
       0
       0
       0
       0
       0
       0
       0
       0
       0
       1
       0
       0
       0
       0
       1
       0
       0
       0
       0
       0
       0
       0
       0
       0
       0
       0
       0
       0
       0
       0
       0
       0
       0
       0
       0
       0
       0
       0
       0
       0
       0
       0
       0
       0
       0
       0
       0
       0
       0
       0
       0
       0
       0
       0
       0
       0
       0
       0
       0
       0
       0
       0
       0
       0
       0
       0
       0
       0
       0
       0
       0
       0
       0
       0
       0
       0
       0
       0
       0
       0
       0
       0
       0
       0
       0
       0
       0
       0
       0
       0
       0
       0
       0
       0
       0
       0
       0
       0
       0
       0
       0
       0
       0
       0
       0
       0
       0
       0
       0
       0
       0
       0
       0
       0
       0
       0
       0
       0
       0
       0
       0
       0
       0
       0
       0
       0
       0
       0
       0
       0
       0
       0
       1
       0
       0
       0
       0
       0
       0
       1
       0
       0
       0
       1
       0
       0
       0
       0
       0
       0
       0
       0
       0
       0
       0
       0
       0
       0
       0
       0
       0
       0
       0
       0
       0
       0
       0
       0
       0
       0
       0
       0
       0
       0
       0
       0
       0
       0
       0
       0
       0
       0
       0
       0
       0
       0
       0
       0
       0
       0
       1
       0
       0
       0
       0
       0
       0
       0
       0
       0
       0
       0
       0
       0
       0
       0
       0
       0
       0
       0
       0
       0
       0
       0
       0
       0
       0
       0
       0
       0
       0
       0
       0
       0
       0
       0
       0
       0
       0
       0
       0
       0
       0
       0
       0
       0
       0
       0
       0
       0
       0
       0
       0
       0
       0
       0
       0
       0
       0
       0
       0
       0
       0
       0
       0
       0
       0
       0
       0
       0
       0
       0
       0
       0
       0
       0
       0
       0
       0
       0
       0
       0
       0
       0
       0
       0
       0
       0
       0
       0
       1
       0
       0
       1
       0
       0
       0
       0
       0
       0
       0
       0
       0
       0
       0
       1
       0
       0
       0
       0
       0
       0
       0
       0
       0
       0
       0
       0
       0
       0
       0
       0
       0
       0
       0
       0
       0
       0
       0
       0
       0
       0
       0
       0
       0
       0
       0
       0
       0
       0
       0
       0
       0
       0
       0
       0
       0
       0
       0
       0
       0
       0
       0
       0
       0
       0
       0
       0
       0
       0
       0
       0
       1
       0
       0
       0
       0
       0
       0
       0
       0
       0
       0
       0
       1
       0
       0
       0
       0
       0
       0
       0
       0
       0
       0
       0
       0
       0
       0
       0
       0
       0
       0
       0
       0
       0
       0
       0
       0
       0
       0
       0
       0
       0
       0
       0
       0
       0
       0
       0
       0
       0
       0
       0
       0
       0
       0
       0
       0
       0
       0
       0
       0
       0
       0
       0
       0
       0
       0
       0
       0
       0
       0
       0
       0
       0
       0
       0
       0
       0
       0
       0
       0
       0
       0
       0
       0
       0
       0
       0
       0
       0
       0
       0
       0
       0
       0
       0
       0
       0
       0
       0
       0
       0
       0
       0
       0
       0
       0
       0
       0
       0
       0
       0
       0
       0
       0
       0
       0
       0
       0
       0
       0
       0
       0
       0
       0
       0
       0
       0
       0
       0
       0
       0
       0
       0
       0
       0
       1
       0
       0
       0
       0
       0
       0
       0
       0
       0
       0
       0
       0
       0
       0
       0
       0
       0
       0
       0
       0
       0
       0
       0
       0
       0
       0
       0
       0
       1
       0
       0
       0
       0
       0
       0
       0
       0
       0
       0
       0
       0
       0
       0
       0
       0
       0
       0
       0
       0
       0
       0
       0
       0
       0
       0
       0
       0
       0
       0
       0
       0
       0
       0
       0
       0
       0
       0
       0
       0
       1
       0
       0
       0
       0
       0
       0
       0
       0
       0
       0
       0
       0
       0
       0
       0
       0
       0
       0
       0
       0
       0
       0
       0
       1
       0
       0
       0
       0
       0
       0
       0
       0
       0
       0
       0
       0
       0
       0
       0
       0
       0
       0
       0
       0
       0
       0
       0
       0
       0
       0
       0
       0
       0
       0
       0
       0
       0
       1
       0
       0
       0
       0
       0
       0
       0
       0
       0
       0
       0
       0
       0
       0
       0
       0
       0
       0
       0
       1
       0
       0
       0
       0
       0
       0
       0
       0
       0
       0
       0
       0
       0
       0
       0
       0
       0
       0
       0
       0
       0
       0
       0
       0
       0
       0
       0
       0
       0
       0
       0
       0
       0
       0
       0
       0
       0
       0
       0
       0
       1
       0
       0
       0
       0
       0
       0
       0
       0
       0
       0
       0
       0
       0
       0
       0
       0
       0
       0
       0
       0
       0
       0
       0
       0
       0
       0
       0
       1
       0
       0
       0
       0
       0
       0
       0
       0
       0
       0
       0
       0
       0
       0
       0
       0
       0
       0
       0
       0
       0
       0
       0
       0
       0
       0
       0
       0
       0
       0
       0
       0
       0
       0
       0
       0
       1
       0
       0
       0
       0
       0
       0
       0
       0
       0
       0
       0
       0
       0
       0
       0
       0
       0
       0
       0
       0
       0
       0
       0
       0
       0
       0
       0
       0
       0
       0
       0
       0
       0
       0
       0
       0
       0
       0
       0
       0
       0
       0
       0
       0
       0
       0
       0
       0
       0
       0
       0
       0
       0
       0
       0
       0
       0
       0
       0
       0
       0
       0
       0
       0
       0
       0
       0
       0
       0
       0
       0
       0
       0
       0
       0
       0
       0
       0
       0
       0
       0
       1
       0
       0
       0
       0
       0
       0
       0
       0
       0
       0
       0
       0
       0
       0
       0
       0
       0
       0
       0
       0
       0
       0
       0
       0
       0
       0
       0
       0
       0
       0
       0
       0
       0
       0
       0
       0
       0
       0
       0
       0
       0
       0
       0
       0
       0
       0
       0
       0
       0
       0
       0
       0
       0
       1
       0
       0
       0
       0
       0
       0
       0
       0
       1
       0
       0
       0
       0
       0
       0
       0
       0
       0
       0
       0
       0
       0
       0
       0
       0
       0
       0
       0
       0
       0
       0
       0
       0
       0
       0
       0
       0
       0
       0
       0
       0
       0
       0
       0
       0
       0
       0
       0
       0
       0
       0
       0
       0
       0
       0
       0
       0
       0
       0
       0
       0
       0
       0
       0
       0
       0
       0
       0
       0
       0
       0
       0
       0
       1
       0
       0
       0
       0
       0
       0
       0
       0
       0
       0
       0
       0
       0
       0
       0
       0
       0
       0
       0
       0
       0
       0
       0
       0
       0
       0
       0
       0
       0
       0
       0
       0
       0
       0
       0
       0
       0
       0
       0
       0
       0
       0
       0
       0
       0
       0
       0
       0
       0
       0
       0
       0
       0
       0
       0
       0
       0
       0
       0
       0
       0
       0
       0
       0
       0
       0
       0
       0
       0
       0
       0
       0
       0
       0
       0
       0
       0
       0
       0
       0
       0
       0
       0
       0
       0
       0
       0
       0
       0
       0
       0
       0
       0
       0
       0
       0
       0
       0
       0
       0
       0
       0
       0
       0
       0
       0
       0
       0
       0
       0
       0
       0
       0
       0
       0
       0
       0
       0
       0
       0
       0
       0
       0
       0
       0
       0
       0
       0
       0
       0
       0
       0
       0
       0
       0
       0
       0
       0
       0
       0
       0
       0
       0
       0
       0
       0
       0
       0
       0
       0
       0
       0
       0
       0
       0
       0
       0
       0
       0
       0
       0
       0
       0
       0
       0
       0
       0
       0
       0
       0
       0
       0
       0
       0
       0
       0
       0
       0
       0
       0
       0
       0
       0
       0
       0
       0
       0
       0
       0
       0
       0
       0
       0
       0
       0
       0
       0
       0
       0
       0
       0
       0
       0
       0
       0
       0
       0
       0
       0
       0
       0
       0
       0
       0
       0
       0
       0
       0
       0
       0
       0
       0
       0
       0
       0
       0
       0
       0
       0
       0
       0
       0
       0
       0
       0
       0
       0
       0
       0
       0
       0
       0
       0
       0
       0
       0
       0
       0
       0
       0
       0
       0
       0
       0
       0
       0
       0
       0
       0
       0
       0
       0
       0
       0
       0
       0
       0
       0
       0
       0
       0
       0
       0
       0
       0
       0
$ROI:
5
1307 1315
2358 2380
2419 2430
2765 2788
2820 2882
$PRESETS:
None
0
0
$ENER_FIT:
0.089641 0.383673
$MCA_CAL:
3
8.964116E-002 3.836726E-001 4.212444E-008 keV
$SHAPE_CAL:
3
2.481216E+000 9.895641E-004 3.457022E-008
