$SPEC_ID:
Cs137
$SPEC_REM:
DET# 2
DETDESC# DETECTOR 2
AP# Maestro Version 7.01
$DATE_MEA:
03/01/2017 16:00:04
$MEAS_TIM:
2319 2325
$DATA:
0 8191
       0
       0
       0
       0
       0
       0
       0
       0
       0
       0
       0
       0
       0
       0
       0
       0
       0
       0
       0
       0
       0
       0
       0
       0
       0
       0
       0
       0
       0
       0
       0
       0
       0
       0
       0
       0
       0
       0
       0
       0
       0
       0
       0
       0
       0
       0
       0
       0
       0
       0
       0
       0
       0
       0
       0
       0
       0
       0
       0
       0
       0
       0
       0
       0
       0
       0
       0
       0
       0
       0
       0
       0
       0
       0
       0
       0
       0
       0
       0
       0
       0
       0
       0
       0
       0
       0
       0
       0
       0
       0
       0
       0
       0
       0
       0
       0
       6
     113
     168
     190
     147
     165
     167
     180
     183
     182
     159
     179
     171
     155
     187
     187
     178
     188
     191
     176
     161
     172
     184
     175
     183
     167
     195
     187
     182
     199
     206
     198
     168
     208
     205
     206
     185
     200
     199
     204
     193
     176
     230
     214
     183
     184
     201
     179
     186
     206
     195
     203
     212
     247
     200
     245
     231
     245
     205
     213
     237
     217
     228
     255
     225
     247
     276
     249
     227
     213
     256
     263
     240
     249
     257
     262
     232
     237
     234
     276
     229
     271
     279
     279
     243
     255
     289
     257
     267
     412
     736
     990
     760
     422
     346
     668
    1325
    1559
     898
     365
     246
     234
     204
     224
     209
     224
     206
     218
     219
     236
     198
     219
     216
     217
     191
     242
     236
     230
     237
     250
     365
     608
     724
     608
     365
     272
     230
     298
     369
     398
     314
     242
     216
     185
     197
     225
     201
     232
     209
     207
     231
     212
     245
     220
     211
     237
     209
     246
     196
     192
     215
     245
     214
     246
     222
     220
     246
     227
     218
     238
     206
     212
     236
     206
     231
     224
     228
     231
     218
     217
     232
     212
     232
     213
     215
     202
     220
     232
     263
     231
     233
     200
     237
     204
     244
     233
     253
     200
     247
     252
     232
     245
     243
     244
     219
     242
     207
     248
     250
     240
     238
     240
     224
     210
     227
     268
     244
     264
     238
     259
     231
     256
     239
     256
     231
     233
     247
     254
     230
     256
     265
     247
     257
     254
     249
     237
     258
     223
     289
     232
     245
     225
     228
     273
     258
     233
     252
     249
     263
     249
     243
     245
     263
     261
     244
     245
     274
     255
     253
     263
     282
     238
     254
     248
     254
     231
     241
     262
     253
     253
     245
     251
     251
     263
     272
     251
     257
     241
     256
     253
     263
     236
     265
     237
     258
     228
     254
     252
     286
     239
     253
     244
     267
     261
     256
     278
     259
     248
     240
     262
     247
     233
     272
     281
     269
     276
     266
     235
     216
     259
     240
     262
     269
     239
     263
     239
     262
     262
     277
     260
     260
     240
     257
     280
     297
     341
     278
     273
     242
     281
     264
     240
     256
     244
     259
     253
     236
     253
     257
     255
     255
     251
     281
     255
     260
     263
     224
     249
     236
     282
     241
     256
     249
     302
     287
     286
     322
     310
     272
     307
     296
     298
     318
     299
     271
     302
     297
     297
     325
     318
     317
     290
     291
     319
     321
     314
     287
     309
     312
     300
     309
     287
     259
     319
     266
     282
     298
     303
     314
     300
     294
     307
     305
     315
     274
     300
     317
     314
     314
     283
     297
     300
     294
     283
     314
     291
     284
     273
     283
     298
     289
     280
     297
     321
     293
     336
     291
     302
     272
     290
     259
     313
     305
     306
     285
     304
     303
     298
     302
     297
     325
     299
     302
     341
     298
     303
     297
     291
     310
     279
     294
     282
     297
     293
     276
     338
     295
     297
     298
     294
     288
     277
     278
     273
     280
     265
     272
     289
     288
     294
     301
     294
     244
     276
     287
     313
     270
     286
     262
     284
     300
     258
     263
     279
     256
     265
     257
     295
     258
     282
     301
     280
     262
     262
     291
     281
     289
     305
     265
     288
     251
     276
     258
     268
     251
     258
     253
     308
     245
     262
     258
     257
     285
     266
     218
     270
     266
     245
     295
     265
     283
     253
     239
     263
     259
     264
     280
     293
     269
     237
     238
     303
     267
     244
     275
     258
     264
     256
     281
     277
     247
     281
     288
     227
     277
     245
     298
     244
     261
     242
     302
     284
     257
     304
     274
     299
     271
     262
     264
     279
     280
     249
     248
     258
     258
     267
     235
     265
     270
     267
     273
     260
     242
     215
     255
     254
     244
     256
     228
     234
     250
     242
     255
     239
     245
     219
     205
     253
     279
     232
     231
     243
     243
     237
     252
     250
     225
     219
     208
     228
     244
     248
     240
     231
     233
     267
     239
     196
     228
     234
     240
     216
     189
     208
     197
     218
     225
     223
     229
     227
     212
     191
     222
     205
     202
     204
     219
     220
     231
     202
     185
     199
     211
     176
     208
     182
     186
     185
     211
     206
     195
     204
     190
     193
     194
     189
     201
     200
     183
     216
     191
     199
     191
     212
     180
     172
     177
     194
     189
     195
     189
     168
     203
     190
     173
     175
     192
     199
     191
     204
     212
     167
     195
     194
     180
     210
     200
     167
     183
     197
     185
     179
     192
     216
     195
     173
     214
     184
     189
     189
     173
     172
     189
     178
     158
     189
     187
     190
     203
     183
     168
     199
     181
     191
     162
     160
     196
     193
     159
     184
     150
     174
     184
     166
     191
     199
     190
     196
     182
     183
     173
     173
     182
     183
     199
     188
     196
     173
     193
     154
     178
     191
     162
     193
     190
     187
     180
     187
     204
     204
     167
     178
     194
     175
     183
     174
     215
     187
     206
     195
     173
     190
     209
     170
     167
     192
     169
     184
     190
     177
     179
     180
     210
     183
     205
     161
     183
     178
     197
     194
     188
     201
     193
     196
     182
     180
     185
     191
     197
     187
     185
     192
     181
     202
     170
     186
     203
     173
     189
     172
     192
     175
     176
     159
     172
     178
     169
     155
     162
     153
     152
     133
     160
     151
     157
     164
     130
     152
     153
     114
     135
     132
     120
     108
     125
     123
     127
     133
     111
     128
     129
     123
     117
     110
     125
     123
     119
     128
     119
     101
     118
     122
     116
     114
     113
     111
     123
     105
     100
     110
     112
     103
     127
      92
     111
     107
     126
      92
     123
     116
     105
     100
      91
     105
     116
     109
      92
      93
     105
     107
     116
     106
      91
     105
      76
      97
     107
      93
     111
      92
      95
      97
      97
      88
     103
      97
      85
      93
     100
     105
      82
     109
     112
     102
      90
      91
      93
      91
      94
     100
      85
      94
      99
      92
      77
     113
     113
      89
     102
      92
      82
      73
      79
      90
      85
      89
      75
      82
      85
      75
      88
      88
     100
      72
      99
      92
      95
      84
      84
      96
      83
      99
      83
      91
      78
      83
      68
      74
      88
      83
      77
      73
      80
      81
      76
      72
      78
      75
     104
      77
      77
      74
      75
      79
      64
      64
      65
      69
      98
      74
      62
      67
      90
      77
      74
      69
      81
      65
      62
      76
      73
      74
      65
      62
      60
      69
      63
      66
      72
      53
      73
      83
      81
      86
      56
      63
      64
      58
      78
      63
      69
      62
      81
      66
      77
      73
      69
      82
      61
      68
      50
      62
      78
      70
      81
      58
      66
      77
      70
      60
      77
      50
      75
      82
      58
      52
      63
      61
      53
      57
      63
      66
      57
      52
      57
      66
      66
      61
      55
      70
      60
      64
      52
      67
      63
      56
      63
      58
      55
      58
      73
      60
      43
      62
      54
      48
      53
      69
      50
      62
      72
      59
      79
      51
      61
      52
      56
      66
      62
      49
      53
      56
      55
      57
      55
      56
      71
      63
      58
      65
      59
      47
      58
      57
      48
      48
      60
      58
      58
      61
      67
      63
      49
      60
      54
      67
      64
      48
      59
      47
      59
      61
      62
      52
      58
      58
      48
      41
      60
      62
      51
      66
      47
      58
      56
      50
      70
      61
      44
      54
      49
      57
      51
      51
      53
      63
      59
      52
      56
      72
      51
      61
      70
      58
      60
      44
      70
      53
      51
      59
      58
      39
      43
      53
      43
      55
      49
      62
      60
      60
      63
      52
      51
      55
      51
      55
      58
      52
      69
      57
      49
      49
      56
      46
      50
      47
      61
      54
      57
      53
      59
      59
      62
      52
      46
      60
      63
      66
      73
      56
      58
      45
      50
      56
      53
      52
      67
      44
      57
      56
      50
      46
      64
      65
      46
      52
      46
      56
      54
      65
      57
      39
      57
      58
      53
      52
      57
      47
      57
      46
      64
      66
      51
      47
      53
      49
      46
      54
      47
      51
      55
      54
      56
      56
      53
      44
      48
      60
      50
      56
      65
      61
      61
      65
      48
      64
      42
      48
      65
      51
      57
      66
      49
      56
      60
      69
      46
      78
      82
      99
     137
     192
     386
     628
    1083
    1830
    2743
    3759
    4944
    5480
    5421
    4663
    3672
    2520
    1650
     972
     606
     328
     171
     109
      81
      66
      57
      52
      53
      40
      43
      49
      49
      34
      29
      50
      42
      33
      40
      50
      64
      44
      42
      48
      50
      40
      39
      40
      33
      50
      52
      50
      43
      45
      43
      45
      46
      51
      51
      36
      40
      44
      37
      29
      46
      38
      45
      41
      45
      29
      32
      53
      42
      41
      38
      43
      33
      49
      58
      44
      36
      30
      50
      37
      43
      45
      40
      45
      28
      50
      45
      43
      46
      58
      44
      36
      39
      27
      43
      39
      42
      48
      46
      39
      44
      40
      48
      55
      34
      37
      50
      46
      41
      55
      43
      39
      40
      32
      45
      43
      39
      59
      58
      35
      47
      40
      46
      46
      38
      44
      38
      47
      37
      42
      44
      34
      40
      29
      42
      55
      50
      32
      45
      49
      40
      37
      44
      39
      56
      44
      35
      52
      41
      40
      52
      35
      47
      50
      30
      42
      40
      54
      47
      33
      41
      37
      48
      46
      49
      46
      27
      54
      49
      43
      32
      32
      40
      35
      41
      40
      45
      44
      37
      45
      38
      41
      51
      39
      37
      45
      44
      40
      39
      43
      38
      40
      38
      48
      38
      45
      51
      44
      38
      43
      40
      43
      40
      58
      60
      43
      44
      45
      35
      46
      56
      48
      42
      43
      45
      45
      40
      35
      36
      49
      34
      49
      38
      50
      65
      41
      50
      48
      43
      42
      39
      39
      56
      35
      38
      48
      43
      39
      44
      44
      47
      47
      45
      38
      36
      42
      47
      44
      39
      45
      51
      31
      46
      41
      47
      53
      40
      42
      39
      46
      39
      31
      49
      52
      39
      49
      56
      38
      34
      42
      36
      55
      53
      42
      49
      62
      47
      46
      37
      42
      43
      57
      32
      55
      39
      54
      37
      48
      29
      38
      39
      41
      41
      44
      54
      60
      44
      31
      58
      48
      46
      59
      35
      45
      50
      52
      40
      58
      51
      35
      52
      48
      45
      55
      45
      50
      53
      47
      41
      39
      41
      45
      39
      52
      54
      44
      57
      42
      46
      46
      45
      46
      36
      36
      44
      38
      39
      41
      40
      36
      44
      52
      40
      42
      39
      47
      47
      47
      45
      51
      62
      52
      50
      44
      44
      45
      53
      39
      47
      52
      43
      40
      51
      50
      41
      36
      53
      59
      53
      59
      46
      52
      39
      42
      38
      43
      49
      42
      42
      44
      53
      65
      61
      45
      42
      45
      51
      51
      47
      60
      45
      53
      44
      43
      43
      42
      41
      44
      36
      42
      41
      46
      36
      44
      53
      46
      36
      54
      56
      50
      48
      51
      38
      59
      49
      49
      50
      66
      44
      47
      49
      49
      48
      48
      47
      59
      51
      44
      58
      46
      51
      50
      57
      42
      57
      48
      37
      65
      44
      42
      50
      50
      49
      55
      42
      54
      60
      64
      56
      53
      61
      46
      72
      57
      60
      39
      46
      64
      61
      76
      62
      57
      48
      51
      50
      61
      58
      50
      66
      50
      51
      57
      45
      43
      50
      45
      58
      56
      52
      50
      47
      47
      57
      60
      57
      47
      42
      41
      61
      49
      44
      50
      56
      53
      45
      50
      55
      56
      57
      60
      57
      46
      55
      50
      50
      52
      52
      53
      52
      40
      67
      39
      45
      59
      54
      40
      49
      58
      56
      72
      67
      60
      46
      52
      52
      68
      59
      56
      64
      42
      63
      51
      51
      56
      55
      49
      48
      54
      53
      75
      56
      59
      64
      46
      62
      56
      59
      42
      53
      47
      62
      57
      55
      64
      64
      76
      58
      68
      63
      53
      52
      53
      62
      54
      57
      46
      63
      67
      55
      53
      64
      61
      55
      60
      67
      65
      56
      74
      71
      62
      75
      49
      67
      60
      57
      47
      59
      62
      59
      63
      53
      60
      55
      45
      81
      55
      86
      49
      71
      63
      51
      63
      56
      61
      48
      63
      53
      54
      64
      63
      67
      71
      59
      61
      66
      66
      51
      61
      58
      60
      44
      58
      54
      72
      67
      56
      60
      74
      64
      60
      53
      59
      83
      63
      57
      62
      70
      65
      77
      71
      66
      73
      60
      68
      71
      72
      69
      48
      55
      66
      65
      59
      60
      60
      57
      73
      73
      56
      70
      56
      66
      53
      59
      60
      70
      59
      68
      73
      64
      65
      57
      65
      78
      75
      72
      62
      70
      62
      49
      67
      61
      62
      65
      63
      63
      67
      58
      78
      65
      66
      71
      62
      55
      58
      56
      54
      69
      55
      48
      54
      57
      59
      62
      66
      68
      55
      54
      49
      51
      50
      55
      59
      47
      57
      48
      31
      41
      53
      50
      36
      52
      42
      43
      38
      45
      38
      44
      50
      46
      34
      43
      49
      33
      39
      39
      36
      42
      42
      37
      46
      46
      41
      52
      39
      48
      40
      39
      44
      35
      32
      49
      45
      47
      37
      48
      47
      50
      43
      43
      47
      65
      55
      46
      59
      46
      39
      34
      47
      47
      37
      38
      42
      32
      41
      40
      51
      40
      31
      42
      39
      39
      30
      45
      31
      36
      39
      51
      50
      37
      43
      48
      38
      47
      49
      36
      41
      36
      34
      41
      42
      32
      40
      46
      32
      36
      33
      40
      30
      40
      51
      37
      27
      34
      43
      42
      27
      35
      34
      43
      43
      43
      37
      36
      38
      42
      36
      49
      35
      28
      44
      31
      31
      31
      29
      31
      46
      36
      34
      33
      39
      43
      27
      44
      34
      35
      35
      35
      28
      34
      33
      29
      41
      45
      27
      37
      32
      35
      30
      37
      42
      37
      38
      32
      31
      29
      42
      21
      40
      34
      39
      36
      25
      28
      36
      36
      36
      31
      26
      33
      27
      36
      22
      33
      22
      24
      36
      34
      38
      27
      24
      29
      37
      35
      32
      35
      38
      35
      30
      31
      29
      39
      39
      29
      20
      41
      37
      27
      22
      27
      21
      35
      32
      38
      36
      37
      34
      30
      23
      33
      29
      22
      32
      27
      22
      33
      32
      28
      33
      26
      35
      29
      34
      33
      26
      28
      28
      31
      36
      18
      21
      31
      17
      27
      20
      35
      28
      32
      19
      24
      16
      35
      28
      28
      17
      19
      31
      27
      35
      19
      23
      32
      26
      28
      28
      19
      26
      25
      34
      25
      29
      31
      20
      21
      34
      19
      18
      37
      33
      59
      67
     107
     168
     218
     252
     228
     165
     109
      54
      43
      25
      23
      28
      34
      27
      16
      25
      27
      26
      26
      21
      27
      30
      27
      24
      11
      27
      27
      22
      28
      21
      22
      18
      28
      23
      26
      18
      26
      20
      27
      27
      24
      28
      29
      25
      32
      28
      24
      23
      20
      19
      23
      21
      29
      32
      26
      22
      23
      28
      23
      22
      26
      29
      34
      19
      23
      24
      27
      23
      29
      18
      26
      26
      23
      21
      27
      26
      23
      20
      23
      34
      16
      17
      18
      22
      21
      17
      24
      32
      17
      32
      22
      19
      20
      20
      30
      25
      15
      21
      20
      31
      31
      44
      51
      56
      41
      50
      33
      32
      23
      24
      25
      26
      22
      22
      20
      28
      25
      24
      19
      26
      24
      27
      26
      23
      23
      23
      30
      28
      21
      30
      22
      24
      19
      29
      23
      31
      27
      27
      30
      49
      66
      84
     146
     188
     268
     224
     167
     116
      76
      54
      25
      27
      26
      24
      25
      27
      23
      28
      29
      31
      26
      18
      31
      24
      19
      23
      24
      17
      27
      22
      29
      23
      30
      31
      31
      27
      26
      21
      31
      26
      22
      21
      38
      28
      27
      24
      21
      33
      35
      25
      24
      21
      28
      35
      24
      22
      25
      28
      26
      25
      22
      23
      30
      22
      33
      28
      24
      23
      25
      37
      32
      19
      24
      27
      27
      34
      23
      29
      28
      25
      21
      25
      24
      22
      20
      23
      33
      29
      27
      22
      23
      26
      32
      30
      24
      28
      41
      47
      68
     126
     277
     505
     877
    1488
    2160
    2676
    2766
    2391
    1559
     834
     412
     133
      72
      39
      20
      16
      27
      32
      25
      19
      26
      21
      22
      31
      26
      37
      25
      30
      27
      31
      34
      23
      23
      22
      24
      35
      33
      23
      29
      23
      23
      40
      28
      23
      23
      28
      26
      23
      24
      17
      31
      28
      23
      27
      26
      27
      24
      30
      23
      28
      18
      25
      30
      27
      30
      39
      36
      24
      24
      31
      24
      18
      32
      25
      21
      29
      24
      24
      20
      30
      39
      22
      37
      31
      34
      34
      21
      25
      21
      27
      20
      37
      32
      33
      33
      25
      27
      29
      34
      19
      25
      31
      29
      25
      26
      25
      26
      20
      26
      32
      29
      26
      43
      22
      33
      28
      27
      32
      30
      35
      24
      27
      25
      31
      30
      32
      31
      15
      34
      21
      39
      28
      25
      30
      23
      23
      30
      22
      29
      27
      22
      29
      42
      33
      26
      28
      20
      34
      37
      29
      29
      30
      20
      35
      34
      36
      28
      33
      35
      32
      30
      33
      32
      32
      27
      32
      35
      39
      38
      33
      42
      28
      36
      24
      25
      22
      30
      33
      25
      27
      21
      40
      35
      26
      32
      32
      30
      26
      23
      38
      29
      50
      36
      37
      40
      35
      39
      38
      35
      22
      34
      30
      29
      35
      22
      30
      37
      31
      32
      30
      31
      29
      29
      33
      25
      35
      27
      26
      38
      47
      33
      50
      40
      32
      39
      34
      28
      39
      35
      34
      44
      36
      33
      23
      40
      41
      36
      33
      36
      28
      34
      29
      35
      37
      20
      37
      39
      28
      28
      56
      33
      36
      32
      49
      33
      40
      37
      40
      32
      31
      40
      25
      24
      42
      45
      45
      34
      27
      34
      47
      40
      29
      43
      30
      35
      33
      34
      39
      35
      40
      33
      37
      32
      34
      33
      46
      35
      39
      30
      35
      40
      31
      28
      40
      36
      33
      35
      35
      42
      31
      29
      31
      21
      35
      30
      22
      16
      23
      31
      29
      21
      21
      21
      17
      28
      25
      17
      27
      16
      30
      22
      16
      17
      30
      22
      30
      17
      23
      19
      22
      27
       9
      29
      27
      26
      22
      22
      30
      19
      24
      22
      24
      28
      14
      21
      26
      23
      26
      15
      13
      30
      28
      38
      45
      69
      91
     132
     144
     163
     176
     155
     118
      44
      40
      25
      27
      28
      16
      21
      17
      25
      15
      22
      24
      18
      16
       9
      16
      13
      19
      24
      13
      20
      14
      24
      12
      16
      13
      15
      17
      26
      15
      23
      14
      16
      23
      16
      21
      27
      14
      16
      20
      18
      18
      22
      16
      21
      18
      15
      20
      16
      21
      14
      16
      15
      16
      20
      15
      16
      17
      20
      11
      19
      14
      20
      23
      15
      10
      19
      19
      21
      21
      14
      20
      15
      20
      19
      16
       8
      14
      14
      20
      16
      17
      15
      12
      18
      15
      15
      15
      19
      16
      17
      32
      17
      14
      12
      16
      18
      17
       9
      11
      10
      16
      12
      11
      15
      19
      16
      15
       9
      11
      12
      16
      10
      20
      18
      12
      12
      28
      17
      10
       8
       9
      11
      13
      19
       8
      12
      19
      11
       9
       7
      15
      13
       8
       8
       8
       9
      15
      11
       9
      18
      14
      15
      19
       5
      12
      10
      13
       5
      12
      13
       9
      13
       8
      10
      15
       8
      20
       4
      19
      11
      12
      10
      12
       8
       5
       5
       6
      10
      13
       9
       7
       6
       8
       8
       9
       9
       3
       8
       7
      10
      10
       6
       8
       7
      14
       8
      12
       6
       5
       7
       2
       4
       6
       8
       6
       7
       4
       6
       4
       9
       9
       6
       6
       6
       6
       7
       8
       5
       6
       5
       4
       8
       5
       2
       7
       1
      13
       4
       7
       5
       6
       2
       7
       2
       6
       3
       6
       5
       4
       8
       5
       8
       4
       3
       5
       6
       4
       5
       6
       4
      15
       2
       2
       4
       6
       3
       5
      10
       3
       3
       5
       0
       4
       2
       5
       5
       5
       3
       5
       5
       2
       8
       2
       7
       2
       2
       2
       8
       5
       1
       2
       9
       1
       4
       6
       5
       4
       4
       9
       2
       3
       1
       2
       4
       4
       4
       5
       2
       4
       6
       3
       3
       1
       2
       1
       4
       7
       3
       6
       4
       9
       2
       0
       3
       4
       4
       2
       3
       5
       2
       5
       2
       4
       4
       3
       4
       4
       5
       2
       5
       2
       4
       1
       3
       6
       1
       4
       6
       2
       3
       6
       3
       4
       4
       7
       4
       2
       6
       1
       1
       1
       2
       6
       1
       6
       8
       6
       3
       5
       6
       6
       4
       3
       5
       0
       6
       5
       3
       3
       4
       8
       4
       4
       7
       3
       7
       5
       0
       2
       4
       5
       3
       2
       7
       4
       4
       9
       6
       6
       5
       2
       4
       3
       2
       3
       3
       3
       1
       3
       4
       1
       5
       5
       2
       1
       1
       2
       2
       3
       2
       4
       0
       2
       7
       9
       2
       1
       1
       2
       5
       4
       6
       5
       3
       5
       2
       2
       2
       5
       3
       0
       1
       5
       2
       0
       1
       6
       2
       4
       2
       3
       4
       5
       4
       2
       3
       4
       7
       1
       5
       1
       4
       3
       4
       5
       3
       1
       5
       2
       5
       2
       2
       5
       6
       3
       5
       2
       4
       5
       5
       6
       6
       6
       5
       3
       7
       2
       4
       6
       6
       1
       0
       0
       1
       9
       3
      10
      11
      25
      55
      69
     137
     233
     368
     621
     921
    1277
    1704
    1876
    1711
    1403
     966
     563
     303
     118
      59
      10
       7
       4
       3
       2
       1
       2
       3
       3
       0
       0
       0
       2
       1
       4
       1
       0
       1
       1
       1
       0
       3
       0
       1
       1
       0
       1
       1
       1
       2
       1
       0
       1
       1
       1
       2
       3
       2
       2
       2
       0
       2
       1
       1
       2
       1
       2
       1
       0
       0
       3
       1
       3
       1
       0
       1
       0
       0
       2
       0
       1
       0
       1
       2
       1
       1
       0
       2
       3
       0
       2
       0
       1
       0
       0
       1
       1
       2
       2
       1
       2
       0
       2
       1
       0
       2
       2
       2
       1
       2
       1
       2
       0
       0
       2
       0
       1
       3
       2
       0
       2
       0
       1
       1
       1
       0
       0
       2
       1
       1
       4
       1
       1
       2
       0
       0
       1
       1
       2
       0
       0
       1
       0
       1
       0
       1
       1
       3
       0
       1
       3
       0
       0
       3
       1
       1
       0
       1
       0
       0
       0
       1
       2
       2
       2
       1
       0
       1
       1
       3
       1
       1
       1
       2
       2
       0
       0
       1
       1
       2
       2
       0
       0
       1
       0
       2
       2
       0
       2
       0
       1
       0
       2
       0
       3
       0
       0
       1
       2
       3
       3
       2
       3
       5
       2
       1
       1
       1
       1
       1
       0
       0
       0
       2
       0
       1
       0
       1
       0
       0
       0
       0
       2
       0
       2
       3
       0
       2
       0
       3
       0
       0
       1
       0
       1
       3
       0
       2
       2
       2
       0
       0
       1
       1
       1
       1
       1
       1
       1
       0
       1
       1
       0
       0
       2
       1
       2
       1
       1
       1
       2
       1
       4
       0
       0
       0
       5
       0
       2
       1
       1
       1
       1
       3
       1
       1
       1
       2
       1
       1
       1
       0
       1
       1
       0
       0
       0
       3
       1
       0
       1
       1
       2
       0
       0
       0
       1
       1
       2
       1
       1
       1
       0
       0
       1
       2
       1
       3
       0
       2
       0
       1
       0
       0
       0
       2
       0
       1
       2
       0
       2
       1
       0
       0
       2
       1
       1
       3
       0
       0
       1
       0
       2
       3
       2
       2
       3
       4
       6
       0
       2
       0
       0
       2
       0
       0
       1
       0
       1
       3
       1
       1
       0
       1
       1
       0
       1
       1
       1
       1
       1
       1
       0
       0
       3
       0
       0
       0
       0
       0
       1
       2
       0
       1
       1
       1
       0
       0
       0
       2
       1
       0
       2
       2
       0
       1
       0
       1
       0
       0
       4
       0
       0
       0
       4
       1
       2
       1
       2
       1
       0
       1
       1
       1
       4
       1
       0
       2
       1
       1
       1
       1
       1
       1
       1
       0
       2
       1
       0
       0
       1
       1
       1
       1
       1
       1
       0
       1
       0
       1
       0
       3
       3
       1
       3
       2
       1
       1
       0
       2
       1
       1
       1
       0
       0
       1
       1
       2
       0
       0
       0
       0
       1
       1
       2
       0
       1
       1
       0
       2
       2
       1
       2
       0
       0
       0
       1
       0
       0
       1
       2
       1
       3
       1
       1
       0
       2
       2
       3
       3
       7
       8
       5
       5
       5
       2
       5
       0
       3
       2
       1
       2
       0
       1
       2
       1
       0
       2
       4
       0
       2
       1
       1
       1
       3
       2
       0
       2
       1
       1
       0
       1
       1
       0
       1
       3
       1
       3
       0
       2
       3
       1
       3
       0
       0
       3
       1
       0
       1
       0
       1
       1
       0
       0
       1
       1
       2
       1
       0
       1
       2
       0
       0
       1
       0
       1
       0
       0
       1
       1
       2
       0
       0
       2
       1
       0
       0
       3
       0
       0
       0
       2
       0
       2
       0
       0
       2
       1
       1
       1
       2
       2
       1
       1
       1
       2
       1
       1
       1
       1
       0
       1
       2
       0
       3
       1
       3
       1
       1
       1
       0
       2
       2
       2
       1
       2
       0
       1
       0
       0
       1
       0
       1
       2
       1
       0
       3
       2
       0
       2
       1
       2
       1
       1
       1
       0
       2
       0
       0
       0
       1
       2
       1
       3
       0
       1
       2
       1
       1
       1
       1
       0
       0
       0
       0
       2
       2
       0
       0
       0
       2
       1
       1
       1
       1
       0
       1
       0
       0
       1
       1
       0
       0
       1
       0
       2
       1
       1
       0
       1
       1
       0
       1
       1
       0
       1
       2
       0
       0
       2
       0
       2
       0
       1
       0
       1
       1
       0
       1
       0
       0
       1
       1
       1
       0
       0
       3
       1
       1
       2
       0
       0
       1
       0
       1
       0
       2
       0
       0
       1
       1
       0
       0
       0
       2
       0
       1
       1
       0
       0
       0
       1
       0
       0
       1
       1
       1
       0
       2
       0
       3
       1
       1
       0
       1
       0
       0
       1
       2
       1
       1
       2
       1
       0
       0
       0
       0
       1
       3
       1
       1
       2
       2
       0
       1
       1
       0
       0
       1
       1
       0
       0
       1
       0
       0
       2
       0
       0
       0
       0
       0
       0
       2
       1
       3
       2
       0
       1
       1
       0
       0
       0
       1
       0
       0
       1
       0
       0
       1
       1
       1
       0
       0
       0
       2
       2
       1
       0
       0
       2
       1
       0
       2
       1
       1
       0
       1
       0
       1
       2
       4
       0
       1
       2
       0
       2
       0
       0
       0
       1
       0
       0
       0
       1
       0
       2
       0
       0
       0
       1
       2
       1
       1
       2
       1
       2
       0
       0
       0
       1
       0
       2
       1
       1
       2
       0
       0
       1
       0
       2
       2
       1
       2
       0
       0
       2
       1
       0
       0
       1
       0
       0
       1
       0
       0
       1
       2
       0
       0
       2
       1
       1
       0
       1
       1
       1
       1
       0
       0
       0
       1
       2
       0
       2
       0
       0
       0
       1
       0
       0
       0
       1
       0
       0
       0
       0
       2
       2
       2
       0
       1
       0
       0
       0
       1
       0
       0
       1
       1
       0
       0
       0
       0
       0
       3
       0
       0
       0
       0
       1
       0
       0
       0
       2
       1
       0
       1
       1
       1
       0
       1
       1
       0
       1
       1
       1
       1
       0
       0
       0
       1
       0
       1
       1
       2
       0
       0
       0
       0
       0
       1
       1
       2
       1
       0
       0
       1
       1
       2
       0
       1
       1
       1
       4
       0
       1
       0
       0
       1
       1
       1
       0
       1
       1
       1
       0
       0
       0
       0
       1
       0
       1
       0
       0
       0
       1
       1
       1
       0
       1
       0
       0
       0
       0
       0
       0
       1
       0
       2
       0
       0
       2
       0
       0
       0
       0
       0
       0
       1
       0
       0
       0
       1
       1
       0
       0
       0
       1
       0
       0
       1
       1
       1
       0
       1
       0
       1
       0
       0
       1
       1
       0
       0
       0
       0
       0
       0
       0
       0
       0
       0
       1
       1
       0
       0
       0
       0
       0
       1
       1
       1
       0
       2
       0
       0
       0
       0
       0
       0
       0
       0
       0
       1
       1
       1
       0
       0
       1
       1
       2
       0
       1
       0
       1
       0
       0
       1
       0
       1
       1
       1
       2
       0
       0
       0
       0
       0
       2
       0
       0
       3
       1
       0
       4
       2
       3
       3
       0
       1
       1
       1
       1
       1
       2
       0
       2
       0
       1
       1
       1
       1
       1
       0
       1
       1
       1
       0
       0
       0
       0
       1
       0
       0
       0
       1
       0
       1
       1
       1
       0
       0
       0
       0
       0
       0
       1
       1
       0
       0
       2
       1
       1
       3
       0
       0
       0
       1
       1
       1
       1
       2
       1
       1
       1
       1
       1
       1
       2
       0
       0
       0
       0
       0
       2
       1
       0
       1
       0
       0
       0
       1
       0
       0
       0
       0
       1
       0
       2
       0
       0
       2
       1
       1
       0
       1
       3
       0
       1
       1
       0
       1
       0
       2
       0
       0
       0
       2
       0
       0
       0
       0
       1
       1
       0
       0
       2
       0
       0
       0
       2
       0
       0
       0
       1
       0
       1
       0
       0
       0
       1
       0
       0
       0
       0
       0
       0
       0
       3
       1
       0
       0
       0
       0
       1
       0
       0
       1
       0
       1
       1
       0
       0
       1
       0
       0
       2
       3
       0
       0
       1
       0
       0
       1
       1
       2
       1
       0
       1
       0
       0
       1
       0
       0
       0
       1
       0
       0
       2
       0
       0
       0
       2
       1
       0
       0
       0
       1
       0
       0
       3
       0
       0
       0
       1
       1
       0
       0
       0
       1
       0
       0
       1
       1
       2
       1
       0
       0
       2
       0
       2
       1
       0
       2
       0
       1
       0
       0
       0
       0
       0
       0
       0
       0
       3
       0
       3
       1
       2
       1
       0
       1
       0
       3
       1
       0
       0
       0
       1
       2
       4
       0
       2
       4
       4
       6
       5
       6
       8
       2
       2
       3
       1
       3
       2
       0
       1
       1
       0
       1
       0
       1
       0
       1
       1
       0
       0
       1
       0
       0
       2
       1
       2
       4
       0
       1
       1
       0
       1
       0
       0
       0
       1
       0
       0
       0
       1
       1
       2
       1
       1
       0
       0
       0
       0
       0
       0
       0
       1
       0
       1
       1
       0
       0
       0
       1
       0
       0
       1
       1
       0
       0
       1
       1
       2
       1
       0
       0
       2
       0
       0
       1
       1
       0
       0
       2
       1
       0
       0
       0
       1
       0
       1
       0
       1
       0
       1
       0
       0
       0
       1
       2
       0
       1
       0
       2
       1
       1
       2
       1
       0
       0
       1
       1
       0
       1
       1
       0
       0
       0
       0
       2
       0
       2
       0
       1
       0
       2
       1
       1
       1
       0
       0
       1
       1
       2
       0
       0
       1
       0
       0
       0
       0
       0
       1
       0
       0
       2
       0
       0
       0
       1
       0
       1
       1
       1
       1
       0
       2
       0
       0
       0
       0
       0
       0
       0
       0
       0
       0
       0
       0
       0
       1
       0
       1
       1
       0
       1
       0
       1
       0
       1
       0
       0
       0
       0
       1
       0
       0
       1
       2
       0
       0
       0
       0
       1
       0
       0
       0
       0
       1
       0
       0
       1
       0
       0
       0
       0
       0
       2
       0
       1
       0
       0
       0
       0
       0
       0
       0
       0
       0
       1
       2
       0
       1
       0
       0
       1
       0
       1
       0
       0
       1
       0
       1
       0
       0
       2
       0
       0
       0
       0
       0
       0
       1
       0
       3
       0
       0
       0
       0
       2
       1
       0
       1
       1
       0
       0
       0
       0
       1
       1
       0
       0
       0
       0
       0
       2
       0
       2
       1
       1
       0
       1
       1
       0
       2
       1
       0
       0
       1
       1
       1
       1
       0
       1
       1
       0
       3
       0
       3
       1
       1
       0
       0
       0
       0
       1
       0
       0
       0
       1
       0
       1
       0
       0
       0
       1
       0
       0
       0
       2
       0
       1
       0
       1
       1
       0
       1
       1
       0
       1
       1
       0
       0
       0
       1
       0
       0
       0
       0
       0
       0
       2
       0
       0
       0
       1
       1
       0
       1
       0
       0
       1
       0
       0
       1
       1
       0
       0
       0
       0
       0
       0
       0
       0
       1
       1
       0
       0
       0
       1
       0
       0
       0
       0
       1
       0
       2
       0
       0
       1
       1
       1
       0
       1
       1
       0
       0
       1
       0
       1
       1
       1
       1
       1
       1
       2
       0
       2
       1
       0
       0
       1
       2
       0
       1
       2
       1
       0
       1
       0
       1
       0
       0
       2
       2
       0
       5
       0
       1
       0
       1
       0
       1
       0
       0
       0
       0
       0
       0
       1
       1
       0
       1
       2
       1
       2
       0
       0
       0
       0
       2
       1
       1
       0
       0
       1
       2
       0
       0
       0
       0
       0
       0
       0
       0
       1
       0
       3
       0
       1
       0
       0
       1
       0
       0
       0
       0
       0
       0
       1
       0
       3
       0
       1
       2
       0
       0
       0
       0
       1
       2
       0
       1
       0
       1
       0
       0
       0
       1
       0
       0
       2
       2
       1
       1
       0
       0
       2
       0
       1
       2
       0
       0
       1
       0
       1
       1
       0
       2
       0
       1
       0
       0
       2
       1
       0
       0
       0
       0
       1
       0
       0
       0
       0
       0
       1
       0
       1
       0
       2
       0
       2
       1
       0
       0
       0
       0
       0
       1
       0
       0
       0
       0
       1
       0
       2
       0
       2
       0
       0
       0
       0
       0
       0
       0
       0
       0
       1
       1
       0
       0
       1
       0
       1
       0
       0
       0
       0
       1
       0
       0
       0
       1
       0
       2
       0
       0
       0
       1
       0
       0
       0
       0
       1
       0
       0
       0
       0
       1
       0
       1
       0
       2
       1
       0
       1
       1
       0
       0
       0
       0
       2
       0
       0
       0
       1
       0
       1
       0
       0
       0
       0
       2
       1
       1
       0
       0
       0
       0
       0
       0
       1
       0
       1
       0
       1
       0
       0
       0
       2
       2
       0
       0
       0
       2
       0
       0
       0
       0
       1
       1
       0
       0
       0
       0
       1
       1
       0
       0
       0
       0
       0
       0
       0
       0
       0
       0
       0
       0
       2
       0
       0
       1
       0
       0
       1
       1
       1
       0
       0
       0
       0
       0
       0
       0
       1
       0
       1
       1
       0
       1
       0
       0
       1
       0
       2
       1
       0
       0
       0
       1
       0
       0
       0
       0
       0
       0
       1
       0
       0
       0
       0
       0
       0
       0
       0
       0
       2
       0
       0
       0
       0
       0
       1
       0
       1
       0
       0
       0
       0
       0
       1
       0
       2
       0
       0
       0
       0
       0
       1
       1
       0
       0
       0
       0
       1
       0
       1
       0
       0
       0
       0
       1
       0
       0
       1
       0
       0
       0
       1
       0
       0
       0
       0
       0
       0
       0
       2
       0
       0
       0
       0
       0
       0
       0
       0
       1
       0
       0
       0
       0
       0
       0
       0
       0
       0
       0
       1
       0
       0
       1
       0
       0
       0
       0
       0
       1
       0
       0
       0
       0
       1
       1
       0
       0
       0
       0
       0
       0
       0
       0
       0
       1
       0
       0
       1
       0
       0
       0
       0
       0
       0
       0
       1
       1
       0
       0
       0
       0
       0
       0
       0
       0
       1
       1
       0
       1
       0
       0
       0
       2
       0
       0
       0
       1
       0
       0
       1
       0
       0
       0
       0
       0
       0
       0
       0
       0
       0
       0
       0
       1
       0
       0
       0
       0
       0
       0
       1
       1
       0
       1
       0
       0
       0
       1
       0
       0
       0
       0
       1
       0
       0
       0
       0
       1
       0
       1
       0
       0
       0
       1
       0
       0
       0
       0
       0
       1
       0
       1
       0
       0
       0
       0
       0
       0
       0
       0
       0
       0
       0
       0
       0
       0
       0
       0
       0
       0
       1
       0
       0
       0
       0
       0
       0
       0
       0
       1
       1
       1
       0
       0
       1
       0
       0
       0
       0
       0
       0
       0
       0
       0
       0
       0
       0
       1
       0
       0
       0
       0
       0
       0
       0
       0
       0
       0
       1
       0
       0
       1
       0
       1
       0
       0
       1
       1
       0
       1
       0
       0
       0
       0
       0
       0
       0
       0
       0
       0
       0
       0
       1
       0
       0
       1
       0
       0
       1
       0
       0
       0
       0
       0
       0
       0
       0
       0
       0
       0
       0
       0
       0
       0
       1
       0
       0
       0
       1
       0
       0
       0
       0
       0
       0
       0
       0
       0
       0
       1
       1
       0
       0
       0
       0
       0
       0
       0
       0
       1
       0
       0
       0
       1
       1
       0
       0
       0
       0
       0
       0
       0
       1
       0
       0
       0
       0
       0
       1
       0
       0
       0
       0
       0
       0
       0
       0
       0
       1
       0
       0
       0
       0
       0
       0
       0
       0
       0
       0
       0
       0
       0
       0
       0
       0
       2
       0
       0
       0
       0
       0
       0
       0
       0
       0
       0
       0
       0
       2
       1
       1
       1
       1
       3
       3
       6
       4
       8
       7
      18
       9
      20
      11
      18
      19
      21
      10
       8
      12
       1
       2
       1
       1
       1
       1
       0
       0
       0
       0
       0
       0
       0
       0
       0
       0
       0
       0
       0
       0
       0
       0
       0
       0
       0
       0
       0
       0
       0
       0
       2
       0
       0
       0
       0
       0
       0
       0
       0
       1
       0
       0
       0
       0
       0
       0
       0
       1
       0
       0
       0
       0
       0
       0
       0
       0
       0
       2
       0
       0
       1
       0
       0
       0
       0
       0
       0
       0
       0
       0
       0
       0
       0
       0
       0
       0
       0
       0
       0
       0
       0
       0
       2
       1
       0
       1
       0
       0
       0
       0
       0
       1
       0
       0
       0
       0
       0
       0
       1
       0
       0
       0
       0
       0
       1
       0
       0
       0
       0
       0
       0
       0
       0
       0
       0
       0
       0
       0
       0
       1
       0
       0
       0
       0
       0
       1
       0
       0
       1
       0
       0
       2
       0
       2
       5
       1
       1
       0
       2
       3
       0
       0
       0
       0
       0
       0
       0
       0
       0
       0
       0
       0
       0
       0
       1
       0
       0
       0
       0
       0
       0
       0
       0
       0
       0
       0
       0
       0
       0
       0
       1
       0
       0
       0
       0
       0
       0
       1
       0
       0
       0
       0
       0
       0
       0
       1
       1
       0
       1
       0
       0
       0
       1
       0
       0
       0
       0
       0
       0
       0
       0
       0
       0
       0
       0
       0
       0
       0
       0
       0
       0
       0
       0
       0
       0
       0
       0
       0
       0
       0
       0
       0
       0
       0
       0
       0
       0
       0
       0
       0
       0
       0
       0
       0
       0
       0
       0
       0
       0
       0
       0
       0
       0
       0
       0
       0
       0
       0
       0
       0
       0
       0
       0
       0
       0
       1
       0
       0
       0
       0
       0
       0
       0
       0
       1
       0
       1
       0
       0
       1
       0
       0
       0
       0
       0
       0
       0
       1
       0
       0
       0
       0
       0
       0
       0
       0
       0
       0
       1
       0
       0
       0
       0
       0
       0
       0
       0
       0
       0
       0
       0
       0
       0
       0
       0
       0
       0
       0
       0
       0
       0
       0
       0
       0
       0
       0
       0
       0
       0
       0
       0
       0
       0
       0
       0
       0
       0
       0
       0
       0
       0
       0
       0
       0
       0
       0
       0
       0
       0
       0
       0
       0
       0
       0
       0
       0
       0
       0
       0
       0
       0
       0
       0
       0
       0
       0
       0
       0
       0
       0
       1
       1
       0
       0
       0
       0
       0
       0
       0
       0
       0
       0
       0
       0
       0
       0
       0
       0
       0
       0
       0
       0
       0
       0
       0
       0
       0
       0
       0
       0
       0
       1
       0
       0
       0
       0
       1
       0
       0
       0
       0
       0
       0
       1
       0
       0
       0
       0
       0
       0
       0
       0
       0
       0
       0
       0
       0
       0
       0
       0
       1
       0
       0
       0
       0
       0
       1
       1
       0
       0
       0
       0
       0
       0
       0
       0
       0
       1
       0
       0
       1
       0
       0
       0
       0
       0
       0
       0
       0
       0
       0
       0
       0
       0
       0
       0
       0
       0
       0
       0
       0
       0
       0
       0
       1
       0
       0
       0
       0
       0
       1
       0
       0
       0
       0
       0
       0
       0
       0
       0
       0
       0
       0
       0
       0
       0
       0
       0
       0
       0
       0
       0
       0
       0
       1
       0
       0
       0
       1
       0
       0
       0
       0
       0
       0
       0
       0
       0
       0
       0
       0
       0
       0
       0
       0
       0
       0
       0
       0
       0
       0
       0
       0
       0
       0
       0
       1
       1
       0
       0
       0
       0
       0
       0
       0
       0
       0
       0
       0
       0
       0
       0
       0
       0
       0
       0
       0
       0
       0
       0
       0
       1
       0
       0
       0
       0
       0
       0
       0
       1
       0
       0
       0
       0
       0
       0
       0
       0
       0
       1
       0
       0
       0
       0
       0
       0
       1
       0
       0
       0
       0
       0
       0
       0
       0
       0
       0
       0
       0
       0
       0
       0
       0
       0
       0
       0
       0
       0
       0
       0
       1
       0
       0
       0
       0
       0
       0
       0
       0
       1
       0
       0
       0
       0
       0
       0
       0
       1
       0
       0
       0
       0
       0
       0
       0
       1
       0
       0
       0
       0
       0
       0
       0
       0
       0
       0
       0
       1
       0
       0
       0
       0
       0
       0
       0
       0
       0
       0
       0
       0
       0
       0
       0
       0
       0
       0
       0
       0
       0
       0
       1
       0
       0
       0
       0
       0
       0
       0
       0
       0
       0
       0
       0
       0
       0
       0
       0
       0
       0
       0
       0
       0
       0
       0
       0
       0
       0
       0
       0
       0
       0
       0
       0
       0
       0
       0
       0
       0
       0
       0
       0
       0
       0
       0
       0
       0
       0
       0
       0
       0
       0
       0
       0
       0
       0
       0
       0
       0
       0
       0
       0
       0
       0
       0
       0
       0
       0
       0
       0
       1
       0
       0
       0
       0
       0
       0
       0
       1
       0
       0
       0
       0
       0
       0
       0
       1
       0
       0
       0
       0
       0
       0
       0
       0
       0
       0
       0
       1
       0
       0
       0
       0
       0
       0
       0
       0
       0
       0
       0
       0
       0
       0
       0
       0
       1
       0
       0
       0
       0
       0
       0
       0
       0
       0
       0
       0
       0
       0
       0
       0
       0
       0
       0
       0
       0
       0
       0
       0
       0
       0
       0
       0
       0
       0
       0
       0
       0
       0
       0
       0
       0
       0
       0
       0
       0
       0
       0
       0
       1
       0
       0
       0
       0
       0
       0
       0
       0
       0
       0
       0
       0
       0
       0
       0
       0
       0
       0
       0
       0
       0
       0
       0
       0
       0
       0
       1
       0
       0
       0
       0
       0
       0
       0
       0
       0
       0
       0
       0
       0
       0
       0
       0
       0
       0
       0
       0
       0
       0
       0
       0
       0
       0
       0
       0
       1
       0
       0
       0
       0
       0
       0
       0
       0
       0
       0
       0
       0
       0
       0
       0
       0
       0
       0
       0
       0
       0
       0
       0
       0
       0
       0
       0
       0
       0
       0
       0
       0
       1
       0
       0
       0
       0
       1
       0
       0
       0
       1
       0
       0
       0
       0
       1
       0
       0
       0
       0
       0
       1
       0
       0
       0
       0
       0
       0
       0
       0
       0
       0
       0
       0
       0
       0
       0
       0
       0
       1
       0
       0
       0
       0
       0
       0
       0
       0
       0
       3
       1
       0
       0
       0
       0
       0
       0
       0
       0
       0
       0
       0
       0
       0
       0
       0
       0
       0
       0
       0
       0
       0
       0
       0
       0
       0
       0
       0
       0
       0
       0
       0
       0
       0
       0
       0
       0
       0
       0
       0
       0
       0
       0
       0
       0
       0
       0
       0
       0
       0
       0
       0
       0
       0
       0
       0
       0
       0
       0
       0
       0
       0
       1
       0
       0
       0
       0
       0
       0
       0
       0
       0
       0
       0
       0
       0
       0
       0
       0
       0
       0
       0
       0
       0
       0
       0
       0
       0
       0
       0
       0
       0
       0
       0
       0
       0
       0
       0
       0
       0
       0
       0
       0
       0
       0
       0
       0
       0
       0
       0
       0
       0
       0
       0
       1
       0
       0
       0
       0
       0
       0
       0
       0
       0
       0
       1
       0
       0
       1
       0
       0
       0
       0
       0
       0
       1
       0
       0
       0
       0
       0
       0
       0
       1
       0
       0
       0
       0
       0
       0
       0
       0
       0
       0
       0
       0
       0
       0
       0
       0
       0
       0
       0
       0
       0
       0
       0
       0
       0
       0
       0
       0
       0
       0
       0
       0
       0
       0
       0
       0
       0
       0
       0
       0
       0
       0
       0
       0
       0
       0
       0
       0
       0
       0
       0
       0
       0
       0
       0
       0
       0
       0
       0
       0
       0
       0
       0
       0
       0
       0
       0
       1
       0
       0
       0
       0
       0
       0
       0
       0
       0
       0
       0
       0
       0
       0
       0
       0
       0
       0
       0
       0
       0
       0
       0
       0
       0
       0
       0
       0
       0
       0
       1
       0
       0
       0
       0
       0
       0
       1
       0
       0
       0
       0
       0
       0
       0
       0
       0
       1
       0
       0
       0
       0
       0
       0
       0
       0
       0
       0
       0
       0
       0
       0
       0
       0
       0
       0
       0
       0
       0
       0
       0
       0
       0
       0
       0
       0
       0
       0
       1
       0
       0
       0
       0
       0
       0
       0
       0
       0
       0
       0
       0
       0
       1
       0
       0
       0
       0
       0
       0
       0
       0
       0
       1
       0
       0
       0
       0
       0
       0
       0
       1
       0
       0
       0
       0
       0
       0
       1
       0
       0
       0
       0
       0
       0
       0
       0
       0
       0
       0
       0
       0
       0
       0
       0
       0
       0
       0
       0
       0
       0
       0
       0
       0
       0
       0
       0
       0
       0
       0
       0
       0
       0
       0
       1
       0
       1
       0
       0
       0
       0
       0
       0
       0
       0
       0
       0
       0
       0
       0
       0
       0
       0
       0
       0
       0
       0
       0
       0
       0
       0
       0
       0
       0
       0
       0
       0
       0
       0
       0
       0
       0
       0
       0
       0
       0
       0
       0
       0
       0
       0
       0
       0
       0
       0
       0
       0
       0
       0
       0
       0
       0
       0
       0
       0
       0
       0
       0
       0
       1
       0
       0
       0
       1
       0
       0
       0
       0
       0
       2
       0
       0
       0
       0
       0
       0
       0
       0
       0
       0
       0
       0
       0
       0
       0
       0
       0
       0
       0
       0
       0
       0
       0
       0
       0
       0
       0
       0
       0
       0
       0
       0
       0
       0
       0
       0
       0
       0
       0
       0
       0
       0
       0
       0
       0
       0
       0
       0
       0
       0
       0
       1
       1
       0
       0
       0
       0
       0
       0
       0
       0
       0
       0
       0
       0
       0
       0
       0
       0
       0
       0
       0
       0
       1
       0
       0
       0
       0
       0
       0
       0
       0
       0
       0
       0
       0
       0
       0
       0
       0
       0
       0
       0
       0
       0
       0
       1
       0
       0
       0
       0
       1
       0
       0
       0
       0
       0
       0
       0
       0
       0
       0
       0
       0
       0
       0
       0
       0
       0
       0
       0
       0
       0
       0
       0
       0
       0
       0
       0
       1
       0
       0
       1
       0
       0
       0
       0
       0
       0
       0
       0
       0
       0
       0
       0
       0
       0
       0
       0
       0
       0
       0
       0
       1
       0
       0
       0
       0
       1
       0
       0
       0
       0
       0
       0
       0
       0
       0
       0
       0
       0
       0
       0
       0
       0
       0
       0
       0
       0
       0
       0
       0
       0
       0
       0
       0
       0
       0
       0
       0
       0
       0
       0
       0
       0
       0
       0
       0
       0
       0
       0
       0
       0
       0
       0
       0
       0
       0
       0
       0
       0
       0
       0
       0
       0
       0
       0
       0
       0
       0
       0
       0
       0
       0
       0
       0
       1
       0
       0
       0
       0
       0
       0
       0
       0
       0
       0
       0
       0
       0
       0
       0
       0
       0
       0
       0
       0
       0
       0
       0
       0
       1
       0
       0
       0
       0
       0
       0
       0
       0
       0
       0
       0
       0
       0
       0
       0
       0
       0
       0
       0
       0
       0
       0
       0
       0
       0
       0
       0
       0
       0
       0
       0
       0
       0
       0
       0
       0
       0
       0
       0
       0
       0
       0
       0
       0
       0
       1
       0
       0
       0
       0
       0
       0
       0
       0
       0
       0
       0
       0
       0
       0
       0
       0
       0
       0
       0
       0
       0
       0
       0
       0
       0
       0
       1
       0
       0
       0
       0
       0
       0
       0
       0
       0
       0
       0
       0
       0
       0
       0
       0
       0
       0
       0
       0
       0
       1
       0
       0
       0
       0
       0
       0
       0
       0
       0
       1
       0
       0
       0
       0
       0
       0
       0
       0
       0
       1
       0
       0
       0
       0
       0
       0
       0
       0
       0
       0
       0
       0
       0
       0
       0
       0
       0
       0
       0
       0
       0
       0
       0
       0
       0
       0
       0
       0
       0
       0
       1
       0
       0
       0
       1
       0
       0
       0
       0
       0
       0
       0
       0
       1
       0
       1
       0
       0
       0
       0
       0
       0
       0
       0
       0
       0
       0
       0
       0
       0
       0
       0
       0
       0
       0
       0
       0
       0
       0
       0
       0
       1
       0
       0
       0
       0
       0
       0
       0
       0
       0
       1
       0
       0
       0
       0
       0
       0
       0
       0
       0
       0
       1
       1
       0
       0
       0
       0
       0
       0
       0
       0
       0
       0
       0
       0
       0
       0
       0
       0
       0
       0
       0
       0
       0
       0
       0
       0
       0
       0
       0
       0
       0
       0
       0
       0
       0
       0
       0
       0
       0
       0
       0
       0
       0
       0
       0
       0
       0
       0
       0
       0
       0
       0
       1
       0
       0
       0
       0
       0
       0
       0
       0
       0
       0
       0
       0
       0
       0
       1
       0
       0
       0
       0
       0
       0
       0
       1
       0
       0
       0
       1
       0
       0
       0
       0
       0
       0
       0
       0
       0
       0
       0
       0
       0
       0
       0
       0
       0
       0
       0
       0
       0
       0
       0
       0
       0
       0
       0
       0
       0
       0
       0
       0
       0
       0
       1
       0
       0
       1
       0
       0
       0
       0
       0
       0
       0
       0
       0
       0
       0
       1
       0
       0
       0
       0
       0
       0
       0
       0
       0
       0
       0
       0
       0
       1
       0
       0
       0
       0
       0
       0
       0
       0
       0
       0
       0
       0
       0
       0
       1
       0
       0
       0
       0
       0
       0
       0
       0
       0
       0
       0
       0
       0
       0
       0
       0
       0
       0
       0
       1
       0
       0
       0
       0
       0
       0
       0
       0
       0
       0
       0
       0
       0
       0
       0
       0
       0
       0
       0
       0
       0
       0
       0
       0
       0
       0
       0
       0
       0
       0
       0
       1
       0
       0
       0
       0
       0
       0
       0
       0
       0
       0
       0
       0
       0
       1
       0
       0
       0
       0
       0
       0
       0
       0
       0
       0
       0
       0
       0
       0
       0
       0
       0
       0
       0
       0
       0
       0
       0
       0
       0
       0
       0
       0
       0
       0
       0
       0
       0
       0
       0
       0
       0
       0
       0
       0
       0
       0
       0
       0
       0
       0
       0
       0
       0
       0
       0
       0
       0
       1
       0
       0
       0
       0
       0
       0
       0
       0
       0
       0
       0
       0
       0
       0
       0
       0
       0
       0
       0
       0
       0
       0
       0
       0
       0
       0
       0
       0
       0
       0
       0
       0
       0
       0
       0
       0
       0
       0
       0
       0
       0
       0
       0
       0
       0
       1
       0
       0
       0
       0
       0
       0
       0
       0
       0
       0
       0
       0
       0
       0
       0
       0
       0
       0
       0
       0
       0
       0
       0
       0
       0
       0
       0
       0
       0
       0
       0
       0
       0
       0
       0
       0
       0
       0
       0
       0
       0
       0
       0
       0
       0
       0
       0
       2
       0
       0
       0
       0
       0
       0
       0
       0
       1
       0
       0
       0
       0
       0
       0
       0
       0
       0
       0
       0
       0
       0
       0
       0
       0
       0
       0
       0
       0
       0
       0
       0
       0
       1
       0
       0
       0
       0
       0
       0
       0
       0
       0
       0
       0
       0
       0
       0
       0
       0
       0
       0
       0
       0
       0
       0
       0
       0
       0
       0
       0
       0
       0
       0
       0
       0
       0
       0
       0
       0
       0
       0
       0
       0
       0
       0
       0
       0
       0
       0
       0
       0
       0
       0
       0
       0
       0
       0
       0
       0
       0
       0
       0
       0
       0
       0
       0
       0
       0
       0
       0
       0
       0
       0
       0
       0
       0
       0
       0
       0
       0
       0
       0
       0
       0
       0
       0
       0
       0
       0
       0
       0
       0
       0
       0
       0
       0
       0
       0
       0
       0
       0
       0
       0
       0
       0
       0
       0
       0
       0
       0
       0
       0
       0
       0
       0
       0
       0
       0
       0
       0
       0
       0
       0
       0
       0
       0
       0
       0
       0
       0
       0
       0
       0
       0
       0
       0
       0
       0
       0
       0
       0
       0
       0
       0
       0
       0
       0
       0
       0
       0
       0
       0
       0
       0
       0
       0
       0
       0
       0
       0
$ROI:
5
1307 1315
2358 2380
2419 2430
2765 2788
2820 2882
$PRESETS:
None
0
0
$ENER_FIT:
0.089641 0.383673
$MCA_CAL:
3
8.964116E-002 3.836726E-001 4.212444E-008 keV
$SHAPE_CAL:
3
2.481216E+000 9.895641E-004 3.457022E-008
