$SPEC_ID:
Cs137
$SPEC_REM:
DET# 2
DETDESC# DETECTOR 2
AP# Maestro Version 7.01
$DATE_MEA:
03/02/2017 14:50:40
$MEAS_TIM:
72299 72303
$DATA:
0 8191
       0
       0
       0
       0
       0
       0
       0
       0
       0
       0
       0
       0
       0
       0
       0
       0
       0
       0
       0
       0
       0
       0
       0
       0
       0
       0
       0
       0
       0
       0
       0
       0
       0
       0
       0
       0
       0
       0
       0
       0
       0
       0
       0
       0
       0
       0
       0
       0
       0
       0
       0
       0
       0
       0
       0
       0
       0
       0
       0
       0
       0
       0
       0
       0
       0
       0
       0
       0
       0
       0
       0
       0
       0
       0
       0
       0
       0
       0
       0
       0
       0
       0
       0
       0
       0
       0
       0
       0
       0
       0
       0
       0
       0
       0
       2
      56
     221
     476
     547
     525
     489
     460
     427
     425
     402
     388
     368
     346
     329
     321
     339
     298
     310
     317
     306
     367
     367
     334
     277
     210
     181
     169
     177
     180
     148
     193
     180
     161
     151
     152
     161
     176
     209
     264
     248
     233
     165
     162
     146
     195
     156
     163
     150
     149
     173
     174
     189
     212
     226
     225
     214
     171
     187
     166
     194
     230
     395
     557
     662
     532
     325
     233
     199
     192
     213
     196
     190
     192
     204
     175
     195
     201
     200
     215
     224
     239
     213
     237
     223
     265
     388
     482
     526
     406
     341
     453
     684
     810
     593
     355
     284
     227
     238
     204
     202
     155
     208
     190
     206
     179
     178
     183
     203
     168
     201
     169
     183
     185
     225
     296
     412
     390
     371
     301
     208
     192
     179
     244
     242
     205
     173
     139
     129
     135
     151
     152
     153
     150
     246
     414
     650
     707
     596
     382
     222
     162
     145
     128
     130
     133
     141
     117
     123
     123
     145
     159
     150
     135
     116
     131
     113
     158
     123
     128
     135
     123
     130
     124
     155
     117
     105
     105
     141
     129
     144
     143
     122
     121
     118
     141
     114
     139
     125
     120
     136
     144
     107
     122
     137
     140
     148
     180
     159
     131
     115
     125
     124
     141
     112
     128
     124
     107
     125
     107
     119
     106
     114
     128
     116
     135
     130
      99
     112
     125
     117
     120
     114
     131
     112
     108
     113
     136
     122
      97
     129
     121
     116
     114
     111
     116
     112
     131
     138
     131
     133
     119
     107
     143
     118
     135
     126
     126
     132
     111
     143
      97
     124
     130
     124
     129
     113
     118
     137
     112
     132
     134
     136
     167
     127
     145
     131
     107
     117
      92
      98
     101
     135
     159
     148
     154
     145
     118
     102
     102
     106
     119
     103
     104
     106
     116
     121
      99
     115
      98
     125
      97
      97
      97
     102
     120
     107
     123
     127
     103
     118
     107
     110
     115
     102
     117
      90
     125
      89
     107
     126
     142
     134
     149
     148
     131
     107
     130
     117
     119
     121
     132
     120
     131
     124
      99
     106
     109
     106
     101
      93
     107
     115
     105
     116
      94
      88
     108
     106
     108
      91
      96
     111
      98
     117
     132
      98
      85
      94
     102
     125
     108
     106
     121
     105
      93
      79
     119
      99
     107
     109
     108
     103
     104
     106
     109
     108
      92
      82
     118
     108
     103
     113
     101
      92
     165
     182
     283
     330
     312
     269
     178
      96
     108
     101
     102
      90
     108
     109
     101
     119
     104
      85
     108
     107
      94
     105
     100
      91
     106
     102
     110
     124
     113
     100
     106
     102
     107
     121
     135
     136
     131
     113
     110
     112
      99
      91
      96
      97
      95
      99
      89
      99
     106
     106
      96
     100
     109
      95
      85
      96
     101
      89
      78
     102
     100
      95
     100
     112
      78
     101
     103
     100
     102
      99
      91
      89
      79
      88
      95
      92
      97
      95
      87
      98
     120
      98
      85
      94
      98
     101
      84
     103
      95
      71
      82
      95
     102
     101
      93
      81
      97
      85
      77
      86
      92
      82
      99
      94
      88
      87
      96
     100
      93
      92
      98
     117
      89
      91
      97
      93
      95
      89
     103
      87
      98
     101
      95
      79
      85
      92
      68
      89
      86
      93
      96
     100
     126
     128
     139
     167
     143
     104
      92
     109
     102
      97
      89
      90
      93
      82
      83
      79
      84
      82
      78
      92
      92
      79
      83
      73
      97
      76
      90
      77
      83
      65
      86
      83
      91
      72
      89
      70
      74
      82
      71
      85
      78
      83
      89
      78
      78
      88
      71
      68
      76
      85
      81
      95
      97
      67
      82
      89
      77
      77
      86
      89
      85
      71
      78
      76
      86
      78
      79
      72
      79
      70
      90
      76
      86
      76
      83
      73
      64
      58
      71
      79
      77
      78
      77
      86
      78
      94
      67
      74
      88
      80
      75
      78
      77
      74
      77
      68
      74
      70
      79
      78
      92
      98
      79
      85
      77
      63
      71
      73
      78
      76
      72
      76
      81
      72
      67
      73
      62
      73
      78
      71
      75
      73
      79
      69
      78
      85
      78
      67
      78
      78
      64
      63
      67
      77
      71
      76
      92
      67
      77
      79
      70
      73
      86
      90
      91
      73
      80
      75
      59
      70
      65
      68
      61
      79
      67
      67
      58
      81
      72
      67
      76
      69
      68
      69
      67
      77
      75
      70
      56
      83
      78
      67
      65
      57
      70
      83
      88
      59
      80
      63
      62
      57
      64
      71
      73
      67
      71
      67
      66
      63
      70
      64
      63
      65
      76
      58
      56
      72
      66
      61
      59
      73
      68
      75
      74
      75
      64
      70
      68
      69
      69
      84
      57
      62
      74
      57
      75
      54
      60
      54
      67
      71
      64
      56
      76
      57
      67
      72
      72
      55
      62
      72
      57
      69
      59
      77
      70
      63
      66
      53
      55
      66
      71
      79
      57
      67
      57
      58
      85
      69
      80
      87
      84
      60
      63
      53
      63
      48
      59
      72
      52
      68
      69
      68
      54
      83
      59
      52
      62
      57
      60
      48
      59
      56
      57
      55
      57
      56
      57
      58
      59
      65
      70
      82
      84
     100
      87
      68
      58
      67
      69
      56
      60
      52
      64
      61
      65
      65
      49
      57
      55
      58
      57
      58
      57
      45
      63
      66
      46
      52
      57
      42
      55
      57
      55
      54
      72
      59
      67
      49
      50
      65
      51
      56
      42
      67
      40
      48
      51
      39
      49
      45
      50
      61
      48
      53
      55
      55
      54
      45
      53
      72
      54
      54
      47
      58
      55
      47
      51
      54
      52
      53
      43
      70
      48
      44
      44
      51
      53
      44
      46
      49
      49
      41
      49
      53
      68
      58
      55
      50
      61
      56
      57
      55
      48
      41
      65
      46
      62
      47
      57
      64
      44
      42
      55
      46
      58
      51
      53
      39
      49
      61
      50
      52
      52
      51
      48
      53
      46
      44
      43
      56
      57
      43
      53
      59
      60
      44
      50
      53
      37
      41
      47
      69
      49
      39
      40
      56
      53
      41
      46
      59
      55
      62
      49
      47
      56
      41
      47
      57
      45
      53
      46
      42
      50
      37
      56
      38
      51
      30
      51
      47
      44
      38
      52
      59
      43
      59
      61
      50
      45
      44
      37
      39
      44
      52
      49
      32
      55
      50
      45
      45
      51
      40
      47
      48
      48
      46
      36
      55
      36
      36
      35
      44
      37
      52
      43
      45
      48
      32
      40
      46
      44
      36
      39
      43
      35
      45
      48
      46
      48
      38
      42
      42
      48
      49
      52
      43
      46
      40
      40
      38
      47
      39
      53
      49
      50
      40
      42
      42
      37
      23
      41
      58
      37
      49
      35
      45
      46
      32
      56
      48
      27
      42
      36
      42
      42
      38
      42
      40
      38
      44
      43
      51
      40
      38
      46
      50
      43
      50
      49
      45
      33
      34
      41
      50
      44
      45
      36
      52
      51
      40
      34
      37
      43
      38
      47
      36
      59
      40
      39
      44
      42
      41
      45
      46
      47
      36
      35
      43
      38
      38
      41
      34
      44
      37
      33
      45
      47
      52
      37
      47
      44
      42
      42
      45
      36
      37
      43
      34
      29
      36
      43
      28
      45
      41
      31
      43
      38
      42
      29
      35
      46
      40
      39
      40
      36
      34
      45
      33
      37
      44
      56
      25
      43
      34
      35
      32
      36
      39
      36
      38
      40
      48
      42
      32
      54
      44
      44
      30
      32
      54
      38
      42
      33
      37
      33
      47
      35
      38
      34
      41
      38
      35
      39
      32
      42
      45
      36
      35
      41
      46
      38
      41
      34
      28
      49
      38
      46
      40
      48
      42
      36
      40
      39
      42
      50
      42
      62
      54
      69
      65
      96
     115
     171
     222
     261
     237
     312
     331
     310
     258
     203
     151
     107
      92
      64
      35
      47
      42
      39
      31
      32
      40
      36
      40
      40
      30
      34
      33
      38
      35
      41
      31
      39
      31
      38
      31
      45
      34
      27
      42
      31
      44
      26
      34
      39
      35
      35
      26
      42
      34
      39
      20
      28
      25
      27
      43
      22
      37
      33
      37
      40
      39
      31
      30
      32
      42
      26
      33
      41
      32
      37
      35
      34
      40
      30
      37
      34
      36
      32
      35
      32
      32
      38
      40
      27
      30
      28
      36
      39
      35
      36
      34
      26
      33
      31
      39
      34
      28
      36
      27
      30
      37
      30
      26
      25
      51
      38
      41
      29
      32
      26
      33
      30
      26
      45
      25
      38
      28
      37
      37
      30
      30
      35
      42
      33
      25
      23
      39
      26
      54
      29
      34
      29
      32
      36
      32
      41
      37
      31
      40
      26
      29
      36
      40
      44
      27
      39
      30
      39
      34
      44
      34
      46
      55
      40
      39
      44
      38
      25
      38
      32
      32
      40
      46
      37
      32
      25
      33
      28
      41
      39
      35
      33
      28
      34
      27
      37
      45
      28
      39
      32
      29
      35
      41
      41
      43
      44
      40
      40
      40
      37
      30
      40
      27
      40
      37
      33
      35
      32
      24
      35
      21
      28
      35
      24
      37
      32
      32
      36
      33
      30
      20
      34
      37
      39
      32
      40
      52
      40
      44
      48
      44
      32
      44
      33
      34
      38
      43
      49
      57
      41
      56
      37
      43
      33
      33
      38
      36
      42
      41
      40
      33
      32
      30
      41
      42
      45
      38
      47
      44
      63
      60
      58
      59
      48
      39
      34
      33
      30
      30
      33
      33
      33
      34
      39
      40
      28
      32
      35
      21
      36
      34
      34
      37
      40
      37
      36
      43
      28
      33
      36
      45
      36
      33
      21
      33
      28
      38
      34
      39
      22
      34
      31
      31
      30
      29
      26
      24
      38
      32
      29
      30
      25
      21
      32
      27
      26
      32
      30
      33
      36
      35
      33
      37
      40
      34
      43
      26
      26
      29
      30
      34
      29
      36
      25
      37
      30
      36
      36
      28
      23
      37
      37
      20
      39
      25
      24
      37
      27
      29
      27
      27
      19
      31
      21
      38
      33
      26
      28
      37
      29
      31
      28
      28
      28
      22
      23
      32
      27
      33
      23
      37
      20
      27
      29
      22
      36
      30
      28
      22
      26
      34
      22
      29
      30
      28
      32
      29
      23
      25
      25
      27
      25
      43
      24
      44
      29
      32
      17
      25
      35
      30
      21
      33
      32
      18
      30
      30
      29
      34
      34
      25
      25
      30
      28
      23
      22
      21
      29
      25
      27
      27
      28
      21
      28
      21
      34
      28
      38
      28
      23
      23
      30
      34
      18
      31
      28
      21
      18
      15
      34
      22
      22
      29
      35
      30
      28
      26
      29
      32
      20
      35
      29
      35
      28
      24
      27
      29
      27
      25
      34
      39
      34
      38
      20
      34
      32
      37
      33
      40
      35
      21
      38
      31
      30
      28
      42
      26
      32
      40
      36
      33
      35
      39
      33
      31
      37
      40
      34
      34
      36
      23
      42
      22
      30
      32
      36
      32
      28
      33
      26
      30
      28
      27
      29
      37
      37
      26
      30
      21
      28
      32
      28
      36
      28
      35
      28
      31
      28
      20
      34
      31
      31
      27
      31
      24
      26
      25
      36
      22
      22
      25
      26
      22
      35
      26
      23
      32
      24
      27
      22
      29
      27
      23
      31
      29
      35
      23
      16
      27
      16
      30
      24
      22
      25
      35
      21
      22
      21
      34
      22
      25
      24
      23
      30
      23
      29
      30
      21
      26
      16
      19
      20
      26
      20
      21
      30
      23
      32
      30
      22
      20
      23
      15
      23
      26
      29
      20
      24
      21
      22
      32
      34
      25
      36
      27
      24
      24
      28
      26
      21
      27
      22
      28
      32
      23
      32
      28
      32
      33
      21
      25
      27
      27
      20
      28
      32
      27
      30
      36
      26
      24
      25
      16
      20
      23
      26
      19
      34
      22
      27
      31
      19
      25
      18
      20
      26
      19
      28
      27
      25
      19
      29
      18
      33
      31
      21
      29
      21
      23
      31
      27
      28
      23
      31
      31
      38
      24
      38
      22
      26
      27
      35
      23
      22
      35
      27
      28
      23
      29
      14
      27
      30
      30
      28
      24
      24
      20
      17
      25
      23
      24
      25
      26
      13
      22
      27
      18
      20
      24
      37
      25
      29
      26
      22
      23
      17
      33
      24
      25
      16
      19
      31
      29
      25
      27
      26
      16
      22
      19
      21
      26
      22
      27
      29
      22
      26
      28
      27
      17
      19
      22
      15
      26
      31
      24
      20
      21
      17
      26
      22
      18
      24
      31
      28
      28
      22
      25
      36
      30
      36
      24
      35
      29
      35
      32
      17
      25
      28
      22
      21
      28
      30
      16
      26
      21
      24
      28
      24
      18
      24
      18
      27
      19
      25
      27
      18
      21
      30
      19
      14
      23
      27
      24
      23
      27
      17
      22
      23
      26
      23
      28
      22
      20
      28
      23
      20
      20
      19
      27
      21
      27
      22
      29
      21
      20
      25
      20
      30
      25
      22
      23
      21
      31
      28
      28
      27
      22
      16
      17
      24
      24
      27
      30
      21
      25
      17
      23
      27
      20
      20
      25
      31
      23
      24
      21
      34
      17
      19
      15
      25
      35
      20
      29
      29
      29
      34
      12
      25
      27
      23
      26
      27
      20
      23
      22
      27
      27
      23
      23
      32
      24
      32
      26
      17
      31
      26
      22
      29
      24
      22
      24
      17
      20
      24
      14
      20
      26
      22
      23
      12
      22
      22
      16
      15
      21
      30
      17
      19
      18
      19
      23
      17
      27
      27
      25
      23
      29
      25
      14
      17
      19
      20
      14
      20
      20
      14
      19
      20
      23
      25
      21
      27
      26
      32
      20
      21
      26
      26
      16
      21
      22
      21
      19
      22
      22
      28
      20
      21
      17
      19
      17
      20
      19
      21
      14
      17
      21
      25
      30
      22
      10
      29
      29
      20
      19
      29
      22
      27
      23
      24
      15
      26
      28
      14
      26
      22
      24
      25
      17
      23
      20
      29
      30
      28
      23
      31
      29
      22
      28
      24
      21
      20
      24
      19
      23
      22
      20
      16
      14
      18
       7
      23
      12
      23
      20
      17
      29
      20
      19
      16
      17
      14
      21
      23
      18
      18
      19
      29
      23
      16
      16
      18
      14
      26
      19
      18
      21
      22
      20
      10
      13
      24
      27
      19
      29
      24
      25
      20
      26
      23
      30
      18
      26
      19
      20
      22
      21
      22
      19
      15
      28
      20
      20
      20
      21
      18
      13
      27
      23
      22
      11
      11
      26
      19
      15
      22
      12
      22
      14
      14
      17
      15
      18
      18
      11
      12
      14
      13
      20
      19
      28
      14
      15
      17
      15
      23
      20
      13
      15
      22
      24
      16
      11
      21
      18
      16
      23
      28
      14
      22
      19
      17
      12
      23
      21
      13
      14
      24
      27
      22
      17
      23
      25
      14
      19
      22
      15
      16
      17
      31
      29
      28
      23
      16
      13
      17
      13
      22
      13
      14
      20
      17
      18
      17
       9
      19
      26
      20
      17
      15
       9
      21
      10
      20
       9
      13
      21
      18
      17
      21
      11
      17
      21
      21
      17
      23
      20
      22
      18
      22
      20
      25
      12
      12
      16
      16
      16
      13
      20
      23
       7
      12
      18
      31
      16
      12
      14
      21
      19
      27
      26
      17
      22
      26
      15
      19
      17
      23
      14
      18
      21
       9
      20
      19
      19
      11
      16
      17
      19
      14
      24
      10
      17
      16
      20
      21
      18
      20
      21
      20
      22
      36
      33
      34
      47
      52
      66
      62
      45
      60
      46
      53
      41
      30
      29
      24
      25
      21
      16
      21
      24
      15
      22
      10
      23
      16
      17
       8
      18
      22
      11
      16
      20
      24
      13
      18
      12
      21
      11
      20
      18
      17
      23
      17
      14
      25
      20
      18
      29
      24
      16
      22
      16
      21
      18
      23
      24
      24
      22
      13
      13
      13
      12
      17
      18
      18
      12
      15
      25
      19
      17
      23
      19
      20
      16
      22
      19
      15
      23
      11
      19
      21
      10
      19
      13
      21
      11
      18
      15
      20
      13
      17
      19
      17
       8
      13
      17
      19
      19
      19
      16
      21
      16
      16
      22
      14
      19
      12
      16
      20
      21
      13
      12
      14
      10
       9
      24
      19
      18
       9
      14
      15
      26
      15
      21
      19
      17
      20
      17
      17
      13
      21
      12
      10
      16
      23
      14
      11
      16
      16
      12
       6
      13
      11
      25
      14
      17
      16
      24
      16
      18
      23
      12
      10
      18
      17
      17
      16
      19
      16
      15
      18
      13
      18
      15
      12
       9
      17
      15
      12
      16
      11
      24
      18
      18
      16
       8
      12
      11
      18
      15
      23
      19
      13
      24
      14
      16
      12
      11
      14
      19
      17
      17
      18
      13
      10
      16
      23
      12
      19
      14
      13
      21
      11
      21
      23
      12
      15
      18
      20
      11
      21
      15
      17
      27
      10
      12
      18
      15
      18
      10
      11
      15
       9
      13
      12
      16
       9
      19
      16
      17
      19
      13
      27
      16
      18
      17
      14
      16
      17
      22
      13
      13
      12
      13
      15
      13
      16
      14
      18
      13
      14
      14
      17
      18
      15
      24
      18
      20
      21
      16
      15
      15
      17
      16
      13
      16
      14
      15
      11
      15
      14
      15
      14
      11
      14
      10
      15
      20
      19
      16
      21
       9
      14
      18
      12
      16
      14
      15
      20
      19
      14
      13
      13
       7
      18
      11
      12
      15
      14
      19
       8
      20
      18
      12
      16
      13
      20
      11
      13
      18
       7
      17
      14
      15
      10
      17
      18
      20
      13
      13
      11
      11
      13
      13
      17
      18
      23
      18
       8
      14
      15
      13
      15
      15
      16
      18
      15
      14
      12
      14
      12
      19
      32
      21
      17
      19
      28
      26
      34
      18
      22
      16
      17
      17
      14
      15
      12
      11
      25
      16
      19
      17
      11
      11
      15
      15
      10
      12
       8
      14
      21
      12
      20
       9
      16
      11
      10
      16
      15
      16
      11
      10
      13
       9
      17
      10
      13
      16
       8
      15
      20
      17
      16
      13
      13
      18
      12
      10
      13
       9
       6
      12
       6
      17
      12
      13
      14
       9
      13
       8
      14
      19
      15
      19
      15
      12
      12
      17
      17
      17
      10
       8
      18
       9
      14
      13
      10
      22
      14
      16
       9
      13
       8
      20
      16
      11
      15
      10
      17
      12
      13
      13
      15
      13
      13
      15
      12
      21
      12
      15
       8
       8
       9
      13
       8
      11
      18
       7
      15
      22
      17
      15
      17
       8
      10
      13
      11
      10
      13
      16
       9
      18
      10
       8
      21
      14
      13
      10
      19
       6
      11
      12
      11
       8
       9
      16
      14
      20
      13
      11
       6
      15
       9
      10
      14
      10
      13
      10
      19
      17
       9
      16
      13
       6
      10
      11
      14
       6
      17
      15
       9
      17
      13
      12
      13
      19
      22
      13
      15
       7
       7
       5
       9
      13
      11
      12
      12
      14
      11
      19
      14
      10
       9
      15
       8
       6
      10
      15
      10
      21
       8
      16
      12
      10
       8
      13
      17
       9
      11
      11
      13
      10
       6
      11
      10
      14
       9
      20
      12
      10
      14
       5
      13
       9
      12
      15
      11
      11
      14
      16
      11
      13
      11
      10
      16
      10
       3
       9
      11
      14
      10
       7
      15
      16
      11
      10
      16
       9
      15
      17
      19
      13
       8
      12
       9
      17
       6
      14
      18
       9
      15
      12
       9
      14
       7
       9
       8
      11
      21
       9
      12
      16
       9
       8
      14
      10
      14
       7
       7
      14
      14
      11
       7
      10
      15
      12
      12
      16
      23
       6
      12
      13
      10
      13
      11
       8
      14
      17
      18
      16
      11
       4
      19
      15
      17
       8
       9
      12
      10
       9
      14
      10
       6
      10
      12
       6
      11
       8
      14
       7
      14
       8
      11
       8
      11
       8
       8
       7
       6
       8
      10
      18
      10
       8
       9
      15
       9
       4
       7
      10
       4
       8
      12
      11
       6
      11
      17
       8
      15
      12
      10
      11
      10
      10
      12
      16
       9
      12
       7
      12
      13
      11
      13
      12
      11
      12
      14
      13
       7
       9
      10
      11
      10
      13
       9
      10
      11
      15
      17
       6
       9
      12
      11
      11
       8
       9
      15
      11
      10
      11
       9
       7
      12
       6
      13
       8
      12
      11
      16
      12
       6
      11
      13
      12
      11
      13
      12
      12
      12
      10
      15
      12
      10
      16
      10
      16
       8
      12
       4
      14
      16
       9
       8
       7
      12
       7
      14
       8
      11
      17
       9
       8
      10
       7
      10
      12
      10
       7
      10
      11
       8
       6
       9
       9
      14
      12
      16
      11
      13
      10
      11
      10
      12
      19
      10
       6
      12
       8
       4
       8
      10
      13
      11
       8
      11
       6
      14
      10
       8
      10
      11
      13
      14
      20
      22
      25
      20
      32
      33
      20
      39
      34
      37
      38
      27
      35
      29
      30
      21
      24
      16
      12
       9
      11
       9
      13
       7
       9
       6
      10
       9
       9
      12
       9
      11
       4
       5
      15
       9
       7
       8
      10
      11
      12
      12
      11
      10
      12
      10
       7
      12
       7
       8
       9
      11
       8
       7
       9
       7
       7
      16
      12
      12
       9
      11
      11
      13
       8
      14
       9
       6
       4
       9
      11
      14
      11
       5
       7
       9
       6
      11
       8
      14
      13
      11
      10
      11
       8
      11
      11
       9
      11
       9
      10
      11
       2
      12
      10
      11
      10
      13
       7
      11
       5
       5
       7
       9
      12
       9
       9
      10
       6
      12
       7
       9
      12
       4
       7
      11
      11
      14
       7
       9
       6
       9
       8
       6
       6
       8
       5
       8
       9
      10
       8
       9
       7
      10
      12
      11
       8
       9
       7
       8
       8
       9
      10
       7
      15
      12
       8
       6
       4
      14
       7
      11
      10
       8
       7
       6
      14
      10
      14
       7
      10
       7
      13
       8
       9
       8
       6
       6
       9
       6
       7
      11
      15
       9
      12
       6
       9
       8
      10
       7
       5
      14
      10
       5
      10
       9
      13
      10
      13
       6
      13
       4
       7
       6
       5
       6
       8
      14
      16
       9
       9
       8
       8
       5
       5
      10
       7
      19
       5
      10
      10
       8
       9
       7
      14
      10
       5
       8
       9
       9
       7
      12
      10
       8
       9
       6
       6
       6
       8
      12
      12
      10
       6
       7
       7
      17
      12
       5
      11
       9
       5
       6
       5
       9
      13
      15
      13
       8
       9
       5
       7
      11
       5
      11
      10
       9
       5
      10
       6
       6
       6
      10
      10
      13
      11
      10
      12
      10
      10
       4
       6
       9
      11
       7
       8
      11
       7
       8
       7
       6
      14
       9
       6
       8
      15
       7
      11
       9
       7
      13
       9
       8
       5
      11
       9
       4
       9
      11
       7
      10
       5
      14
       8
       4
      10
      11
       9
       7
      10
      11
      12
       9
       8
       7
       7
       7
       1
       8
      10
      12
       3
       6
      10
       7
      18
       8
      12
       4
       6
       2
       6
       5
       7
      10
       9
      10
      10
       8
       8
      11
       4
      11
       9
      10
      13
      10
      12
       8
      12
      11
      11
      10
       9
       9
       7
       6
       4
      11
       8
       8
       7
       2
       3
       7
       9
       6
       9
       7
       5
      12
       7
      16
      18
      20
      23
      20
      19
      26
      19
      19
      23
      13
      16
      22
      17
      12
      14
      11
      11
       7
       6
       8
       8
       6
       9
      16
       4
      11
       9
      10
       9
       9
      10
      12
      11
       9
      13
       3
       6
       8
       3
       7
       5
       5
      11
       7
       9
      13
       2
       7
       7
       8
       6
       7
       5
      16
       9
       8
      15
      10
      12
       7
      10
      11
       5
       9
       8
       3
      10
      13
       6
       2
       6
       8
       5
       6
      10
       9
       5
       6
      10
       7
       9
       8
       4
      11
       9
       6
       9
       5
       9
       9
       8
       4
       4
       9
       6
       9
       6
       4
      12
       5
       7
       9
       3
       4
       8
       9
       8
       7
       4
       6
       6
       7
       8
       8
      13
       6
       4
      10
       7
       6
      14
       9
       6
       6
      17
      11
       7
       7
       5
       7
      12
       9
      11
       4
       9
       6
       8
       7
      14
       6
       8
       5
       7
       5
       5
       5
       5
      12
       6
       3
       7
       6
       6
       8
       9
       3
       3
       3
      10
       5
       8
       8
       4
       3
       9
       6
       4
       8
       6
       8
       7
      12
       4
       5
       7
      10
       5
       6
       7
      11
       4
       5
       7
       7
       1
      15
      11
       6
       9
       8
       5
       6
      12
       5
       9
       5
       3
       4
       3
       7
       5
      11
       6
       6
       3
       6
      11
       5
      13
       3
       0
       2
       5
      11
       4
       7
       5
       3
       8
       5
       6
       7
      11
       3
       5
       6
       6
       4
       7
       7
       7
       7
       4
       4
       2
       6
      10
       8
      10
       8
       8
       5
       8
      10
       7
       8
       6
       5
       7
       3
       7
       3
       5
       7
      15
       6
       4
       3
       3
      11
      11
       8
      14
      10
       8
       7
       8
       6
       7
      11
       7
      10
       7
       4
       6
       7
       6
       9
      12
       5
       5
       5
       9
       6
       5
       5
       9
       9
       6
       1
       8
       7
       7
      13
       3
       2
      10
       9
       8
      10
       2
       5
       8
       9
       5
       6
       3
       3
       5
       6
       9
       8
       3
       7
       8
       7
       3
       3
       6
       4
       6
       4
       8
       5
       7
       6
       4
       7
       8
       4
       6
       5
       4
       5
      14
       8
       8
      10
       3
       7
       6
       8
       8
       5
       1
      10
       5
       8
       3
       5
       6
       9
      10
       6
       7
       4
       2
       2
       7
       9
       8
       5
      10
       2
       6
       3
       5
       6
       7
      10
       1
       3
       6
       2
       3
       4
      10
       5
       3
       3
       9
       4
       5
      10
       5
       6
       6
       5
       5
       6
       5
       3
       7
       8
       6
       4
      10
       8
       7
       2
       6
       5
       6
       3
       6
       7
       6
       8
       8
       4
       3
       5
       8
       6
       6
       6
       6
       7
      10
       2
       5
       5
       8
       5
       5
       3
       8
       6
       6
       1
       8
       6
       7
       5
       5
       5
       6
       6
       4
       4
       6
       6
       3
       3
       7
       3
       5
       6
       4
       9
       9
       5
       4
       7
       7
       5
       7
       8
       5
       8
       2
       2
       3
       4
       5
       5
       6
       5
       4
       6
       6
       4
       4
       2
       5
       6
       5
       5
       6
       3
       2
       6
       3
       6
       5
       3
       5
       4
       5
       3
       5
       6
       4
       4
       6
       2
       7
       5
       7
       3
       3
       9
       7
       8
       6
       4
       6
       5
       8
       8
       7
       6
      12
       2
       5
       5
      10
       3
       6
       6
       4
       4
       7
       7
       7
       3
       4
       3
       0
       8
       7
       4
       4
       2
       6
       6
       6
       6
       5
       7
       4
       9
       6
       8
       2
       6
      10
       3
       6
       6
       2
       6
       4
       8
       1
      10
       4
       9
       1
       8
       5
       7
      10
       6
       5
       8
       5
       4
       2
       4
       8
       3
       4
       5
       8
       2
       5
       7
       3
       6
       7
       8
       5
       5
       4
       6
       1
       8
       5
       8
       3
       7
       4
       1
       3
       5
       6
       5
       3
       4
       7
       7
       8
       3
       5
       2
       2
       3
       8
       8
       2
       9
       4
       6
       7
       4
       2
       7
       5
       5
       3
       2
       7
       7
       6
      10
      10
      11
       7
       4
       5
       6
       8
      11
       8
       5
       3
       4
       4
       5
       7
       4
       6
       7
       8
       5
       3
      10
       4
       6
       0
       4
       4
       9
       8
       4
       7
       8
       6
       5
       3
       6
       4
       6
       3
       1
       9
       6
       5
       6
       8
       5
       5
       6
       9
       5
       7
       3
       4
       3
       7
       7
       4
       5
       8
       4
       2
       6
       3
       3
       1
       4
       7
       2
       3
       3
       3
       5
       3
       1
       2
       8
       6
       1
       7
       4
       7
       7
       0
       3
       4
       4
       4
       8
       4
       4
       4
       5
       3
       4
       6
       4
       7
       2
       4
       7
       1
       3
       7
       5
       7
       2
       4
       6
       5
       3
       5
       6
       8
       6
      10
       8
       5
       4
       3
       8
       3
       6
       9
       5
       6
       5
       4
       6
      10
       7
       5
       4
      11
       9
      10
       7
       9
       6
       8
      10
       7
       6
       8
       9
       4
       9
       8
       4
       7
       2
       3
       4
       5
       4
       5
       4
       1
       7
       5
       6
       1
       6
       5
       4
       6
       4
       6
       5
       5
       6
       5
       6
       7
       8
       3
       6
       8
       7
       2
       3
       2
       8
       5
       6
       2
       7
       1
       5
      10
       4
       3
       2
       8
       6
       3
       4
       6
       2
       5
       2
       8
       2
       1
       2
       4
       6
       4
       7
       4
       8
       2
       6
       4
       6
       2
       5
       7
       4
       6
       7
       4
       7
       2
       7
       5
       3
       7
       2
       4
       4
       5
       3
       7
       5
       8
       4
       6
       5
       2
       3
      10
       2
       6
       6
       5
       4
       7
       7
       4
       5
       4
       0
      11
       8
       3
       7
       5
       5
       6
       4
       3
       6
       2
       1
       4
       5
       6
       3
       4
       7
       3
       5
       6
       0
       2
       3
       3
       8
       5
       5
       5
       8
       4
       7
       6
       2
       6
       5
       2
       1
       4
       1
       2
       2
       5
       3
       2
       3
       1
       4
       9
       3
       5
       3
       3
       5
       5
       3
       5
       5
       9
       6
       2
       3
       7
       4
       2
       4
       3
       5
       3
       5
       6
       3
       6
       1
       9
       6
       5
       4
       7
       3
       8
       8
       3
       4
       4
       2
       6
       2
       5
       9
       4
       2
       5
       5
       0
       4
       5
       9
       2
       8
       4
       6
       4
       5
       5
       6
       1
       5
       3
       6
       4
       2
       1
       1
       3
       2
       7
       2
       5
       4
       2
       3
       4
       4
       3
       3
       3
       3
       6
       1
       5
       5
       4
       3
       9
       3
       4
       2
       5
       3
       4
       8
       3
       1
       4
       4
       6
       2
       4
       4
       3
       3
       4
       3
       6
       3
       3
       2
       5
       6
       6
       9
       6
       6
       4
       3
       6
       5
       1
       6
       6
       3
       3
       4
       3
       5
       2
       5
       3
       3
       8
       2
       3
       0
       5
       2
       2
       3
       1
       4
       4
       3
       6
       3
       4
       0
       4
       4
       7
       7
       6
       4
       2
       2
       6
       3
       2
       3
       4
       4
       4
       2
       2
       3
       3
       3
       5
       6
       7
       1
       2
       3
       5
       3
       2
       5
       4
       7
       6
       2
       3
       6
       3
       2
       3
       3
       4
       3
       3
       3
       5
       2
       3
       4
       5
       3
       3
       1
       3
       5
       4
       3
       6
       4
       2
       5
       6
       2
       5
       3
       2
       1
       2
       4
       5
       5
      10
       2
       4
       6
       3
       3
       4
       4
       3
       6
       3
       3
       2
       1
       5
       3
       1
       4
       2
       3
       4
       3
       5
       8
       3
       4
       5
       2
       4
       1
       5
       2
       1
       5
       6
       6
       3
       5
       3
       2
       4
       3
       4
       1
       5
       2
       5
       1
       5
       2
       2
       3
       5
       2
       1
       4
       2
       4
       4
       5
       4
       3
       6
       6
       5
       3
       3
       4
       0
       2
       6
       4
       9
       6
       2
       1
       3
       4
       4
       8
       3
       3
       3
       3
       4
       3
       3
       8
       3
       6
       0
       3
       5
       5
       3
       7
       3
       5
       4
       2
       3
       3
       2
       5
       2
       6
       6
       3
       2
       3
       5
       4
       1
       4
       3
       3
       5
       3
       2
       1
       3
       1
       3
       6
       4
       2
       4
       8
       3
       4
       4
       3
       2
       1
       3
       4
       1
       3
       4
       7
       2
       2
       8
       4
       6
       5
       3
       1
       4
       3
       6
       5
       5
       6
       2
       6
       3
       0
       4
       1
       7
       2
       6
       5
       4
       1
       4
       3
       4
       5
       3
       5
       5
       3
       2
       8
       4
       4
       2
       3
       3
       6
       0
       4
       3
       6
       5
       2
       4
       3
       0
       0
       1
       2
       2
       2
       4
       4
       2
       3
       1
       2
       4
       4
       2
       2
       4
       1
       7
       5
       7
       2
       3
       5
       2
       3
       7
       3
       3
       5
       4
       2
       2
       4
       2
       5
       3
       2
       1
       6
       4
       5
       2
       3
       6
       4
       1
       2
       3
       2
       0
       3
       1
       7
       1
       3
       6
       5
       5
       1
       2
       1
       6
       3
       3
       4
       6
       1
       1
       3
       7
       7
       4
       2
       2
       4
       5
       4
       3
       2
       4
       3
       1
       2
       3
       4
       2
       9
       5
       1
       1
       3
       1
       2
       1
       4
       7
       2
       3
       6
       2
       6
       2
       2
       1
       6
       4
       0
       4
       6
       4
       1
       4
       1
       0
       4
       2
       4
       4
       4
       4
       5
       5
       7
       0
       7
       2
       3
       4
       4
       4
       7
       1
       6
       3
       3
       3
       5
       5
       4
       5
       1
       2
       5
       7
       2
       3
       5
       4
       2
       3
       2
       3
       1
       2
       3
       4
       5
       1
       1
       1
       4
       7
       1
       2
       3
       2
       4
       3
       1
       0
       2
       6
       1
       5
       2
       1
       4
       3
       6
       5
       2
       2
       3
       4
       5
       2
       5
       3
       0
       4
       3
       1
       1
       3
       6
       3
       2
       2
       3
       4
       5
       4
       2
       6
       0
       2
       1
       1
       2
       2
       4
       1
       5
       4
       4
       6
       5
       4
       3
       3
       5
       7
       4
       5
       4
       2
       4
       2
       5
       8
       2
       3
       2
       0
       3
       3
       4
       0
       3
       3
       5
       2
       2
       2
       4
       1
       1
       5
       4
       3
       1
       2
       2
       4
       5
       6
       3
       7
       6
       3
       2
       1
       3
       7
       4
       2
       5
       2
       4
       1
       0
       4
       5
       6
       3
       2
       3
       1
       4
       2
       4
       4
       2
       5
       4
       3
       2
       3
       3
       2
       3
       4
       2
       2
       4
       1
       4
       4
       2
       3
       3
       4
       2
       3
       3
       6
       2
       7
       5
       2
       1
       1
       3
       2
       2
       2
       2
       3
       3
       5
       1
       3
       2
       0
       3
       2
       5
       0
       0
       1
       3
       1
       2
       2
       6
       4
       7
       3
       3
       1
       2
       5
       2
       4
       0
       7
       7
       3
       5
       2
       3
       2
       2
       1
       2
       3
       2
       2
       1
       3
       2
       5
       4
       2
       2
       4
       4
       4
       2
       1
       3
       3
       2
       3
       4
       1
       1
       4
       4
       3
       6
       1
       5
       0
       6
       5
       2
       5
       2
       3
       1
       0
       3
       1
       4
       3
       4
       1
       2
       0
       2
       1
       2
       8
       2
       4
       0
       2
       4
       2
       5
       7
       4
       0
       2
       3
       4
       1
       4
       5
       3
       4
       6
       4
       2
       3
       3
       1
       4
       2
       3
       1
       3
       0
       0
       3
       3
       5
       2
       2
       4
       4
       3
       3
       2
       6
       5
       1
       4
       3
       3
       0
       2
       2
       1
       0
       2
       1
       1
       0
       4
       0
       5
       2
       1
       2
       1
       2
       2
       2
       1
       2
       4
       3
       2
       5
       1
       1
       7
       1
       4
       3
       0
       2
       4
       3
       3
       4
       2
       6
       3
       6
       2
       3
       2
       9
       6
       3
       6
       3
       2
       4
       6
       4
       0
       2
       3
       5
       2
       4
       5
       4
       2
       3
       6
       2
       4
       2
       3
       6
       1
       4
       3
       4
       6
       3
       1
       1
       6
       3
       1
       1
       4
       0
       5
       6
       5
       1
       0
       2
       1
       3
       2
       4
       1
       4
       3
       5
       4
       2
       2
       0
       1
       3
       0
       3
       2
       1
       2
       1
       1
       2
       4
       4
       8
       5
       3
       3
       1
       4
       6
       3
       3
       1
       4
       3
       2
       5
       2
       3
       3
       2
       4
       2
       1
       3
       2
       3
       3
       0
       2
       4
       3
       4
       2
       1
       3
       2
       3
       0
       1
       3
       4
       3
       6
       4
       1
       5
       3
       4
       1
       2
       2
       4
       1
       2
       4
       2
       5
       1
       3
       6
       1
       3
       2
       3
       4
       3
       3
       1
       4
       1
       3
       1
       3
       5
       1
       3
       2
       4
       3
       1
       2
       5
       4
       2
       2
       1
       0
       2
       4
       1
       4
       3
       2
       2
       5
       0
       1
       2
       1
       6
       1
       3
       1
       5
       1
       3
       3
       1
       0
       1
       6
       3
       5
       1
       3
       4
       4
       1
       4
       3
       3
       4
       1
       2
       2
       1
       2
       3
       3
       1
       3
       5
       5
       2
       5
       0
       1
       4
       1
       3
       4
       1
       1
       2
       1
       0
       4
       5
       3
       3
       3
       4
       3
       4
       4
       2
       3
       3
       5
       2
       4
       3
       2
       4
       1
       2
       0
       0
       4
       2
       2
       3
       0
       0
       1
       4
       4
       2
       1
       2
       3
       4
       3
       1
       3
       1
       3
       1
       2
       3
       1
       1
       3
       1
       3
       4
       8
       4
       6
       3
       3
       1
       3
       2
       4
       2
       4
       2
       1
       2
       2
       3
       2
       2
       1
       2
       3
       2
       1
       5
       4
       2
       5
       0
       4
       0
       1
       2
       3
       4
       6
       5
       3
       3
       2
       3
       2
       1
       3
       1
       3
       5
       3
       2
       3
       4
       2
       2
       2
       2
       1
       0
       5
       2
       2
       2
       3
       4
       0
       1
       1
       3
       1
       2
       3
       5
       2
       1
       2
       2
       3
       1
       0
       7
       0
       4
       1
       1
       2
       1
       3
       2
       2
       0
       2
       2
       3
       5
       3
       2
       2
       3
       7
       0
       2
       2
       0
       3
       1
       6
       1
       1
       2
       4
       3
       1
       3
       2
       2
       1
       1
       1
       0
       4
       3
       6
       2
       3
       4
       3
       1
       2
       2
       2
       1
       0
       3
       2
       1
       2
       1
       4
       1
       1
       1
       1
       2
       4
       5
       4
       2
       3
       3
       1
       2
       3
       2
       3
       4
       6
       2
       3
       4
       3
       0
       1
       2
       1
       4
       2
       2
       3
       1
       3
       4
       1
       3
       2
       1
       3
       3
       1
       3
       4
       2
       2
       4
       3
       0
       4
       2
       3
       6
       2
       3
       2
       0
       5
       0
       0
       3
       0
       4
       3
       0
       2
       1
       3
       3
       5
       1
       3
       2
       1
       2
       2
       2
       1
       0
       2
       0
       1
       2
       4
       5
       2
       3
       3
       1
       3
       2
       5
       1
       4
       5
       0
       3
       2
       4
       6
       5
       3
       2
       1
       3
       3
       3
       9
       2
       1
       2
       1
       3
       3
       1
       1
       2
       3
       1
       0
       2
       5
       1
       0
       0
       3
       2
       2
       2
       3
       3
       3
       6
       5
       1
       1
       2
       2
       2
       3
       3
       2
       4
       6
       3
       3
       4
       2
       3
       1
       2
       2
       1
       5
       5
       2
       3
       1
       4
       1
       1
       3
       1
       2
       0
       1
       1
       0
       1
       4
       1
       1
       4
       1
       2
       1
       1
       1
       4
       2
       3
       5
       1
       2
       3
       3
       3
       2
       2
       3
       2
       0
       3
       0
       2
       0
       3
       2
       2
       1
       3
       2
       1
       1
       1
       3
       2
       2
       2
       1
       2
       3
       2
       2
       3
       2
       2
       1
       3
       3
       4
       1
       2
       3
       3
       3
       1
       3
       3
       1
       5
       1
       1
       1
       2
       1
       1
       1
       3
       0
       0
       2
       1
       4
       4
       1
       2
       6
       5
       0
       0
       2
       1
       1
       5
       1
       3
       4
       6
       2
       2
       1
       1
       4
       1
       3
       2
       3
       1
       4
       2
       2
       2
       1
       2
       6
       3
       2
       4
       1
       3
       2
       2
       2
       2
       6
       1
       1
       1
       2
       2
       2
       4
       2
       1
       1
       3
       0
       2
       1
       3
       5
       2
       5
       4
       6
       5
       3
       0
       4
       3
       2
       5
       2
       3
       2
       2
       3
       1
       0
       3
       2
       0
       2
       1
       1
       1
       5
       0
       3
       2
       0
       0
       1
       4
       6
       3
       4
       5
       1
       1
       1
       3
       2
       2
       1
       1
       3
       1
       3
       2
       0
       1
       3
       2
       1
       0
       3
       2
       4
       1
       3
       4
       0
       1
       2
       1
       4
       1
       2
       1
       3
       1
       2
       1
       0
       3
       2
       5
       2
       2
       2
       2
       0
       4
       2
       3
       3
       0
       3
       0
       2
       2
       2
       2
       4
       0
       1
       5
       1
       3
       2
       1
       2
       0
       2
       1
       1
       3
       3
       6
       5
       3
       0
       1
       1
       1
       2
       2
       2
       0
       2
       2
       0
       1
       2
       2
       3
       3
       5
       5
       3
       0
       4
       2
       1
       0
       3
       1
       2
       1
       3
       2
       1
       2
       2
       4
       3
       2
       1
       2
       1
       1
       2
       1
       2
       1
       0
       3
       3
       2
       2
       4
       3
       3
       2
       4
       3
       2
       1
       2
       4
       1
       3
       0
       2
       2
       1
       4
       1
       3
       1
       4
       4
       1
       5
       2
       0
       2
       1
       0
       0
       3
       4
       5
       6
       3
       0
       1
       1
       0
       0
       3
       4
       1
       0
       4
       1
       1
       2
       5
       3
       2
       0
       2
       4
       1
       2
       1
       2
       1
       0
       3
       2
       2
       0
       4
       0
       3
       2
       2
       2
       3
       1
       3
       5
       1
       3
       1
       5
       2
       2
       3
       0
       0
       3
       1
       3
       1
       3
       1
       2
       2
       1
       4
       1
       1
       1
       1
       2
       3
       2
       1
       3
       1
       1
       2
       3
       0
       0
       1
       1
       3
       0
       1
       2
       2
       1
       1
       0
       2
       0
       0
       2
       2
       2
       1
       3
       3
       2
       2
       5
       1
       2
       1
       0
       1
       2
       1
       1
       4
       2
       1
       1
       1
       3
       2
       1
       2
       1
       4
       3
       3
       2
       3
       1
       2
       1
       0
       3
       3
       3
       4
       1
       3
       2
       3
       2
       3
       2
       3
       8
       5
       4
       7
       4
      11
       6
       7
       3
      10
       3
       5
       8
       3
       6
       5
       8
       4
       3
       5
       3
       2
       2
       2
       2
       2
       2
       2
       3
       2
       4
       2
       4
       1
       0
       1
       2
       0
       1
       0
       4
       0
       3
       0
       1
       6
       1
       5
       3
       2
       1
       2
       1
       3
       3
       2
       4
       1
       3
       2
       1
       1
       4
       1
       2
       3
       3
       0
       1
       1
       2
       5
       0
       2
       4
       1
       0
       2
       3
       1
       1
       1
       3
       1
       1
       2
       1
       2
       4
       3
       3
       2
       2
       1
       5
       0
       0
       2
       4
       2
       3
       2
       2
       0
       0
       1
       2
       1
       2
       2
       1
       1
       0
       3
       1
       1
       1
       1
       2
       2
       3
       3
       0
       0
       1
       1
       1
       0
       2
       0
       2
       4
       1
       1
       1
       3
       1
       2
       2
       0
       2
       3
       1
       2
       3
       0
       3
       2
       6
       1
       2
       0
       0
       4
       1
       1
       1
       1
       4
       2
       2
       3
       3
       2
       0
       1
       3
       2
       5
       3
       3
       0
       2
       1
       1
       1
       3
       1
       3
       3
       2
       3
       0
       2
       4
       3
       2
       3
       2
       4
       3
       0
       1
       1
       2
       3
       2
       2
       2
       4
       2
       4
       4
       1
       0
       1
       1
       1
       1
       6
       2
       2
       2
       2
       2
       1
       3
       0
       2
       2
       2
       1
       2
       1
       2
       1
       1
       1
       2
       0
       1
       1
       2
       1
       4
       0
       0
       1
       3
       2
       2
       1
       2
       0
       2
       0
       2
       6
       2
       1
       0
       2
       0
       0
       0
       0
       2
       2
       2
       2
       3
       3
       3
       0
       0
       1
       5
       2
       0
       1
       4
       3
       1
       0
       0
       4
       2
       1
       4
       2
       1
       1
       1
       3
       4
       0
       0
       3
       1
       0
       3
       1
       1
       0
       1
       2
       2
       2
       5
       3
       0
       3
       4
       3
       0
       2
       0
       0
       2
       2
       1
       0
       0
       2
       3
       2
       2
       0
       2
       1
       4
       1
       3
       3
       1
       0
       0
       1
       3
       1
       1
       1
       1
       2
       2
       3
       0
       1
       3
       1
       1
       3
       0
       0
       4
       1
       3
       5
       1
       0
       3
       0
       1
       3
       0
       1
       1
       2
       4
       2
       2
       5
       3
       2
       0
       0
       1
       1
       3
       1
       4
       0
       1
       1
       1
       2
       3
       3
       2
       0
       2
       1
       3
       1
       2
       0
       3
       2
       2
       0
       1
       5
       1
       2
       2
       3
       4
       2
       2
       2
       1
       0
       1
       1
       1
       1
       3
       1
       1
       1
       2
       2
       6
       1
       0
       3
       2
       3
       0
       5
       1
       3
       1
       2
       0
       0
       4
       1
       0
       0
       6
       0
       2
       2
       2
       1
       3
       1
       2
       0
       1
       1
       1
       1
       3
       1
       4
       1
       1
       0
       5
       1
       1
       2
       0
       4
       1
       3
       1
       0
       0
       2
       1
       1
       3
       3
       2
       2
       0
       1
       1
       3
       1
       2
       3
       1
       1
       0
       3
       1
       1
       0
       0
       0
       1
       3
       4
       1
       2
       1
       0
       4
       2
       1
       2
       2
       3
       0
       0
       3
       3
       0
       2
       0
       2
       0
       2
       2
       0
       1
       2
       0
       3
       0
       2
       0
       2
       0
       1
       1
       0
       0
       3
       2
       2
       1
       1
       0
       0
       2
       3
       3
       1
       0
       2
       1
       2
       1
       1
       3
       0
       1
       3
       3
       1
       2
       1
       1
       2
       0
       3
       1
       2
       0
       0
       1
       2
       0
       3
       1
       2
       1
       1
       1
       1
       1
       1
       1
       2
       0
       4
       5
       2
       1
       1
       2
       2
       3
       4
       1
       1
       2
       2
       2
       1
       3
       2
       0
       3
       1
       1
       3
       1
       0
       0
       3
       2
       0
       0
       6
       0
       1
       1
       2
       2
       3
       0
       0
       1
       2
       0
       1
       0
       3
       2
       1
       0
       0
       2
       3
       0
       2
       3
       4
       1
       2
       1
       3
       0
       1
       2
       1
       1
       2
       2
       1
       3
       4
       0
       2
       2
       1
       2
       0
       3
       1
       4
       3
       4
       2
       0
       2
       1
       2
       3
       0
       1
       0
       1
       0
       2
       2
       3
       0
       3
       4
       2
       0
       3
       4
       5
       3
       5
       2
       1
       2
       1
       1
       1
       2
       4
       1
       0
       6
       3
       1
       0
       0
       3
       2
       3
       0
       1
       3
       2
       3
       3
       0
       0
       2
       1
       1
       0
       1
       2
       3
       2
       2
       2
       5
       2
       0
       0
       1
       1
       2
       2
       3
       2
       2
       2
       2
       2
       4
       3
       1
       3
       0
       2
       2
       0
       2
       0
       0
       1
       0
       1
       1
       0
       2
       2
       2
       0
       1
       2
       1
       0
       2
       1
       3
       1
       0
       2
       3
       2
       1
       0
       1
       0
       1
       2
       1
       0
       2
       3
       2
       1
       4
       1
       2
       0
       2
       2
       0
       0
       1
       3
       2
       0
       0
       2
       1
       2
       1
       1
       1
       1
       1
       1
       2
       1
       2
       1
       1
       0
       0
       1
       0
       0
       2
       1
       1
       1
       0
       0
       1
       2
       2
       1
       1
       3
       1
       2
       0
       1
       2
       1
       1
       0
       3
       0
       0
       0
       1
       0
       2
       4
       1
       3
       2
       0
       3
       4
       1
       0
       2
       0
       2
       0
       3
       4
       1
       3
       0
       2
       1
       2
       3
       1
       3
       1
       2
       0
       2
       1
       2
       0
       1
       2
       1
       1
       2
       0
       0
       4
       1
       0
       1
       1
       3
       3
       0
       1
       2
       1
       1
       0
       2
       0
       1
       0
       4
       2
       4
       3
       2
       0
       1
       0
       2
       0
       3
       3
       0
       1
       1
       1
       1
       2
       2
       0
       0
       1
       1
       3
       0
       2
       2
       5
       1
       1
       0
       3
       0
       1
       2
       1
       0
       2
       0
       1
       0
       3
       0
       2
       0
       2
       0
       0
       1
       2
       3
       1
       1
       0
       1
       2
       2
       0
       0
       1
       1
       1
       0
       1
       0
       3
       0
       1
       1
       6
       2
       3
       2
       0
       1
       1
       3
       4
       2
       2
       1
       4
       3
       1
       0
       1
       2
       5
       1
       0
       2
       2
       2
       1
       3
       0
       0
       2
       3
       1
       1
       0
       0
       1
       4
       2
       4
       1
       1
       4
       0
       0
       1
       1
       2
       1
       2
       1
       1
       0
       1
       2
       1
       2
       0
       4
       1
       1
       1
       2
       0
       1
       1
       2
       0
       3
       0
       0
       2
       3
       0
       1
       3
       2
       0
       3
       0
       1
       2
       1
       1
       2
       2
       0
       0
       1
       2
       1
       1
       1
       3
       1
       0
       2
       2
       1
       4
       0
       0
       0
       1
       1
       4
       2
       1
       1
       0
       0
       2
       0
       1
       5
       1
       2
       2
       2
       3
       1
       1
       0
       4
       2
       1
       1
       3
       4
       1
       1
       1
       2
       1
       2
       1
       3
       3
       0
       1
       1
       1
       1
       1
       1
       0
       2
       2
       0
       2
       2
       1
       1
       1
       0
       3
       0
       0
       0
       2
       2
       1
       3
       0
       2
       0
       1
       1
       1
       0
       0
       0
       4
       0
       1
       1
       1
       1
       1
       1
       0
       0
       2
       1
       1
       2
       3
       1
       1
       1
       2
       3
       2
       5
       0
       1
       2
       4
       1
       1
       3
       0
       3
       2
       1
       0
       1
       0
       2
       1
       1
       4
       1
       1
       4
       4
       0
       0
       3
       5
       0
       1
       1
       0
       1
       0
       0
       1
       4
       1
       1
       1
       1
       1
       0
       2
       1
       2
       1
       0
       2
       1
       2
       0
       1
       2
       3
       3
       2
       1
       2
       1
       2
       0
       3
       1
       0
       3
       0
       1
       0
       0
       0
       1
       0
       2
       1
       0
       0
       3
       0
       1
       1
       2
       0
       0
       2
       2
       3
       1
       1
       2
       2
       1
       0
       0
       2
       1
       1
       2
       2
       0
       2
       1
       3
       1
       2
       1
       5
       1
       1
       1
       0
       2
       2
       1
       1
       2
       2
       1
       0
       2
       2
       0
       1
       1
       2
       0
       3
       1
       1
       0
       0
       3
       1
       0
       1
       0
       0
       2
       2
       1
       4
       2
       1
       4
       0
       3
       4
       0
       2
       0
       0
       2
       0
       2
       1
       0
       0
       3
       1
       1
       0
       2
       1
       1
       0
       0
       0
       1
       1
       2
       0
       3
       1
       1
       1
       3
       2
       0
       4
       1
       0
       3
       2
       0
       0
       1
       0
       2
       0
       3
       2
       1
       0
       0
       0
       2
       1
       2
       1
       2
       2
       3
       1
       2
       0
       0
       0
       3
       1
       0
       3
       1
       0
       0
       2
       2
       3
       0
       1
       2
       0
       2
       0
       1
       2
       1
       4
       0
       0
       1
       2
       1
       1
       1
       0
       3
       1
       2
       0
       1
       3
       0
       1
       3
       3
       1
       0
       2
       0
       1
       2
       0
       1
       1
       1
       2
       3
       1
       4
       0
       0
       3
       1
       1
       0
       4
       1
       3
       1
       0
       0
       1
       0
       2
       1
       3
       3
       3
       1
       1
       5
       3
       1
       1
       2
       1
       0
       1
       3
       0
       0
       2
       1
       0
       2
       1
       2
       0
       3
       0
       1
       1
       0
       1
       0
       0
       2
       0
       2
       1
       2
       0
       0
       1
       1
       2
       3
       2
       0
       0
       3
       3
       0
       3
       1
       2
       0
       4
       1
       3
       3
       2
       3
       1
       1
       1
       1
       1
       0
       1
       1
       0
       3
       0
       1
       2
       3
       0
       2
       2
       1
       1
       1
       2
       2
       0
       0
       2
       1
       1
       2
       2
       3
       0
       2
       1
       0
       2
       2
       3
       2
       0
       2
       0
       2
       1
       0
       2
       1
       1
       1
       2
       1
       0
       2
       0
       0
       0
       0
       0
       0
       0
       0
       0
       0
       0
       0
       0
       0
       0
       0
       0
       0
       0
       0
       0
       0
       0
       0
       0
       0
       0
       0
       0
       0
       0
       0
       0
       0
       0
       0
       0
       0
       0
       0
       0
       0
       0
       0
       0
       0
       0
       0
       0
       0
       0
       0
       0
       0
       0
       0
       0
       0
       0
       0
       0
       0
       0
       0
       0
       0
       0
       0
       0
       0
       0
       0
       0
       0
       0
       0
       0
       0
       0
       0
       0
       0
       0
       0
       0
       0
       0
       0
       0
       0
       0
       0
       0
       0
       0
       0
       0
       0
       0
       0
       0
       0
       0
       0
       0
       0
       0
       0
       0
       0
       0
       0
       0
       0
       0
       0
       0
       0
       0
       0
       0
       0
       0
       0
       0
       0
       0
       0
       0
       0
       0
       0
       0
       0
       0
       0
       0
       0
       0
       0
       0
       0
       0
       0
       0
       0
       0
       0
       0
       0
       0
       0
       0
       0
       0
       0
       0
       0
       0
       0
       0
       0
       0
       0
       0
       0
       0
       0
       0
       0
       0
       0
       0
       0
       0
       0
       0
       0
       0
       0
       0
       0
       0
       0
       0
       0
       0
       0
       0
$ROI:
2
2765 2788
2820 2882
$PRESETS:
None
0
0
$ENER_FIT:
0.000000 0.402997
$MCA_CAL:
3
0.000000E+000 4.029968E-001 0.000000E+000 keV
$SHAPE_CAL:
3
0.000000E+000 0.000000E+000 0.000000E+000
