$SPEC_ID:
Cs137
$SPEC_REM:
DET# 2
DETDESC# DETECTOR 2
AP# Maestro Version 7.01
$DATE_MEA:
03/03/2017 10:57:39
$MEAS_TIM:
29023 29026
$DATA:
0 8191
       0
       0
       0
       0
       0
       0
       0
       0
       0
       0
       0
       0
       0
       0
       0
       0
       0
       0
       0
       0
       0
       0
       0
       0
       0
       0
       0
       0
       0
       0
       0
       0
       0
       0
       0
       0
       0
       0
       0
       0
       0
       0
       0
       0
       0
       0
       0
       0
       0
       0
       0
       0
       0
       0
       0
       0
       0
       0
       0
       0
       0
       0
       0
       0
       0
       0
       0
       0
       0
       0
       0
       0
       0
       0
       0
       0
       0
       0
       0
       0
       0
       0
       0
       0
       0
       0
       0
       0
       0
       0
       0
       0
       0
       0
       0
      29
     129
     291
     319
     308
     278
     306
     284
     311
     286
     282
     271
     265
     258
     244
     230
     241
     235
     235
     257
     313
     282
     258
     233
     204
     194
     180
     182
     174
     218
     195
     190
     206
     194
     185
     189
     213
     235
     257
     236
     210
     190
     198
     214
     212
     200
     215
     226
     231
     203
     231
     240
     225
     253
     228
     228
     241
     238
     233
     219
     252
     284
     368
     394
     389
     290
     237
     246
     243
     199
     265
     245
     245
     251
     238
     246
     251
     248
     268
     278
     272
     237
     254
     282
     393
     537
     671
     700
     528
     470
     670
    1026
    1105
     880
     501
     331
     221
     256
     224
     248
     221
     197
     203
     208
     205
     204
     231
     203
     225
     234
     206
     234
     244
     280
     372
     519
     572
     546
     439
     289
     266
     266
     342
     317
     288
     226
     237
     210
     216
     229
     185
     196
     230
     266
     333
     408
     416
     387
     295
     227
     231
     193
     229
     212
     206
     215
     194
     194
     194
     207
     207
     186
     225
     200
     209
     196
     196
     189
     223
     211
     195
     222
     190
     191
     197
     224
     203
     179
     209
     201
     207
     201
     213
     186
     197
     199
     204
     182
     174
     213
     208
     192
     198
     212
     226
     195
     233
     237
     225
     207
     217
     203
     222
     217
     170
     228
     212
     209
     215
     205
     230
     208
     214
     184
     218
     218
     202
     210
     204
     209
     232
     223
     217
     236
     219
     206
     223
     202
     233
     216
     213
     220
     224
     212
     221
     225
     203
     218
     215
     205
     228
     198
     202
     236
     196
     214
     221
     234
     231
     243
     228
     221
     233
     225
     197
     233
     242
     210
     231
     224
     235
     215
     237
     233
     248
     213
     224
     215
     218
     225
     199
     228
     236
     223
     245
     262
     236
     230
     219
     214
     237
     216
     242
     231
     230
     239
     220
     205
     210
     203
     197
     228
     204
     199
     206
     197
     225
     193
     191
     222
     231
     233
     211
     230
     205
     218
     223
     203
     227
     208
     274
     273
     245
     215
     245
     222
     198
     218
     204
     236
     226
     253
     225
     235
     200
     191
     216
     214
     212
     213
     209
     210
     228
     216
     200
     214
     236
     230
     216
     262
     220
     236
     224
     251
     240
     251
     239
     234
     229
     242
     244
     232
     252
     252
     246
     249
     247
     250
     235
     226
     247
     276
     250
     263
     247
     242
     275
     226
     245
     235
     246
     213
     250
     243
     237
     253
     330
     330
     329
     297
     227
     226
     255
     246
     250
     264
     245
     240
     234
     233
     253
     249
     222
     198
     222
     233
     221
     209
     249
     248
     262
     240
     225
     262
     252
     236
     218
     263
     254
     269
     236
     233
     225
     258
     250
     260
     214
     218
     252
     251
     236
     257
     247
     281
     234
     258
     228
     251
     237
     228
     238
     230
     223
     254
     234
     226
     258
     242
     215
     243
     230
     231
     240
     219
     234
     254
     216
     228
     247
     259
     207
     207
     222
     216
     232
     208
     222
     238
     229
     216
     229
     228
     202
     218
     194
     226
     233
     221
     191
     219
     222
     222
     229
     225
     220
     200
     193
     236
     194
     224
     195
     203
     224
     221
     185
     214
     221
     209
     215
     207
     237
     201
     214
     218
     209
     233
     200
     204
     211
     214
     198
     228
     175
     234
     202
     203
     201
     226
     231
     229
     217
     236
     238
     212
     231
     203
     194
     224
     236
     237
     216
     199
     217
     238
     200
     210
     201
     211
     227
     203
     204
     200
     190
     219
     208
     223
     213
     201
     201
     209
     195
     185
     184
     188
     198
     177
     205
     182
     218
     226
     188
     199
     180
     197
     208
     201
     212
     222
     189
     202
     180
     176
     203
     184
     166
     206
     173
     198
     202
     199
     189
     181
     201
     159
     208
     181
     163
     177
     176
     202
     187
     184
     179
     189
     178
     177
     159
     140
     188
     165
     173
     159
     165
     181
     186
     177
     149
     185
     171
     163
     181
     163
     150
     161
     159
     170
     179
     183
     174
     163
     156
     170
     157
     158
     158
     168
     160
     168
     161
     145
     167
     170
     158
     172
     156
     170
     174
     154
     153
     164
     169
     163
     157
     162
     154
     144
     130
     173
     143
     155
     155
     158
     161
     163
     154
     161
     152
     171
     154
     151
     164
     165
     150
     159
     124
     137
     149
     156
     133
     153
     155
     141
     142
     163
     149
     154
     145
     143
     127
     173
     162
     140
     152
     141
     169
     130
     178
     166
     137
     180
     129
     138
     166
     140
     157
     172
     153
     150
     139
     144
     165
     150
     155
     143
     144
     154
     118
     163
     140
     147
     151
     142
     154
     168
     178
     149
     144
     161
     144
     153
     145
     140
     144
     153
     134
     144
     157
     160
     151
     152
     150
     142
     171
     153
     154
     146
     129
     141
     158
     157
     148
     131
     142
     148
     153
     148
     149
     162
     143
     131
     150
     150
     161
     169
     138
     158
     155
     158
     153
     149
     159
     154
     131
     146
     131
     132
     164
     137
     125
     130
     145
     126
     117
     118
     125
     128
     109
     115
     128
     143
     113
     104
     115
     107
      90
      91
      98
      99
     122
     112
     103
     132
     114
      90
     111
      94
     107
     108
     111
     105
     119
     136
      97
      95
     105
      89
      96
      86
     123
     102
     105
     102
      96
      96
     104
      79
      92
      86
      87
     121
      97
      96
      86
      93
      75
     103
     100
     108
      93
     113
      90
      76
      90
      89
      86
      88
      95
      97
     105
      91
      79
      93
      97
      95
      73
      77
      72
      99
      79
      88
      81
     103
      86
      73
      87
     101
      80
      70
      86
      85
      65
      66
      79
      84
      84
      77
      79
      69
      64
      85
      76
      72
      88
      65
      87
      82
      67
      69
      89
      72
      83
      75
      76
      80
      77
      71
      65
      69
      67
      53
      64
      77
      64
      86
      82
      57
      75
      78
      70
      54
      62
      80
      63
      85
      77
      75
      84
      66
      66
      75
      78
      77
      85
      64
      58
      72
      52
      63
      59
      69
      65
      60
      70
      74
      77
      79
      72
      48
      63
      66
      59
      54
      73
      66
      68
      71
      61
      72
      46
      63
      71
      56
      59
      55
      65
      73
      57
      49
      70
      71
      69
      62
      51
      59
      64
      62
      66
      81
      64
      61
      64
      48
      55
      56
      68
      59
      68
      59
      51
      53
      66
      71
      53
      77
      59
      69
      69
      48
      63
      63
      65
      51
      73
      50
      66
      70
      60
      59
      56
      55
      46
      65
      69
      64
      58
      47
      67
      61
      55
      57
      63
      56
      50
      54
      50
      66
      55
      66
      56
      53
      48
      49
      44
      57
      60
      54
      63
      60
      42
      64
      57
      49
      45
      50
      44
      45
      55
      57
      65
      65
      46
      48
      59
      54
      51
      74
      50
      44
      50
      48
      55
      52
      48
      52
      60
      53
      52
      57
      48
      57
      47
      49
      59
      60
      51
      61
      59
      73
      49
      62
      56
      43
      48
      50
      64
      68
      51
      50
      47
      65
      46
      65
      53
      46
      62
      56
      56
      53
      49
      39
      52
      59
      49
      67
      47
      46
      57
      56
      72
      54
      59
      39
      68
      55
      47
      44
      48
      54
      56
      48
      44
      41
      49
      61
      58
      50
      59
      42
      47
      63
      65
      60
      52
      52
      48
      50
      62
      44
      60
      54
      32
      51
      49
      53
      54
      63
      61
      51
      27
      54
      57
      44
      38
      57
      58
      46
      46
      50
      51
      53
      54
      54
      53
      48
      52
      59
      54
      71
      42
      62
      48
      57
      56
      55
      66
      56
      48
      47
      51
      44
      56
      61
      55
      55
      40
      53
      39
      49
      53
      43
      59
      51
      44
      60
      62
      54
      51
      58
      51
      47
      58
      56
      54
      80
     152
     199
     321
     498
     725
    1073
    1523
    1984
    2502
    2883
    3139
    2980
    2708
    2368
    1771
    1253
     833
     488
     312
     198
     139
      88
      57
      64
      43
      45
      41
      44
      47
      38
      46
      43
      50
      38
      53
      38
      38
      40
      41
      46
      37
      41
      36
      43
      50
      38
      44
      45
      36
      45
      41
      41
      32
      40
      35
      46
      41
      65
      45
      38
      41
      48
      46
      32
      41
      49
      42
      37
      44
      48
      34
      39
      39
      31
      32
      50
      42
      36
      28
      39
      55
      52
      45
      49
      41
      33
      36
      34
      40
      37
      32
      37
      41
      34
      37
      33
      43
      40
      46
      44
      39
      40
      29
      38
      42
      41
      42
      41
      35
      37
      45
      34
      37
      37
      37
      35
      42
      43
      38
      57
      37
      41
      45
      35
      41
      51
      45
      45
      44
      51
      35
      41
      29
      44
      40
      53
      33
      54
      39
      38
      64
      32
      43
      42
      35
      46
      48
      44
      44
      32
      32
      47
      38
      49
      53
      36
      43
      45
      41
      42
      32
      46
      44
      35
      44
      44
      37
      36
      33
      43
      37
      28
      44
      38
      43
      40
      40
      51
      35
      37
      37
      40
      42
      58
      49
      46
      47
      34
      36
      50
      55
      38
      36
      38
      41
      46
      42
      29
      54
      44
      41
      40
      35
      30
      33
      38
      41
      52
      39
      50
      39
      52
      49
      45
      43
      44
      35
      38
      38
      45
      48
      43
      57
      52
      55
      51
      47
      46
      48
      47
      49
      39
      45
      41
      39
      38
      46
      48
      52
      45
      49
      41
      51
      45
      39
      44
      52
      46
      41
      43
      65
      57
      65
      56
      51
      53
      62
      60
      44
      54
      54
      51
      39
      26
      47
      45
      40
      38
      49
      46
      50
      35
      52
      43
      33
      38
      39
      35
      51
      38
      33
      48
      57
      52
      33
      46
      36
      43
      38
      41
      45
      43
      43
      51
      42
      38
      40
      47
      46
      36
      33
      42
      40
      49
      47
      41
      42
      47
      35
      39
      29
      41
      43
      45
      48
      35
      46
      31
      48
      41
      46
      41
      42
      39
      31
      45
      41
      45
      37
      39
      39
      39
      38
      50
      36
      45
      48
      45
      41
      45
      38
      44
      41
      41
      60
      36
      39
      43
      37
      46
      39
      48
      38
      38
      51
      42
      48
      34
      41
      42
      41
      41
      40
      52
      50
      46
      30
      51
      38
      40
      41
      36
      37
      41
      37
      42
      45
      36
      33
      57
      35
      39
      52
      52
      43
      39
      43
      55
      53
      53
      45
      48
      48
      43
      51
      47
      46
      49
      44
      50
      44
      50
      51
      49
      44
      38
      48
      57
      36
      39
      48
      42
      40
      47
      49
      45
      41
      32
      34
      39
      46
      44
      50
      42
      60
      45
      51
      47
      59
      46
      42
      52
      41
      44
      56
      43
      47
      44
      43
      50
      55
      55
      56
      52
      46
      54
      57
      40
      41
      42
      45
      37
      53
      46
      51
      45
      45
      41
      42
      53
      53
      45
      47
      48
      38
      39
      36
      45
      39
      52
      51
      45
      51
      46
      36
      45
      39
      56
      45
      48
      47
      44
      46
      52
      58
      47
      50
      43
      46
      44
      43
      50
      42
      45
      44
      44
      56
      50
      42
      44
      54
      49
      53
      47
      52
      51
      39
      43
      54
      38
      59
      51
      48
      45
      65
      52
      58
      54
      61
      35
      44
      50
      44
      49
      40
      50
      60
      48
      53
      59
      48
      37
      42
      46
      55
      54
      51
      55
      46
      60
      57
      38
      46
      61
      49
      64
      55
      44
      47
      51
      44
      52
      56
      28
      54
      38
      50
      47
      59
      53
      47
      57
      36
      65
      52
      56
      47
      54
      53
      54
      55
      58
      54
      48
      51
      48
      49
      55
      48
      54
      56
      54
      51
      48
      46
      44
      47
      52
      52
      50
      53
      41
      69
      42
      48
      65
      53
      55
      63
      39
      44
      68
      51
      39
      48
      59
      43
      44
      52
      65
      32
      52
      59
      57
      48
      54
      50
      47
      50
      52
      49
      50
      52
      56
      42
      60
      49
      49
      52
      55
      60
      44
      53
      62
      40
      52
      49
      61
      57
      47
      69
      45
      42
      46
      52
      44
      55
      64
      69
      68
      66
      53
      64
      50
      46
      61
      49
      56
      60
      46
      49
      64
      54
      60
      58
      50
      58
      65
      64
      64
      53
      57
      50
      53
      56
      53
      43
      57
      48
      42
      36
      43
      47
      38
      40
      49
      46
      34
      43
      39
      53
      30
      53
      49
      41
      35
      37
      53
      48
      45
      30
      41
      31
      32
      36
      27
      35
      43
      40
      36
      50
      35
      47
      38
      46
      30
      32
      47
      44
      34
      30
      34
      46
      42
      59
      40
      39
      45
      36
      44
      40
      49
      50
      27
      50
      43
      43
      40
      37
      33
      43
      40
      37
      38
      39
      33
      34
      38
      25
      36
      40
      33
      40
      29
      42
      35
      36
      44
      45
      29
      29
      40
      32
      29
      41
      42
      32
      21
      32
      26
      32
      28
      39
      34
      33
      33
      24
      36
      43
      23
      41
      33
      36
      32
      31
      34
      29
      39
      38
      36
      28
      35
      31
      27
      29
      39
      35
      32
      34
      35
      19
      34
      31
      44
      34
      39
      29
      17
      31
      26
      19
      31
      44
      26
      34
      26
      30
      38
      29
      31
      36
      37
      28
      42
      24
      20
      32
      35
      18
      28
      22
      30
      30
      35
      29
      32
      29
      38
      32
      38
      43
      40
      31
      45
      34
      26
      24
      29
      29
      35
      27
      29
      26
      37
      32
      24
      28
      29
      23
      29
      35
      26
      27
      29
      28
      23
      21
      33
      29
      27
      37
      28
      31
      26
      32
      27
      25
      31
      26
      33
      36
      25
      31
      29
      22
      31
      22
      13
      31
      26
      20
      34
      19
      28
      33
      21
      25
      30
      29
      24
      22
      29
      22
      23
      32
      33
      23
      17
      17
      21
      35
      23
      26
      27
      24
      33
      22
      19
      28
      15
      31
      30
      38
      31
      35
      24
      37
      25
      29
      27
      24
      22
      22
      24
      21
      19
      28
      22
      25
      32
      37
      39
      51
      49
      62
      67
      83
      77
      87
      96
      83
      97
      79
      74
      43
      49
      37
      23
      25
      26
      35
      19
      24
      18
      24
      25
      23
      19
      25
      14
      26
      22
      30
      19
      20
      20
      29
      27
      18
      23
      27
      23
      21
      27
      30
      26
      20
      20
      27
      11
      32
      24
      30
      28
      25
      30
      30
      27
      24
      26
      27
      28
      27
      28
      25
      28
      24
      29
      19
      22
      26
      31
      24
      26
      19
      31
      23
      20
      22
      28
      22
      22
      15
      30
      26
      19
      21
      29
      18
      23
      23
      15
      27
      27
      19
      16
      16
      20
      22
      28
      20
      28
      17
      32
      23
      28
      31
      31
      37
      40
      27
      38
      26
      21
      31
      17
      26
      26
      21
      21
      19
      17
      20
      25
      20
      26
      24
      24
      23
      13
      37
      24
      19
      30
      23
      29
      33
      40
      38
      40
      60
      81
      85
      96
     109
     112
     112
     104
     100
      81
      67
      48
      25
      32
      31
      24
      15
      26
      19
      14
      27
      25
      17
      28
      31
      26
      18
      18
      26
      31
      21
      27
      23
      23
      26
      29
      35
      20
      28
      22
      23
      25
      26
      26
      23
      26
      22
      16
      18
      26
      29
      31
      20
      24
      35
      22
      27
      25
      19
      27
      18
      25
      23
      36
      34
      17
      25
      35
      30
      21
      32
      27
      19
      28
      24
      23
      25
      19
      29
      20
      24
      28
      23
      26
      34
      25
      29
      35
      35
      55
      55
      70
     107
     122
     152
     225
     278
     414
     565
     697
     870
     905
    1010
    1077
     989
     960
     759
     580
     393
     246
     139
     100
      75
      48
      25
      30
      20
      24
      23
      17
      23
      25
      34
      22
      21
      16
      23
      27
      32
      31
      29
      21
      27
      12
      36
      21
      22
      22
      17
      21
      23
      24
      30
      21
      12
      26
      32
      28
      24
      29
      22
      28
      24
      24
      26
      27
      22
      24
      28
      19
      24
      21
      23
      22
      30
      28
      22
      25
      19
      24
      25
      24
      21
      23
      24
      22
      27
      20
      31
      24
      27
      31
      23
      36
      24
      30
      24
      25
      25
      20
      36
      20
      26
      29
      20
      27
      22
      32
      32
      23
      18
      21
      25
      26
      26
      23
      24
      21
      23
      26
      22
      23
      34
      23
      22
      24
      33
      25
      21
      22
      27
      25
      30
      25
      18
      23
      28
      31
      29
      33
      16
      31
      30
      20
      23
      19
      29
      31
      23
      22
      27
      19
      19
      26
      23
      32
      40
      24
      22
      28
      36
      20
      35
      24
      30
      26
      30
      27
      30
      33
      17
      30
      23
      35
      28
      36
      33
      17
      29
      29
      22
      37
      22
      20
      29
      28
      38
      33
      33
      27
      29
      28
      32
      26
      29
      31
      31
      23
      30
      24
      30
      23
      24
      34
      36
      25
      28
      28
      33
      31
      26
      34
      26
      26
      22
      33
      42
      23
      29
      28
      29
      28
      24
      20
      35
      27
      33
      35
      26
      40
      27
      26
      29
      22
      44
      36
      26
      29
      27
      26
      34
      37
      31
      31
      34
      30
      29
      35
      26
      25
      32
      28
      36
      28
      40
      26
      21
      28
      28
      31
      21
      24
      24
      30
      25
      38
      28
      29
      38
      31
      30
      24
      31
      35
      29
      23
      31
      35
      31
      31
      36
      20
      21
      31
      34
      35
      23
      27
      28
      30
      23
      26
      27
      15
      30
      37
      20
      30
      23
      24
      20
      20
      17
      21
      22
      25
      28
      13
      24
      21
      28
      34
      18
      22
      20
      20
      22
      30
      23
      19
      21
      20
      25
      24
      15
      19
      22
      16
      19
      14
      19
      19
      21
      21
      16
      17
      19
      24
      19
      25
      16
      32
      17
      20
      26
      24
      34
      40
      58
      66
      54
      60
      77
      67
      68
      66
      77
      44
      42
      49
      22
      32
      18
      17
      16
      15
      18
      26
      29
      21
      15
      10
      18
      14
      18
      17
      20
      13
      13
      19
      19
      19
      13
      20
      12
       6
      16
      13
      22
      14
      21
      11
      24
      19
      16
      18
      20
      19
      18
      19
      14
      21
      23
      23
      16
      18
      13
      14
      13
      14
      18
       9
      11
      28
       7
       8
      10
      13
      21
      17
      20
      12
      21
      14
      18
      18
      12
      15
       6
      27
      14
      15
      13
      11
      12
      10
      23
      11
      23
      18
      13
      18
      14
      16
      16
      15
      15
      15
      15
      14
      23
      15
      10
      22
      13
      16
      14
      12
      10
      13
      10
      19
      13
      15
       6
      18
      17
      13
      14
      15
       6
      14
      18
      15
       9
      18
      15
      14
       9
      14
       7
      12
       9
      11
      15
      13
      19
       9
       7
      14
      14
      16
       8
      10
       8
       7
       6
       8
      12
      10
       7
      15
      11
      12
      11
       9
       9
      10
      12
      11
      12
       7
      10
       9
      10
       8
       5
       8
       8
      10
      12
       8
       8
       7
      17
      10
      10
      14
      11
      15
       9
      12
       5
       9
       9
      13
       8
      11
       9
      14
      10
       6
       9
      10
      10
       6
       5
       6
       7
       7
       8
       6
       4
       8
       9
      11
       7
      10
      12
      13
       7
       7
       9
       9
      13
      11
       9
       7
       7
       9
       8
       8
       6
      11
      10
      11
       8
       8
      10
       7
       6
      11
      11
       7
       6
       4
       9
       9
      10
       7
      13
       8
       6
       7
      14
       9
       9
       7
       9
       9
      12
       4
       3
       8
       5
       7
       7
       5
      10
       8
       3
       6
       3
       8
       4
       7
       8
      11
       8
       4
       6
       8
       3
       4
       4
       9
       6
       8
       8
       8
       4
       8
       6
       7
       6
      11
       3
       5
       6
       4
       2
       7
       7
      12
       7
       8
       4
       5
       5
       4
       6
       6
      11
       5
       7
       9
      10
       6
       8
      10
       5
       7
       3
      10
       8
       8
       6
       4
       7
       6
       3
       9
       6
       4
      13
       8
      10
       8
       9
       7
       9
       5
       7
       4
       6
       6
       7
       6
      11
       6
       9
       4
       4
       7
       8
       3
       6
       6
       6
       8
      10
      10
       5
       4
       4
       4
      10
      10
       5
       6
      10
       8
       7
       6
       7
       3
       4
       7
       5
       4
       5
       3
       5
       2
       8
       2
       6
       6
       4
       9
       4
       5
       9
       5
       5
       5
       5
      10
       4
       5
       2
       5
       5
       5
       8
       5
      10
       7
       6
       5
       8
       5
       2
       4
       7
       3
       1
       7
       8
      11
       7
       7
       7
       6
       7
      10
       4
       4
       4
       5
       4
       6
       5
       5
       6
      11
       9
       9
       4
      10
       8
      10
       8
       5
       3
       9
       4
       6
       7
       2
       3
       6
       8
       6
      10
       7
       8
       6
      12
       6
       3
      16
       9
       8
       6
      12
      15
       8
      11
      15
      15
      15
      26
      49
      40
      69
      91
     108
     126
     176
     235
     256
     371
     449
     489
     585
     565
     646
     631
     615
     624
     565
     487
     374
     273
     180
     118
      67
      60
      39
      24
      22
       8
       9
       8
       5
       4
       5
       4
       5
       7
       6
       6
       4
       3
       0
       7
       3
       3
       4
       3
       8
       5
       2
       2
       2
       8
       4
       4
       4
       4
       3
       2
       3
       5
       2
       6
       4
       4
       1
       6
       6
       4
       4
       5
       4
       7
       5
       0
       4
       1
       6
       7
      10
       4
       7
       4
       1
       7
       6
       5
       3
       4
       5
       1
      10
       6
       3
       7
       3
       7
       2
       7
       7
       7
       6
       5
       8
       7
       2
       6
       5
       3
       2
       6
       2
       3
       7
       3
       4
       2
       4
       2
       0
       8
       1
       3
       2
       2
       7
       3
       3
       4
       5
       2
       4
       2
       3
       5
       3
       3
       6
       3
       5
       2
       5
       3
       4
      11
       3
       7
       2
       2
       2
       7
       8
       1
       7
       6
       7
       6
       3
       5
       7
       3
       3
       4
       4
       4
       5
       2
       3
       3
       3
       1
       4
       5
       5
       8
       5
       7
       5
       5
       6
       6
       5
       5
       7
       2
       2
       6
       8
       0
       1
       1
       3
       7
       7
       1
       6
       5
       3
      10
       4
       6
       4
       1
       4
       2
       9
       1
       5
       3
       3
       5
       5
       8
       4
       1
       3
       3
       3
       6
       5
       6
       5
       5
       1
       9
       6
       8
       3
       2
       3
       4
       6
       6
       8
       9
       7
       5
       7
       6
       4
       3
       4
       6
       3
       4
       3
       2
       2
       8
       6
       3
       2
       3
       1
       2
       3
       3
       3
       3
       1
       3
       4
       2
       3
       1
       6
       1
       4
       3
       4
       6
       3
       6
       9
       1
       3
       4
       4
       2
       5
       5
       4
       3
       3
       3
       3
       3
       4
       2
       5
       0
       1
       5
       2
       3
       3
       1
       6
       1
       2
       4
       4
       2
       2
       2
       2
       7
       7
       1
       4
       4
       6
       3
       4
       1
       2
       4
       4
       1
       4
       7
       4
       2
       4
       6
       5
       3
       3
       2
       1
       4
       3
       8
       5
       4
       4
       2
       6
       1
       6
       3
       5
       2
       4
       4
       3
       1
       1
      10
       3
       5
       5
       4
       1
       2
       4
       4
       3
       3
       3
       2
       2
       6
       2
       4
       4
       8
       3
       2
       4
       3
       4
       4
       9
       7
       4
       5
       8
       5
       6
      11
      10
       9
      13
      10
      14
       8
      11
      12
       2
       2
       5
       4
       2
       4
       4
       4
       3
       4
       3
       3
       1
       3
       1
       2
       3
       7
       5
       3
       2
       3
       6
       7
       2
       4
       3
       3
       1
       5
       3
       4
       7
       2
       3
       5
       6
       2
       4
       2
       3
       4
       8
       3
       4
       1
       5
       2
       3
       6
       2
       3
       7
       3
       3
       6
       3
       4
       4
       2
       2
       2
       3
       2
       3
       3
       8
       2
       3
       5
       6
       5
       5
       4
       8
       2
       8
       6
       8
       7
       7
       1
       3
       5
       2
       6
       2
       2
       8
       3
       4
       4
       2
       6
       8
       2
       3
       5
       4
       4
       4
       4
       3
       0
       2
       4
       5
       5
       4
       2
       2
       5
       3
       4
       6
       9
       3
       4
       4
       2
       5
       6
       3
       2
       2
       2
       4
       2
       4
       6
       4
       3
       0
       5
       6
       3
       4
       5
       8
       4
       3
       2
       1
       5
       6
       5
       3
       4
       2
       8
       6
       0
       2
       3
       4
       4
       1
       4
       4
       3
       7
       4
       2
       1
       1
       3
       6
       3
       2
       0
       3
       2
       2
       2
       4
       3
       2
       2
       5
       3
       4
       2
       2
       1
       3
       4
       5
       0
       1
       0
       2
       2
       2
       4
       2
       3
       7
       5
       1
       5
       6
       2
       4
       1
       1
       4
       2
       3
       5
       5
       5
       5
       3
       5
       4
       2
       1
       1
       4
       2
       1
       1
       4
       3
       2
       0
       4
       1
       2
       5
       0
       4
       5
       2
       2
       0
       2
       4
       4
       4
       4
       3
       3
       1
       1
       4
       4
       2
       2
       3
       3
       3
       2
       2
       3
       3
       3
       2
       4
       2
       5
       2
       3
       3
       3
       6
       2
       5
       2
       3
       3
       2
       4
       2
       5
       4
       4
       3
       5
       1
       5
       1
       1
       4
       5
       1
       3
       6
       4
       4
       0
       4
       0
       4
       2
       0
       3
       2
       1
       2
       4
       2
       5
       2
       3
       3
       5
       2
       4
       1
       5
       3
       5
       1
       2
       2
       2
       3
       5
       5
       2
       3
       6
       2
       2
       4
       4
       1
       2
       1
       3
       4
       3
       2
       1
       5
       3
       3
       1
       4
       1
       1
       1
       1
       2
       1
       5
       3
       3
       4
       2
       2
       1
       5
       3
       3
       2
       1
       4
       2
       1
       3
       0
       3
       4
       2
       2
       2
       4
       0
       2
       2
       6
       3
       5
       0
       6
       3
       3
       3
       1
       4
       0
       4
       4
       3
       5
       7
       3
       5
       6
       4
       5
       3
       2
       0
       1
       2
       4
       2
       2
       5
       1
       2
       3
       0
       3
       1
       5
       2
       2
       6
       3
       4
       1
       3
       2
       1
       3
       4
       4
       4
       4
       3
       2
       3
       4
       2
       3
       3
       1
       2
       2
       1
       2
       2
       1
       2
       2
       1
       1
       1
       1
       4
       4
       4
       1
       1
       4
       2
       4
       1
       3
       7
       2
       2
       7
       2
       3
       1
       1
       2
       2
       4
       4
       5
       1
       4
       0
       4
       1
       0
       5
       0
       3
       4
       2
       3
       4
       3
       3
       3
       1
       1
       3
       2
       1
       2
       3
       1
       3
       1
       4
       4
       3
       2
       2
       3
       4
       3
       2
       3
       1
       3
       5
       0
       8
       7
       2
       3
       5
       3
       3
       3
       3
       1
       0
       3
       3
       4
       2
       6
       3
       3
       4
       4
       1
       4
       0
       2
       3
       1
       1
       3
       2
       5
       3
       0
       0
       0
       3
       3
       1
       4
       3
       2
       2
       3
       2
       2
       0
       4
       2
       0
       2
       3
       2
       1
       2
       6
       2
       2
       1
       1
       3
       3
       5
       3
       2
       4
       4
       4
       5
       1
       2
       2
       2
       2
       2
       1
       5
       0
       1
       4
       0
       3
       2
       2
       1
       0
       3
       3
       4
       2
       3
       3
       0
       0
       6
       6
       2
       2
       3
       2
       4
       3
       2
       2
       3
       3
       1
       1
       5
       1
       4
       4
       2
       0
       2
       3
       5
       4
       2
       0
       3
       5
       3
       4
       3
       3
       0
       1
       1
       1
       5
       1
       2
       3
       3
       2
       2
       1
       1
       1
       4
       2
       1
       4
       6
       4
       2
       3
       1
       4
       3
       1
       4
       2
       4
       9
       3
       4
       4
       4
       1
       5
       5
       5
       1
       3
       3
       0
       3
       1
       2
       3
       3
       1
       0
       5
       3
       2
       7
       1
       2
       4
       1
       2
       2
       2
       5
       1
       2
       2
       2
       1
       2
       2
       2
       0
       4
       2
       0
       2
       0
       1
       0
       0
       1
       2
       4
       4
       1
       1
       2
       2
       0
       2
       3
       2
       4
       1
       2
       0
       5
       1
       2
       1
       4
       3
       2
       4
       0
       1
       1
       4
       2
       2
       3
       5
       9
       4
       1
       2
       4
       6
       4
       3
       2
       4
       1
       2
       3
       4
       3
       1
       2
       2
       4
       5
       4
       6
       4
       4
       4
       1
       2
       2
       5
       3
       3
       3
       1
       3
       1
       1
       2
       3
       7
       1
       3
       6
       0
       1
       2
       1
       3
       3
       3
       2
       1
       3
       0
       3
       2
       3
       1
       2
       2
       0
       2
       1
       3
       0
       3
       3
       3
       1
       1
       1
       1
       5
       2
       3
       3
       1
       2
       2
       2
       1
       3
       1
       2
       1
       0
       5
       0
       1
       1
       2
       2
       4
       4
       2
       2
       3
       2
       0
       1
       1
       2
       1
       1
       1
       0
       5
       3
       3
       0
       0
       3
       0
       1
       1
       2
       1
       2
       2
       1
       3
       1
       3
       6
       2
       2
       3
       1
       0
       3
       2
       2
       1
       1
       3
       3
       4
       5
       2
       1
       5
       3
       1
       5
       3
       2
       4
       5
       3
       5
       5
       3
       6
       3
       4
       2
       1
       3
       5
       0
       2
       3
       2
       1
       1
       0
       3
       4
       5
       2
       3
       3
       2
       4
       2
       3
       3
       2
       2
       1
       1
       4
       2
       2
       1
       0
       0
       1
       1
       0
       4
       2
       1
       3
       1
       2
       0
       3
       1
       1
       2
       2
       0
       2
       1
       2
       1
       0
       3
       0
       2
       3
       2
       2
       1
       2
       3
       0
       1
       1
       1
       1
       1
       5
       0
       0
       2
       0
       2
       1
       0
       1
       1
       1
       2
       2
       1
       2
       1
       1
       1
       0
       2
       1
       0
       3
       1
       1
       2
       0
       1
       2
       4
       2
       2
       4
       2
       3
       2
       2
       0
       3
       1
       3
       3
       2
       1
       0
       1
       0
       2
       2
       3
       2
       2
       3
       6
       2
       0
       1
       2
       1
       1
       2
       1
       1
       1
       1
       5
       1
       2
       3
       2
       3
       0
       6
       2
       1
       3
       3
       1
       1
       0
       3
       1
       2
       3
       2
       2
       4
       1
       1
       2
       3
       2
       4
       2
       0
       1
       1
       4
       2
       1
       1
       4
       1
       4
       1
       2
       2
       3
       3
       2
       3
       1
       4
       3
       3
       2
       4
       1
       1
       1
       4
       1
       1
       0
       1
       2
       4
       2
       1
       0
       3
       1
       4
       2
       1
       2
       1
       4
       1
       3
       3
       1
       3
       1
       3
       0
       1
       3
       1
       1
       0
       1
       2
       1
       3
       5
       2
       1
       2
       1
       1
       1
       3
       1
       0
       2
       3
       2
       1
       0
       1
       1
       1
       0
       4
       0
       2
       1
       0
       4
       0
       2
       0
       0
       1
       2
       2
       2
       0
       1
       0
       0
       2
       3
       2
       3
       3
       0
       2
       0
       3
       1
       3
       3
       3
       2
       0
       3
       1
       5
       1
       0
       1
       0
       2
       2
       4
       2
       2
       0
       2
       2
       0
       0
       0
       3
       0
       3
       1
       0
       1
       2
       3
       0
       2
       1
       4
       2
       4
       4
       3
       4
       3
       2
       0
       3
       2
       3
       3
       2
       1
       0
       1
       3
       2
       0
       3
       2
       1
       1
       3
       2
       2
       2
       2
       0
       2
       1
       2
       4
       2
       2
       1
       3
       1
       2
       2
       1
       1
       1
       3
       2
       2
       3
       0
       1
       3
       2
       4
       3
       2
       0
       0
       2
       2
       1
       1
       2
       2
       3
       2
       1
       1
       1
       1
       2
       3
       3
       1
       5
       2
       3
       2
       1
       0
       2
       0
       1
       2
       1
       1
       1
       4
       0
       0
       1
       1
       5
       1
       3
       1
       0
       2
       2
       1
       1
       0
       1
       1
       3
       2
       5
       1
       2
       3
       3
       1
       3
       2
       3
       3
       2
       2
       2
       5
       0
       1
       1
       2
       2
       3
       0
       2
       1
       3
       3
       1
       1
       1
       1
       4
       0
       0
       2
       2
       1
       1
       1
       2
       2
       4
       2
       2
       2
       4
       3
       2
       0
       1
       2
       0
       0
       2
       1
       1
       2
       0
       1
       4
       1
       2
       1
       1
       1
       0
       1
       0
       4
       6
       0
       2
       4
       0
       1
       2
       2
       0
       3
       3
       3
       1
       0
       2
       1
       1
       4
       3
       1
       0
       1
       2
       2
       1
       2
       3
       4
       0
       1
       0
       2
       5
       1
       1
       2
       0
       2
       0
       1
       0
       2
       2
       1
       0
       2
       2
       0
       1
       2
       0
       2
       3
       5
       4
       6
       2
       4
       2
       1
       2
       2
       3
       0
       2
       2
       0
       2
       3
       3
       1
       3
       3
       2
       2
       1
       2
       1
       0
       2
       1
       3
       1
       2
       2
       2
       3
       4
       1
       0
       3
       2
       0
       3
       2
       0
       2
       2
       3
       1
       2
       0
       1
       0
       1
       1
       0
       1
       4
       1
       0
       1
       2
       2
       1
       2
       0
       2
       0
       2
       0
       0
       2
       2
       1
       2
       1
       1
       3
       5
       0
       2
       1
       0
       3
       2
       0
       2
       0
       2
       1
       1
       0
       2
       4
       5
       2
       1
       1
       2
       3
       0
       0
       2
       3
       2
       1
       0
       3
       1
       1
       1
       3
       1
       1
       0
       1
       0
       3
       5
       0
       1
       1
       2
       1
       0
       0
       0
       1
       1
       1
       1
       2
       1
       1
       3
       1
       2
       1
       1
       0
       0
       3
       3
       5
       2
       0
       2
       2
       0
       4
       3
       2
       1
       0
       0
       2
       2
       2
       2
       1
       2
       2
       0
       4
       4
       5
       2
       1
       4
       0
       1
       2
       1
       1
       0
       2
       2
       1
       0
       0
       0
       2
       3
       0
       2
       1
       0
       3
       3
       1
       1
       3
       2
       3
       2
       0
       3
       0
       4
       1
       1
       2
       1
       0
       1
       1
       3
       1
       1
       1
       1
       0
       1
       1
       2
       3
       2
       2
       3
       1
       3
       2
       3
       2
       1
       3
       1
       1
       1
       2
       5
       2
       2
       0
       2
       0
       1
       0
       2
       3
       0
       2
       1
       2
       0
       0
       1
       1
       1
       1
       2
       3
       1
       2
       0
       0
       4
       0
       2
       0
       1
       2
       2
       2
       2
       1
       1
       1
       1
       0
       5
       0
       2
       2
       2
       1
       0
       0
       2
       0
       1
       2
       1
       1
       1
       3
       1
       0
       4
       3
       0
       2
       1
       2
       1
       1
       1
       2
       0
       2
       0
       2
       2
       2
       1
       1
       0
       1
       3
       4
       1
       0
       1
       0
       1
       3
       1
       1
       0
       0
       2
       0
       0
       1
       0
       0
       1
       4
       2
       1
       2
       3
       2
       2
       1
       1
       1
       1
       0
       1
       2
       2
       0
       1
       3
       0
       0
       2
       1
       2
       1
       2
       2
       2
       2
       2
       0
       2
       1
       0
       1
       0
       1
       1
       1
       1
       1
       1
       1
       1
       0
       0
       0
       1
       0
       2
       1
       1
       3
       0
       0
       3
       1
       0
       2
       1
       1
       2
       0
       3
       0
       0
       1
       0
       0
       1
       2
       1
       5
       4
       2
       2
       0
       1
       2
       1
       0
       1
       3
       1
       1
       1
       3
       0
       0
       2
       0
       0
       1
       4
       2
       1
       1
       4
       0
       3
       1
       0
       1
       0
       2
       2
       1
       0
       0
       2
       0
       2
       0
       2
       2
       2
       1
       1
       1
       0
       0
       3
       0
       1
       2
       1
       1
       1
       2
       3
       0
       2
       0
       4
       2
       3
       4
       3
       4
       2
       1
       2
       2
       0
       1
       2
       4
       0
       1
       1
       2
       0
       3
       4
       0
       3
       1
       1
       1
       2
       0
       3
       2
       1
       4
       3
       0
       4
       3
       3
       5
       8
       4
       6
       4
       6
       6
       4
      12
       7
       6
       8
      16
       6
       3
       9
       4
       4
       8
       1
       4
       1
       5
       2
       2
       1
       4
       1
       2
       1
       1
       1
       1
       2
       0
       0
       0
       0
       3
       0
       0
       0
       0
       0
       3
       2
       2
       0
       1
       1
       0
       1
       1
       1
       2
       1
       2
       0
       1
       1
       1
       1
       1
       3
       2
       1
       2
       2
       1
       0
       2
       0
       1
       4
       0
       1
       1
       1
       2
       0
       2
       0
       1
       0
       0
       0
       1
       0
       2
       0
       1
       1
       1
       1
       0
       1
       0
       1
       5
       1
       1
       1
       0
       2
       1
       2
       2
       2
       1
       4
       1
       0
       1
       1
       1
       2
       2
       1
       1
       1
       3
       1
       2
       0
       0
       0
       0
       2
       2
       1
       1
       0
       1
       0
       0
       0
       2
       0
       1
       3
       0
       1
       1
       2
       4
       4
       2
       1
       1
       0
       1
       5
       2
       2
       1
       2
       1
       1
       1
       1
       0
       1
       1
       4
       2
       1
       0
       4
       1
       1
       2
       0
       2
       0
       1
       0
       1
       1
       1
       2
       2
       0
       3
       0
       0
       0
       0
       1
       0
       2
       1
       3
       0
       4
       1
       1
       1
       2
       1
       1
       0
       0
       2
       0
       1
       2
       2
       0
       1
       1
       0
       0
       1
       1
       0
       3
       0
       0
       2
       2
       1
       0
       0
       0
       1
       0
       1
       1
       0
       1
       1
       1
       1
       0
       0
       1
       1
       1
       0
       4
       1
       3
       2
       0
       1
       0
       0
       1
       2
       2
       0
       0
       0
       2
       3
       0
       2
       3
       0
       1
       0
       0
       0
       1
       2
       0
       1
       1
       1
       0
       3
       2
       2
       0
       2
       0
       0
       2
       1
       1
       2
       1
       3
       4
       2
       1
       1
       1
       3
       1
       1
       1
       0
       1
       1
       3
       1
       0
       1
       1
       3
       0
       1
       0
       1
       2
       1
       1
       0
       0
       0
       0
       3
       0
       2
       0
       0
       3
       3
       4
       1
       1
       0
       1
       1
       0
       0
       2
       0
       1
       1
       2
       2
       0
       0
       3
       1
       0
       0
       0
       0
       1
       1
       0
       1
       0
       2
       3
       2
       3
       3
       1
       1
       1
       0
       0
       1
       0
       0
       1
       0
       0
       1
       0
       1
       0
       1
       2
       0
       0
       1
       1
       0
       0
       1
       1
       1
       1
       2
       0
       1
       1
       0
       0
       1
       0
       0
       1
       0
       1
       0
       1
       2
       2
       0
       2
       0
       0
       1
       0
       1
       0
       1
       0
       0
       1
       2
       0
       0
       0
       0
       1
       3
       2
       1
       1
       0
       2
       0
       1
       0
       0
       1
       2
       0
       1
       2
       2
       1
       1
       0
       1
       1
       0
       0
       0
       3
       1
       2
       2
       2
       1
       1
       1
       0
       2
       1
       1
       0
       0
       0
       1
       2
       1
       1
       2
       0
       0
       2
       0
       1
       3
       1
       0
       0
       1
       1
       0
       0
       0
       1
       0
       0
       2
       0
       1
       0
       2
       2
       1
       2
       0
       1
       1
       1
       0
       0
       0
       1
       0
       1
       1
       1
       1
       0
       2
       2
       2
       1
       0
       0
       1
       4
       1
       1
       4
       5
       0
       1
       0
       0
       1
       1
       0
       1
       1
       1
       1
       2
       0
       4
       2
       1
       3
       0
       1
       1
       0
       0
       0
       0
       0
       2
       2
       1
       0
       0
       1
       1
       0
       2
       2
       0
       0
       0
       3
       1
       1
       0
       1
       1
       0
       0
       1
       0
       2
       0
       0
       1
       0
       0
       1
       0
       0
       1
       1
       1
       1
       3
       2
       2
       0
       0
       0
       0
       1
       2
       0
       1
       2
       2
       2
       0
       1
       0
       1
       2
       3
       0
       0
       0
       0
       0
       1
       0
       2
       2
       0
       2
       1
       1
       0
       0
       1
       3
       0
       1
       0
       1
       0
       0
       2
       0
       1
       0
       0
       1
       1
       0
       0
       2
       1
       0
       1
       0
       0
       2
       0
       1
       2
       0
       0
       4
       1
       1
       2
       1
       2
       2
       1
       1
       3
       1
       0
       1
       0
       1
       1
       0
       1
       4
       1
       2
       2
       0
       3
       1
       0
       0
       1
       2
       1
       0
       1
       0
       1
       1
       1
       3
       0
       1
       1
       1
       0
       0
       0
       0
       2
       1
       2
       0
       0
       1
       0
       0
       0
       0
       1
       0
       4
       1
       1
       2
       2
       4
       0
       0
       0
       2
       2
       0
       0
       0
       1
       0
       0
       0
       2
       0
       4
       0
       1
       2
       0
       0
       1
       1
       0
       0
       1
       1
       2
       0
       3
       0
       3
       1
       0
       1
       3
       2
       1
       1
       2
       2
       1
       1
       0
       2
       1
       1
       1
       1
       0
       1
       0
       1
       1
       0
       1
       2
       1
       1
       0
       0
       1
       0
       2
       2
       2
       2
       0
       0
       1
       0
       2
       2
       0
       1
       1
       0
       0
       1
       0
       1
       1
       1
       1
       1
       0
       0
       0
       1
       1
       1
       1
       1
       1
       2
       0
       1
       0
       0
       0
       1
       0
       0
       0
       0
       1
       1
       1
       2
       0
       0
       1
       1
       0
       2
       2
       0
       0
       1
       3
       0
       0
       3
       1
       0
       0
       2
       1
       0
       1
       1
       0
       1
       0
       1
       2
       1
       0
       1
       2
       0
       2
       2
       1
       0
       0
       2
       0
       1
       1
       4
       3
       0
       0
       1
       2
       0
       0
       1
       0
       0
       2
       1
       1
       0
       2
       0
       1
       0
       0
       1
       2
       1
       3
       0
       2
       0
       1
       2
       4
       0
       2
       3
       0
       0
       0
       1
       0
       1
       0
       2
       0
       0
       1
       0
       1
       3
       0
       0
       0
       4
       0
       0
       0
       1
       0
       1
       0
       0
       1
       1
       1
       0
       1
       2
       3
       2
       0
       0
       1
       2
       2
       0
       0
       2
       1
       2
       2
       1
       0
       3
       1
       4
       1
       3
       2
       3
       3
       4
       2
       2
       3
       5
       4
       3
       0
       1
       1
       1
       5
       2
       1
       3
       1
       0
       1
       2
       2
       0
       1
       0
       3
       2
       3
       1
       0
       0
       0
       0
       0
       1
       0
       0
       0
       0
       1
       1
       0
       0
       0
       1
       2
       0
       1
       1
       1
       1
       0
       0
       1
       0
       1
       0
       1
       0
       0
       1
       0
       1
       1
       1
       1
       1
       0
       2
       0
       0
       1
       1
       0
       0
       0
       1
       0
       0
       1
       3
       2
       0
       0
       2
       1
       2
       1
       3
       0
       0
       1
       0
       1
       4
       0
       1
       0
       2
       0
       1
       1
       2
       0
       0
       2
       1
       4
       2
       0
       0
       0
       1
       0
       0
       1
       1
       0
       1
       1
       0
       2
       1
       1
       1
       1
       2
       1
       0
       1
       1
       0
       3
       4
       0
       0
       1
       1
       0
       1
       0
       0
       0
       0
       3
       0
       0
       2
       1
       1
       1
       0
       1
       0
       2
       0
       1
       0
       1
       1
       0
       1
       1
       0
       2
       0
       0
       1
       0
       1
       0
       1
       0
       0
       0
       1
       2
       0
       0
       0
       1
       0
       0
       0
       0
       0
       0
       0
       1
       2
       1
       0
       1
       0
       0
       0
       0
       0
       1
       0
       2
       1
       0
       0
       0
       0
       0
       0
       0
       0
       2
       1
       1
       2
       0
       0
       0
       0
       0
       2
       1
       0
       1
       2
       0
       1
       0
       1
       1
       1
       1
       2
       0
       0
       0
       2
       0
       0
       0
       1
       1
       0
       1
       0
       1
       1
       0
       0
       0
       2
       0
       1
       0
       0
       1
       0
       1
       2
       0
       1
       1
       0
       1
       1
       0
       1
       1
       0
       1
       2
       1
       3
       0
       1
       1
       0
       2
       0
       1
       1
       1
       0
       1
       0
       1
       0
       1
       0
       2
       0
       0
       0
       0
       0
       2
       1
       0
       2
       0
       0
       0
       1
       0
       1
       2
       0
       0
       0
       1
       0
       0
       0
       1
       1
       1
       2
       1
       1
       0
       1
       1
       1
       0
       0
       1
       1
       1
       0
       1
       0
       0
       1
       1
       1
       1
       0
       2
       1
       1
       0
       0
       1
       2
       1
       1
       0
       0
       1
       0
       0
       1
       1
       1
       0
       2
       0
       0
       1
       0
       1
       0
       0
       2
       0
       1
       0
       1
       0
       0
       1
       0
       2
       0
       0
       0
       0
       2
       1
       0
       1
       0
       0
       0
       0
       2
       1
       0
       0
       2
       0
       0
       1
       1
       0
       0
       0
       0
       0
       3
       0
       0
       0
       3
       0
       2
       0
       1
       3
       0
       0
       0
       0
       1
       0
       1
       0
       1
       0
       1
       0
       2
       0
       1
       1
       0
       2
       0
       2
       0
       0
       1
       1
       0
       1
       1
       1
       0
       0
       0
       0
       0
       1
       0
       1
       1
       0
       1
       1
       1
       0
       0
       0
       1
       0
       2
       3
       1
       0
       0
       1
       2
       0
       1
       1
       1
       2
       2
       0
       0
       0
       0
       1
       1
       0
       2
       1
       2
       4
       3
       0
       1
       1
       0
       0
       0
       1
       1
       1
       0
       0
       2
       0
       1
       1
       0
       0
       1
       0
       0
       2
       0
       0
       1
       0
       1
       0
       0
       0
       0
       0
       2
       0
       0
       0
       1
       0
       1
       0
       0
       3
       1
       1
       0
       0
       0
       1
       1
       0
       0
       2
       0
       0
       0
       0
       0
       0
       2
       1
       0
       0
       0
       2
       0
       0
       0
       0
       0
       0
       1
       1
       1
       1
       0
       0
       0
       1
       0
       0
       1
       0
       1
       1
       1
       3
       1
       1
       2
       1
       2
       0
       1
       1
       1
       1
       0
       0
       1
       3
       0
       2
       0
       1
       0
       1
       0
       1
       1
       0
       0
       0
       0
       0
       1
       0
       0
       1
       0
       0
       1
       0
       0
       0
       1
       1
       0
       0
       1
       2
       2
       1
       0
       0
       0
       2
       0
       1
       2
       0
       0
       0
       0
       0
       0
       0
       1
       0
       0
       2
       1
       0
       1
       0
       1
       0
       1
       0
       2
       1
       0
       4
       1
       1
       2
       2
       0
       0
       0
       0
       1
       0
       0
       2
       2
       0
       0
       0
       0
       0
       1
       0
       0
       1
       0
       0
       1
       1
       0
       0
       3
       1
       0
       0
       1
       3
       0
       0
       1
       0
       0
       2
       0
       0
       0
       0
       0
       1
       0
       1
       0
       0
       1
       0
       2
       0
       0
       1
       0
       1
       2
       0
       0
       0
       0
       0
       0
       0
       0
       1
       0
       0
       0
       1
       1
       2
       1
       0
       0
       1
       1
       1
       2
       0
       0
       1
       1
       1
       0
       1
       1
       1
       0
       1
       0
       0
       1
       0
       1
       0
       0
       1
       1
       0
       1
       1
       2
       0
       0
       1
       0
       0
       0
       1
       0
       1
       1
       0
       0
       1
       0
       0
       0
       1
       0
       2
       0
       0
       0
       1
       1
       0
       0
       0
       2
       0
       0
       1
       1
       2
       1
       0
       0
       0
       2
       0
       1
       0
       0
       1
       1
       0
       0
       0
       0
       0
       0
       1
       0
       2
       0
       0
       1
       0
       0
       0
       0
       0
       0
       0
       0
       0
       1
       1
       1
       1
       0
       1
       1
       0
       2
       1
       0
       1
       0
       1
       1
       0
       0
       1
       0
       0
       0
       0
       2
       0
       1
       0
       2
       0
       1
       0
       0
       0
       2
       0
       1
       1
       0
       2
       1
       0
       0
       2
       1
       1
       1
       0
       0
       0
       0
       1
       0
       0
       0
       0
       0
       0
       1
       0
       0
       0
       0
       0
       0
       1
       0
       0
       0
       0
       0
       0
       0
       0
       0
       1
       2
       0
       0
       0
       1
       1
       1
       0
       0
       1
       1
       0
       0
       0
       0
       0
       0
       0
       0
       0
       2
       1
       0
       1
       0
       2
       0
       0
       0
       1
       1
       0
       1
       1
       2
       1
       1
       0
       1
       2
       0
       1
       1
       1
       1
       0
       1
       1
       0
       1
       1
       1
       1
       0
       0
       0
       1
       2
       0
       0
       1
       1
       1
       1
       2
       0
       1
       1
       1
       0
       0
       1
       0
       1
       0
       0
       1
       0
       0
       2
       0
       1
       1
       3
       0
       0
       2
       2
       0
       0
       2
       1
       0
       1
       1
       0
       0
       1
       1
       0
       0
       0
       1
       1
       0
       0
       1
       0
       0
       0
       0
       1
       0
       0
       1
       1
       1
       0
       1
       1
       1
       0
       0
       3
       1
       1
       0
       0
       1
       1
       1
       3
       1
       0
       1
       0
       0
       0
       0
       1
       1
       2
       1
       0
       1
       0
       0
       2
       0
       1
       2
       0
       1
       2
       0
       1
       2
       2
       1
       1
       0
       1
       0
       2
       1
       1
       0
       0
       2
       0
       3
       0
       0
       1
       0
       1
       1
       1
       2
       0
       1
       0
       1
       0
       0
       0
       1
       1
       0
       0
       0
       0
       0
       0
       0
       0
       1
       1
       0
       0
       1
       0
       0
       1
       0
       1
       1
       1
       0
       0
       0
       0
       0
       0
       2
       0
       0
       0
       1
       0
       0
       0
       0
       1
       0
       0
       0
       2
       0
       0
       0
       0
       0
       1
       0
       1
       1
       2
       1
       1
       2
       1
       0
       1
       1
       1
       0
       1
       0
       0
       0
       0
       1
       1
       1
       1
       0
       2
       1
       0
       1
       1
       0
       1
       0
       0
       1
       1
       0
       1
       0
       0
       1
       1
       0
       0
       0
       1
       0
       0
       1
       1
       0
       0
       0
       1
       1
       0
       0
       1
       0
       0
       0
       0
       1
       2
       0
       0
       0
       0
       0
       0
       1
       2
       1
       0
       0
       0
       0
       0
       0
       0
       3
       1
       1
       1
       0
       0
       0
       0
       1
       0
       0
       2
       2
       1
       1
       0
       1
       0
       0
       0
       0
       0
       3
       1
       0
       0
       0
       0
       0
       0
       1
       0
       0
       0
       1
       0
       0
       0
       0
       0
       1
       0
       0
       1
       0
       0
       0
       0
       2
       0
       1
       0
       1
       1
       0
       2
       1
       0
       0
       1
       1
       0
       1
       0
       0
       0
       0
       0
       2
       1
       0
       0
       1
       0
       0
       1
       0
       0
       0
       0
       0
       0
       0
       0
       2
       0
       0
       2
       1
       2
       1
       1
       1
       1
       1
       1
       0
       0
       0
       2
       0
       0
       3
       0
       0
       0
       0
       0
       0
       1
       1
       0
       0
       0
       1
       1
       1
       0
       0
       1
       1
       1
       0
       0
       0
       0
       0
       0
       0
       2
       0
       0
       0
       2
       1
       1
       0
       0
       0
       0
       1
       1
       1
       0
       2
       0
       2
       1
       0
       0
       0
       0
       0
       0
       0
       0
       0
       0
       0
       1
       0
       1
       2
       0
       0
       1
       1
       0
       0
       0
       2
       2
       0
       1
       0
       0
       0
       0
       1
       1
       1
       0
       0
       0
       0
       1
       0
       0
       0
       2
       0
       0
       0
       1
       1
       0
       0
       0
       0
       0
       0
       0
       0
       0
       0
       1
       1
       0
       3
       0
       0
       1
       0
       2
       0
       0
       1
       1
       1
       1
       0
       0
       1
       0
       0
       0
       0
       1
       1
       1
       0
       0
       1
       0
       0
       1
       0
       2
       2
       1
       0
       0
       0
       0
       0
       0
       2
       0
       0
       0
       2
       0
       0
       0
       0
       1
       0
       1
       1
       0
       1
       1
       1
       1
       1
       0
       0
       0
       0
       1
       1
       0
       1
       0
       0
       0
       1
       0
       0
       2
       0
       0
       1
       0
       0
       0
       0
       0
       0
       1
       1
       1
       2
       1
       1
       0
       0
       0
       0
       1
       0
       1
       0
       1
       1
       0
       1
       0
       1
       1
       1
       1
       0
       0
       0
       0
       0
       1
       0
       0
       2
       0
       1
       0
       0
       0
       0
       1
       0
       1
       1
       1
       2
       0
       0
       0
       0
       0
       0
       0
       0
       0
       0
       0
       0
       0
       0
       0
       0
       0
       0
       0
       0
       0
       0
       0
       0
       0
       0
       0
       0
       0
       0
       0
       0
       0
       0
       0
       0
       0
       0
       0
       0
       0
       0
       0
       0
       0
       0
       0
       0
       0
       0
       0
       0
       0
       0
       0
       0
       0
       0
       0
       0
       0
       0
       0
       0
       0
       0
       0
       0
       0
       0
       0
       0
       0
       0
       0
       0
       0
       0
       0
       0
       0
       0
       0
       0
       0
       0
       0
       0
       0
       0
       0
       0
       0
       0
       0
       0
       0
       0
       0
       0
       0
       0
       0
       0
       0
       0
       0
       0
       0
       0
       0
       0
       0
       0
       0
       0
       0
       0
       0
       0
       0
       0
       0
       0
       0
       0
       0
       0
       0
       0
       0
       0
       0
       0
       0
       0
       0
       0
       0
       0
       0
       0
       0
       0
       0
       0
       0
       0
       0
       0
       0
       0
       0
       0
       0
       0
       0
       0
       0
       0
       0
       0
       0
       0
       0
       0
       0
       0
       0
       0
       0
       0
       0
       0
       0
       0
       0
       0
       0
       0
       0
       0
       0
       0
$ROI:
2
2765 2788
2820 2882
$PRESETS:
None
0
0
$ENER_FIT:
0.000000 0.402997
$MCA_CAL:
3
0.000000E+000 4.029968E-001 0.000000E+000 keV
$SHAPE_CAL:
3
0.000000E+000 0.000000E+000 0.000000E+000
