$SPEC_ID:
Cs137
$SPEC_REM:
DET# 2
DETDESC# DETECTOR 2
AP# Maestro Version 7.01
$DATE_MEA:
03/06/2017 17:02:34
$MEAS_TIM:
10009 10018
$DATA:
0 8191
       0
       0
       0
       0
       0
       0
       0
       0
       0
       0
       0
       0
       0
       0
       0
       0
       0
       0
       0
       0
       0
       0
       0
       0
       0
       0
       0
       0
       0
       0
       0
       0
       0
       0
       0
       0
       0
       0
       0
       0
       0
       0
       0
       0
       0
       0
       0
       0
       0
       0
       0
       0
       0
       0
       0
       0
       0
       0
       0
       0
       0
       0
       0
       0
       0
       0
       0
       0
       0
       0
       0
       0
       0
       0
       0
       0
       0
       0
       0
       0
       0
       0
       0
       0
       0
       0
       0
       0
       0
       0
       0
       0
       0
       0
       0
       8
     143
     597
     748
     646
     619
     697
     682
     660
     637
     654
     717
     653
     657
     665
     691
     725
     643
     682
     607
     701
     631
     669
     698
     685
     638
     673
     703
     628
     681
     711
     665
     710
     709
     693
     655
     759
     733
     732
     718
     742
     674
     690
     755
     755
     685
     725
     816
     797
     816
     749
     767
     824
     832
     819
     846
     827
     852
     876
     848
     867
     871
     888
     911
     881
     866
     868
     820
     907
     884
     824
     862
     909
     829
     842
     920
     888
     945
     902
     954
     927
     949
     951
    1045
    1359
    2080
    2854
    2924
    2331
    1821
    2332
    3694
    4392
    3715
    2089
    1197
     895
     855
     810
     776
     769
     810
     817
     786
     716
     757
     807
     779
     802
     833
     840
     803
     853
     992
    1223
    1807
    2132
    2038
    1602
    1173
     985
    1052
    1094
    1206
    1081
     915
     874
     825
     757
     804
     785
     810
     776
     789
     769
     808
     850
     822
     830
     843
     697
     838
     831
     770
     772
     776
     797
     753
     793
     795
     818
     785
     803
     797
     808
     807
     795
     821
     788
     818
     852
     800
     834
     831
     795
     865
     820
     853
     878
     840
     891
     839
     834
     858
     847
     820
     860
     845
     820
     845
     852
     834
     855
     812
     861
     899
     867
     970
     891
     839
     882
     873
     877
     912
     855
     868
     809
     944
     859
     835
     886
     883
     854
     936
     942
     890
     868
     965
     920
     944
     881
     851
     848
     881
     877
     946
     905
     852
     952
     930
     895
     955
     902
     951
     943
     961
     929
     932
     898
     948
     924
     947
     911
     945
     888
     889
     902
     902
     939
     891
     929
     875
     864
     922
     903
     947
     994
     930
     875
     944
     937
     983
     955
     889
     938
     924
     876
     910
     896
     957
     908
     887
     938
     926
     921
     972
     913
     924
     901
     961
     821
     903
     910
     878
     992
     850
     892
     917
     898
     900
     969
     881
     881
     945
     892
     934
     936
     886
     993
     924
     917
     966
     928
     957
     870
     902
     915
     958
     911
     934
     933
     982
     999
     930
     927
    1014
     912
     889
     902
     928
     946
     873
     895
     919
     937
     963
     945
     926
     930
     927
     883
     887
     948
     992
     921
     994
     957
     960
     956
     955
    1055
    1005
    1060
    1048
    1024
    1073
    1100
    1072
    1054
    1096
    1074
    1053
    1125
    1142
    1195
    1085
    1082
    1109
    1084
    1129
    1062
    1118
    1116
    1108
    1092
    1066
    1073
    1059
    1134
    1117
    1074
    1107
    1100
    1091
    1151
    1076
    1102
    1086
    1029
    1059
    1095
    1046
    1109
    1047
    1040
    1027
    1082
    1027
    1091
    1089
    1067
    1058
    1096
    1097
    1006
    1085
    1040
    1067
    1093
    1053
    1064
    1071
    1065
    1100
    1039
    1087
    1063
    1055
    1070
    1033
    1116
    1159
    1031
    1086
    1081
    1085
    1022
    1041
    1028
    1083
    1092
    1081
    1066
    1075
    1102
    1108
    1072
    1074
    1106
    1058
    1125
    1043
    1012
    1023
    1050
    1116
    1078
    1035
    1047
     977
    1017
     979
     985
     994
    1063
    1000
     982
     977
    1002
    1028
    1000
    1020
     972
    1018
     927
    1003
    1011
     964
     950
     967
     938
    1034
     934
    1022
     987
    1012
     973
     977
    1010
     957
     965
     926
     985
     920
     919
    1005
     933
    1017
     942
     933
     944
     938
     935
     942
     975
     987
     994
     967
     957
     995
     934
     927
     975
     940
     969
     938
     954
     974
     923
     909
     995
     919
    1009
     977
     962
     947
     943
     920
    1043
    1023
     964
     914
     952
     921
     909
     988
     948
     934
     984
     985
     939
     971
     995
     912
    1037
     968
     959
     984
     912
     964
     936
     984
     939
     966
     984
     942
     962
     932
     962
     923
     876
     902
     981
     936
     955
     921
     878
     929
     864
     898
     898
     899
     882
     898
     884
     925
     812
     856
     852
     875
     834
     877
     854
     859
     880
     898
     844
     819
     844
     832
     787
     826
     808
     801
     788
     797
     785
     779
     718
     797
     805
     788
     805
     764
     785
     760
     769
     800
     795
     765
     805
     771
     769
     765
     760
     800
     779
     739
     772
     705
     761
     753
     752
     708
     723
     730
     735
     758
     716
     748
     708
     725
     720
     659
     733
     702
     733
     700
     719
     704
     730
     698
     699
     678
     678
     675
     688
     675
     675
     705
     691
     662
     705
     660
     686
     714
     721
     704
     698
     687
     723
     675
     666
     679
     676
     696
     657
     645
     669
     645
     653
     657
     659
     652
     676
     666
     679
     701
     700
     626
     691
     682
     687
     652
     691
     664
     716
     666
     682
     649
     639
     642
     709
     631
     645
     687
     672
     696
     669
     664
     708
     615
     663
     664
     643
     644
     684
     697
     693
     657
     723
     658
     657
     638
     664
     669
     711
     714
     648
     667
     647
     659
     651
     663
     643
     634
     682
     700
     671
     669
     706
     648
     670
     715
     666
     667
     657
     694
     636
     648
     657
     701
     675
     633
     688
     660
     651
     669
     672
     649
     638
     697
     715
     702
     652
     656
     674
     699
     677
     661
     686
     666
     661
     674
     667
     650
     679
     676
     659
     679
     655
     661
     605
     637
     595
     620
     680
     602
     609
     569
     562
     597
     552
     534
     530
     543
     519
     569
     504
     494
     496
     494
     463
     455
     475
     471
     476
     457
     471
     486
     427
     475
     450
     431
     458
     417
     433
     461
     439
     421
     429
     458
     438
     445
     420
     403
     432
     382
     454
     387
     403
     399
     455
     402
     404
     399
     377
     375
     378
     383
     357
     367
     354
     390
     369
     403
     383
     380
     351
     378
     380
     352
     364
     396
     399
     379
     376
     363
     399
     382
     353
     354
     344
     351
     361
     378
     372
     335
     367
     326
     421
     339
     360
     365
     326
     323
     364
     331
     350
     306
     337
     312
     336
     374
     310
     298
     335
     318
     308
     295
     332
     310
     331
     309
     309
     289
     321
     305
     325
     313
     288
     310
     315
     313
     323
     347
     307
     311
     284
     289
     275
     300
     275
     280
     304
     275
     287
     301
     281
     283
     302
     275
     275
     293
     291
     287
     269
     274
     278
     284
     269
     283
     296
     278
     267
     262
     278
     250
     249
     252
     270
     269
     279
     244
     255
     273
     239
     246
     244
     240
     261
     234
     256
     275
     269
     268
     273
     238
     278
     225
     247
     265
     215
     242
     231
     238
     265
     244
     250
     187
     225
     231
     237
     275
     222
     230
     216
     219
     220
     238
     238
     248
     244
     231
     228
     219
     210
     218
     232
     245
     223
     229
     202
     226
     265
     232
     208
     222
     226
     226
     221
     230
     251
     219
     213
     210
     245
     227
     244
     215
     228
     211
     225
     227
     232
     205
     235
     212
     210
     222
     207
     222
     202
     195
     241
     213
     237
     223
     186
     235
     203
     232
     237
     215
     206
     236
     213
     211
     239
     230
     203
     232
     216
     209
     204
     209
     212
     201
     221
     213
     203
     210
     199
     200
     187
     206
     206
     244
     205
     197
     205
     225
     196
     207
     216
     216
     220
     207
     207
     200
     200
     235
     193
     196
     180
     174
     202
     204
     189
     187
     204
     210
     217
     211
     218
     190
     217
     233
     208
     178
     216
     195
     214
     199
     214
     228
     209
     204
     198
     212
     209
     199
     230
     204
     222
     183
     216
     218
     189
     187
     220
     213
     209
     202
     220
     190
     186
     217
     186
     195
     194
     168
     230
     202
     211
     190
     199
     206
     222
     196
     215
     227
     181
     204
     212
     219
     178
     213
     193
     196
     197
     199
     191
     199
     180
     181
     187
     204
     207
     193
     197
     204
     206
     161
     193
     195
     182
     205
     186
     184
     201
     206
     195
     183
     188
     207
     198
     222
     189
     245
     191
     197
     209
     195
     198
     207
     214
     200
     186
     202
     184
     187
     187
     216
     213
     172
     198
     212
     212
     224
     191
     194
     201
     204
     175
     202
     207
     195
     205
     233
     209
     270
     259
     321
     440
     617
     991
    1531
    2398
    3658
    5335
    7399
   10045
   12384
   14547
   15442
   15399
   13877
   11482
    9094
    6557
    4274
    2743
    1776
    1068
     613
     388
     282
     200
     173
     180
     159
     168
     170
     176
     159
     145
     146
     142
     173
     144
     163
     168
     139
     167
     163
     156
     151
     143
     166
     163
     164
     147
     157
     163
     164
     159
     157
     167
     158
     146
     160
     150
     154
     154
     161
     155
     182
     156
     191
     146
     157
     133
     151
     142
     123
     158
     156
     156
     146
     146
     143
     155
     157
     149
     158
     139
     158
     156
     133
     137
     155
     140
     156
     160
     152
     169
     140
     143
     170
     149
     164
     157
     161
     149
     162
     185
     143
     158
     162
     136
     145
     149
     159
     139
     163
     162
     165
     149
     156
     162
     144
     158
     157
     148
     156
     166
     152
     161
     156
     155
     153
     150
     172
     160
     144
     149
     164
     162
     152
     153
     150
     141
     183
     153
     165
     160
     148
     145
     154
     160
     148
     175
     142
     143
     161
     146
     164
     140
     173
     161
     150
     158
     145
     144
     156
     163
     160
     149
     145
     153
     147
     157
     158
     165
     151
     174
     189
     166
     162
     136
     141
     165
     161
     152
     170
     158
     167
     162
     160
     148
     145
     182
     164
     149
     156
     153
     136
     151
     160
     158
     178
     129
     165
     179
     175
     162
     160
     147
     179
     155
     163
     158
     150
     152
     144
     158
     162
     165
     155
     172
     183
     140
     170
     149
     164
     162
     168
     174
     158
     182
     153
     186
     144
     168
     139
     150
     162
     194
     171
     126
     154
     168
     151
     158
     161
     158
     188
     170
     160
     168
     150
     175
     158
     161
     169
     159
     166
     175
     166
     167
     163
     157
     167
     163
     153
     159
     166
     168
     178
     155
     171
     159
     177
     140
     171
     153
     159
     161
     174
     168
     156
     159
     174
     159
     122
     144
     165
     150
     151
     177
     170
     177
     168
     162
     155
     160
     171
     151
     157
     159
     163
     171
     193
     150
     176
     167
     148
     175
     186
     168
     158
     168
     142
     193
     172
     164
     174
     168
     194
     156
     180
     178
     152
     167
     163
     171
     174
     180
     142
     173
     164
     164
     164
     164
     178
     166
     184
     172
     145
     167
     202
     194
     166
     170
     193
     155
     167
     179
     168
     162
     175
     154
     169
     145
     187
     192
     190
     193
     168
     180
     172
     166
     175
     151
     166
     188
     157
     166
     190
     178
     158
     190
     172
     167
     170
     166
     177
     149
     189
     173
     170
     192
     216
     176
     172
     170
     170
     182
     185
     168
     183
     191
     177
     168
     179
     181
     186
     162
     192
     156
     200
     200
     193
     198
     181
     177
     188
     186
     213
     181
     182
     200
     156
     175
     182
     179
     191
     221
     186
     189
     162
     207
     176
     194
     174
     187
     190
     192
     188
     192
     224
     199
     208
     203
     187
     191
     192
     211
     211
     172
     201
     212
     224
     193
     188
     210
     195
     214
     203
     194
     202
     190
     185
     209
     182
     171
     192
     186
     206
     205
     172
     184
     194
     191
     188
     191
     200
     194
     176
     160
     190
     166
     202
     174
     210
     208
     189
     177
     192
     193
     207
     197
     221
     199
     201
     186
     197
     188
     197
     210
     223
     208
     207
     203
     195
     174
     204
     210
     200
     186
     200
     213
     186
     202
     195
     224
     190
     193
     199
     217
     196
     192
     223
     219
     181
     187
     186
     197
     185
     180
     198
     195
     189
     186
     213
     211
     220
     219
     198
     182
     220
     210
     207
     190
     216
     232
     216
     223
     218
     196
     199
     213
     219
     222
     193
     236
     180
     217
     209
     215
     185
     227
     228
     207
     197
     213
     188
     195
     223
     209
     220
     233
     211
     196
     224
     192
     204
     227
     210
     217
     222
     223
     194
     227
     191
     204
     235
     216
     212
     233
     242
     232
     226
     232
     220
     225
     237
     223
     243
     248
     214
     245
     225
     225
     249
     227
     224
     255
     212
     193
     241
     206
     235
     205
     212
     212
     215
     226
     245
     222
     216
     241
     231
     232
     229
     230
     210
     212
     219
     216
     224
     225
     195
     224
     239
     233
     237
     259
     229
     245
     222
     224
     235
     286
     222
     243
     211
     255
     216
     225
     239
     228
     278
     225
     205
     222
     248
     198
     220
     242
     227
     229
     219
     248
     211
     264
     266
     245
     196
     226
     235
     246
     230
     235
     244
     236
     228
     240
     256
     225
     230
     229
     209
     220
     209
     238
     222
     235
     207
     201
     189
     204
     234
     212
     182
     228
     219
     206
     206
     195
     185
     180
     194
     178
     168
     183
     157
     176
     167
     183
     153
     156
     174
     162
     184
     160
     182
     160
     184
     164
     162
     149
     173
     153
     162
     156
     180
     168
     166
     161
     153
     156
     151
     163
     176
     181
     175
     153
     145
     178
     148
     172
     143
     154
     173
     175
     176
     160
     158
     193
     165
     154
     160
     177
     134
     152
     143
     135
     123
     178
     154
     139
     152
     155
     156
     157
     161
     136
     139
     113
     141
     112
     137
     141
     147
     132
     144
     160
     142
     135
     135
     145
     151
     164
     147
     138
     142
     146
     154
     115
     152
     153
     136
     131
     129
     127
     148
     133
     159
     128
     137
     146
     132
     138
     149
     133
     116
     137
     116
     133
     131
     133
     133
     122
     141
     124
     132
     151
     115
     141
     133
     115
     141
     154
     138
     143
     121
     151
     133
     127
     129
     130
     111
     120
     104
     118
     115
     113
     120
     103
     122
      98
     131
     125
     123
     115
     138
     141
     118
     150
     108
     126
     123
     133
     109
     126
     117
     115
     108
     109
     128
     122
     120
     119
     120
      96
     142
     110
     115
      95
     126
     115
     110
     116
     134
     125
      98
     112
     116
     133
     100
     111
     100
      90
     110
     104
     113
     109
     103
     111
     115
     109
      97
      95
     106
     104
      99
     104
     101
     102
      91
     114
     108
     104
     103
     102
     108
     107
     113
     115
     105
     104
     107
     114
      98
      97
     114
     107
     101
     101
     104
     106
     104
      76
      89
      99
     101
     103
     118
     103
     130
      74
     105
     100
      94
      89
      89
     100
      94
      88
     106
      95
     101
      97
      99
     100
     102
      94
      92
     108
     104
     102
     116
     111
     129
     173
     176
     203
     261
     353
     436
     525
     589
     619
     676
     638
     569
     463
     376
     251
     207
     145
     128
     121
     117
      95
      98
      95
     104
      91
      82
      93
      96
      88
      96
      94
      92
      87
      73
      87
      90
      81
     106
      78
      88
      96
     101
      85
     108
      96
     100
      82
      80
      93
      93
      98
     107
      76
      96
      85
      80
      79
     113
      92
      95
     100
      70
      80
     101
      93
      74
      85
      73
      95
      90
      80
      94
      99
      80
      83
      93
      84
      81
     100
      82
      72
      93
      65
      96
     108
      87
      95
      81
      82
      95
      79
      94
     115
      91
      84
      87
      81
      96
      99
      92
     100
      98
     135
     139
     123
     117
     140
     143
     132
     119
     117
     102
      96
      70
      98
      92
      96
      86
      96
      73
     113
      95
      84
      99
      86
      81
     103
     106
      95
      98
      92
      85
      95
      99
     108
     119
     148
     169
     186
     209
     303
     377
     408
     475
     524
     528
     557
     501
     458
     307
     280
     167
     126
     133
     115
      83
      88
      87
     100
      89
      83
      77
      79
      72
      97
      82
      74
     106
      84
      89
      90
     100
      92
     101
      85
      81
      85
      80
      80
     103
      81
      80
     103
     105
      97
      73
      89
     112
      78
      92
     114
     109
      97
      99
      89
      89
      78
      91
      99
      81
      93
      88
      87
      95
      92
     104
     110
      86
      97
      92
      93
      82
      89
      94
      85
      99
     112
      96
     101
      98
      82
      94
      98
      85
     100
     114
     120
     146
     173
     217
     268
     360
     498
     694
     863
    1181
    1595
    2095
    2835
    3658
    4339
    4977
    5284
    5421
    5408
    4961
    4181
    3134
    2166
    1312
     790
     503
     336
     240
     171
     116
     105
      85
     105
     104
      80
      85
     109
      92
     101
      89
      70
      86
      83
      95
      91
      81
      92
      95
      90
      78
      85
     100
      86
      94
     108
      98
      74
      90
      83
     105
     101
      97
      93
     103
      97
     103
      80
      89
      89
      88
      91
      86
      89
      91
     101
      86
     108
     107
      91
      92
      95
     100
      83
      96
     107
      94
     107
     103
     101
     100
     102
      94
      90
     115
      79
     101
      95
      95
      87
     103
      95
     106
      89
      84
      98
     104
      95
     100
      99
     108
     101
     107
     102
      90
      81
     114
     105
     109
     111
      98
     101
     121
      99
      94
      87
      94
     120
     110
      93
      90
     105
     112
      99
      97
      95
      98
      89
     106
     129
     111
      87
      98
     109
     115
      96
      94
     113
     111
      95
     102
     117
     106
     128
     108
     121
     103
      99
     105
      76
     109
     102
     100
     121
      92
      95
     105
     102
      99
     112
     114
     103
     104
     123
     121
     112
     103
     122
     127
     116
     112
     105
     108
     125
     122
     103
     115
     109
     125
      98
     136
     122
     118
     116
     123
     129
     117
     134
     122
     126
     124
     114
     104
     107
     121
     124
     104
     107
     103
     118
     105
     135
     107
     108
     122
     112
     134
     120
     115
     118
     136
     127
     129
     128
     124
     136
     125
     149
     125
     112
     115
     118
     123
     118
     114
     122
     109
     124
     106
     143
     138
     119
     128
     145
     127
     122
     119
     100
     131
     128
     140
     131
     129
     122
     117
     139
     147
     136
     126
     141
     139
     121
     133
     113
     133
     110
     114
     135
     136
     119
     135
     113
     128
     128
     118
     136
     137
     124
     135
     134
     117
     143
     127
     138
     135
     106
     123
     129
     137
     115
     118
     112
     134
     115
     113
     129
     103
     130
     115
     107
     114
     101
      88
      99
     108
     105
     101
     101
      84
     101
     106
      99
      80
      90
     100
      80
      75
      76
      82
      71
      93
      89
      81
      88
      81
      87
      87
      79
      89
      64
      84
      88
      73
      86
      78
      71
      69
      98
      76
      62
      79
      79
      77
      75
      81
      79
      99
     109
     115
     131
     151
     180
     247
     260
     332
     385
     410
     416
     405
     445
     431
     344
     330
     270
     206
     154
     113
      87
      75
      86
      80
      68
      73
      74
      74
      69
      75
      56
      61
      58
      72
      77
      64
      68
      55
      69
      77
      61
      75
      65
      66
      61
      66
      60
      54
      67
      63
      58
      72
      53
      57
      63
      71
      56
      67
      56
      59
      57
      58
      66
      63
      46
      65
      59
      62
      62
      52
      59
      62
      44
      62
      53
      50
      53
      54
      51
      47
      61
      63
      49
      61
      63
      48
      56
      58
      57
      53
      57
      48
      52
      42
      44
      57
      48
      56
      47
      44
      52
      58
      51
      59
      46
      49
      56
      50
      44
      49
      46
      51
      49
      51
      45
      43
      53
      42
      42
      50
      55
      41
      51
      41
      63
      43
      40
      47
      44
      45
      40
      52
      34
      47
      54
      41
      40
      49
      51
      45
      44
      39
      45
      47
      39
      43
      34
      47
      40
      36
      34
      38
      30
      46
      35
      34
      39
      36
      41
      47
      31
      34
      34
      40
      35
      38
      40
      31
      35
      39
      34
      43
      33
      36
      22
      30
      26
      34
      42
      29
      34
      33
      24
      25
      29
      32
      28
      28
      35
      28
      24
      26
      18
      19
      31
      36
      30
      20
      15
      19
      24
      28
      24
      26
      19
      27
      25
      23
      21
      15
      26
      26
      24
      30
      12
      28
      19
      20
      21
      29
      19
      27
      17
      21
      20
      23
      26
      20
      19
      18
      23
      22
      22
      23
      23
      22
      21
      26
      21
      23
      16
      16
      11
      21
      21
      17
      19
      19
      16
      21
      19
      19
      15
      25
      17
      12
      14
      16
      18
      29
      13
      13
      20
      18
      20
      19
       8
      14
      13
      19
      17
      16
       8
      14
      17
      10
      12
      18
      13
      21
      17
      10
      20
      12
      14
      15
       6
      21
      13
       5
      12
       6
      15
      14
      18
      10
      12
      14
       9
      15
      15
      19
      14
      14
      11
       9
      12
      10
      21
      16
      14
      15
      23
      15
       9
      12
      10
       9
      14
      11
      17
      11
      19
      13
      15
      13
      12
      12
      12
      12
      11
      12
      14
       9
      12
      10
      15
      10
      19
       8
      10
       8
      10
      16
      11
      16
      10
      15
      10
      14
      12
      15
      14
       7
      11
      13
       9
      12
      12
      14
      16
      14
      13
      15
      11
      13
      18
      12
      12
      12
      13
       9
      13
      15
      10
       9
      16
      17
       8
      15
      10
       9
       7
       8
      12
      10
      10
      14
       5
      11
      10
      16
      11
      11
      12
      10
      19
       7
      12
      11
      18
      13
       8
      22
      16
      14
      17
      11
       7
      13
       8
      11
      13
       8
      10
      13
      13
      13
      10
      16
      14
      13
      13
      11
       9
      14
      14
      10
      12
       9
      20
      13
      13
      14
      13
       8
      13
      12
      17
      13
      14
      12
      12
      13
      19
       8
      17
       7
      10
      12
      10
      17
      20
      16
      18
      10
      21
      20
      13
      23
      14
      26
      17
      26
      36
      32
      55
      50
      57
      74
     146
     160
     207
     294
     348
     428
     550
     666
     883
    1192
    1557
    1962
    2382
    2631
    2930
    2966
    3276
    3231
    3316
    3187
    3034
    2402
    1832
    1332
     806
     556
     336
     244
     160
     117
      66
      28
      19
       8
       9
       5
       6
       3
       1
      10
       3
       2
       5
       3
       3
       6
       6
       1
       6
       3
       1
       5
       2
      10
       2
       3
       8
       3
       3
       3
       5
       8
       4
       7
       3
       5
       2
       3
       5
       4
       2
       6
       1
       1
       4
       4
       3
       5
       8
       1
       8
       8
       3
       1
       3
       3
       2
       3
       1
       3
       3
       4
       5
       5
       3
       0
       7
       5
       3
       4
       3
      10
       1
       8
       3
       1
       3
       3
       3
       7
       2
       3
       2
       1
       4
       3
       4
       3
       2
       1
       4
       7
       5
       6
       5
       2
       6
       5
       5
       3
       3
       3
       3
       3
       4
       5
       4
       8
       2
       4
       2
       1
       4
       2
       2
       3
       4
       5
       7
       2
       4
       3
       4
       2
       1
       3
       2
       1
       6
       5
       3
       3
       7
       5
       2
       3
       3
       2
       2
       0
       5
       2
       3
       2
       5
       2
       3
       6
       8
       2
      10
       4
       5
       6
       3
       5
       4
       3
       2
       4
       3
       7
       7
       2
       7
       7
       5
       7
       4
       5
       5
       3
       3
       4
       5
       5
       3
       2
       2
       2
       4
       3
       4
       7
       1
       6
       1
       4
       2
       6
       3
       2
       5
       5
       2
       4
       4
       9
       1
       8
       4
       4
       3
       3
       3
       2
       7
       3
       5
       6
       7
       7
       2
       4
       4
       4
       4
       7
       4
       2
       2
       3
       1
       4
       1
       6
       5
       4
       2
       4
       3
       1
       1
       7
       2
       3
       4
       5
       6
       5
       2
       1
       5
       5
       3
       2
       2
       3
       5
       5
       2
       3
       4
       4
       4
       4
       7
       3
       1
       3
       2
       3
       4
       5
       3
       4
       5
       4
       3
       3
       6
       5
       1
       5
       1
       4
       1
       0
       2
       4
       5
       3
       5
       5
       1
       5
       5
       1
       3
       2
       3
       8
       3
       7
      10
       2
       8
       6
       7
       6
       4
       4
      10
       9
      10
       3
       5
       5
       5
       3
       5
       4
       7
      10
       1
       3
       5
       4
       2
       1
       0
       4
       4
       1
       5
       5
       4
       5
       2
       1
       4
       3
       4
       2
       4
       6
       4
       2
       2
       4
       4
       3
       5
       3
       4
       6
       4
       7
       5
       4
       4
       3
       6
       8
       5
       5
      12
       6
       1
       7
       8
       6
       2
       4
       2
       6
       2
       5
       6
       1
       5
       4
       5
       0
       1
       6
       4
       3
       3
       6
       3
       2
       2
       1
       3
       2
       3
       3
       5
       6
       6
       5
       5
       5
       3
       1
       5
       3
       5
       4
       1
       3
       3
       3
       3
       2
       3
       4
       2
       2
       3
       5
       6
       3
       4
       3
       3
       2
       1
       3
       2
       2
       6
       3
       2
       4
       4
       7
       6
       5
       4
      10
       7
       8
      12
      17
      17
      13
      17
      13
      12
      11
      16
      10
       4
       3
      12
       4
       8
       4
       6
       5
       5
       1
       3
       1
       6
       2
       1
       3
       3
       3
       1
       4
       3
       2
       3
       4
       3
       3
       4
       1
       2
       1
       2
       3
       2
       2
       3
       2
       8
       5
       3
       1
       3
       1
       4
       2
       3
       0
       2
       4
       5
       2
       2
       2
       4
       6
       2
       3
       4
       3
       2
       4
       2
       2
       2
       1
       6
       4
       2
       5
       4
       4
       3
       4
       2
       2
       1
       8
       1
       3
       0
       0
       5
       4
       2
       1
       5
       4
       4
       2
       6
       1
       4
       3
       2
       3
       4
       2
       4
       3
       4
       2
       2
       2
       1
       2
       2
       2
       3
       2
       3
       3
       5
       3
       1
       5
       4
       3
       5
       3
       2
       0
       0
       3
       3
       8
       3
       4
       4
       2
       2
       2
       6
       3
       5
       0
       2
       2
       6
       2
       2
       3
       2
       4
       5
       3
       3
       3
       3
       3
       3
       2
       2
       4
       2
       4
       2
       4
       2
       1
       3
       3
       0
       3
       2
       5
       1
       1
       1
       3
       2
       4
       6
       4
       3
       4
       3
       4
       2
       6
       4
       2
       1
       3
       1
       1
       1
       2
       3
      10
       1
       4
       2
       5
       1
       2
       5
       4
       6
       2
       3
       3
       4
       2
       5
       1
       3
       4
       3
       8
       2
       3
       4
       2
       5
       4
       4
       4
       2
       3
       4
       6
       1
       1
       2
       6
       0
       1
       2
       6
       2
       6
       1
       2
       1
       4
       2
       3
       5
       4
       3
       3
       5
       2
       6
       2
       1
       8
       4
       0
       5
       3
       4
       1
       3
       3
       5
       6
       1
       4
       4
       2
       2
       5
       1
       1
       3
       5
       5
       3
       6
       5
       3
       4
       0
       1
       1
       7
       2
       4
       5
       2
       3
       1
       3
       1
       4
       1
       3
       2
       3
       2
       5
       1
       2
       6
       1
       2
       2
       5
       2
       2
       2
       1
       3
       4
       2
       1
       4
       1
       1
       5
       6
       0
       2
       1
       0
       4
       4
       3
       1
       1
       1
       6
       4
       4
       1
       2
       3
       0
       1
       3
       4
       0
       4
       2
       2
       3
       3
       1
       1
       2
       2
       1
       2
       2
       0
       0
       3
       3
       2
       4
       3
       5
       1
       1
       4
       1
       3
       1
       4
       1
       4
       4
       4
       1
       3
       0
       3
       1
       2
       1
       2
       4
       5
       1
       1
       2
       0
       4
       1
       2
       1
       0
       4
       3
       0
       2
       3
       1
       1
       4
       1
       2
       3
       6
       4
       1
       3
       4
       1
       1
       2
       4
       6
       2
       1
       4
       3
       1
       2
       6
       0
       1
       2
       6
       2
       5
       2
       1
       2
       4
       4
       5
       1
       1
       0
       1
       0
       1
       3
       0
       2
       3
       4
       1
       3
       2
       1
       2
       2
       3
       4
       0
       1
       1
       1
       6
       1
       1
       1
       2
       1
       2
       6
       3
       2
       1
       2
       3
       5
       6
       0
       2
       2
       2
       1
       1
       1
       3
       4
       4
       1
       5
       4
       2
       3
       2
       4
       3
       4
       0
       0
       2
       2
       2
       0
       3
       1
       4
       2
       2
       0
       3
       1
       1
       1
       1
       2
       1
       1
       3
       2
       4
       3
       2
       2
       0
       2
       1
       1
       1
       3
       2
       5
       4
       1
       0
       3
       5
       3
       3
       0
       4
       5
       1
       1
       4
       0
       3
       4
       0
       2
       4
       1
       4
       4
       2
       4
       3
       1
       3
       3
       1
       1
       0
       2
       0
       3
       3
       4
       2
       2
       1
       2
       4
       2
       1
       0
       3
       2
       4
       4
       9
       9
       1
       4
       4
       1
       2
       3
       7
       1
       1
       5
       5
       3
       5
       4
       5
       3
       6
       3
       4
       3
       5
       2
       2
       3
       2
       1
       1
       2
       1
       4
       1
       4
       2
       2
       3
       2
       2
       4
       3
       3
       2
       3
       1
       3
       2
       0
       4
       1
       1
       4
       7
       3
       0
       2
       1
       2
       2
       2
       2
       0
       2
       5
       2
       1
       2
       4
       2
       2
       1
       3
       0
       2
       5
       5
       0
       2
       4
       3
       5
       0
       1
       4
       0
       4
       0
       0
       2
       1
       0
       0
       1
       4
       3
       3
       1
       2
       3
       4
       2
       1
       1
       0
       3
       2
       2
       3
       3
       5
       0
       3
       0
       1
       0
       1
       0
       3
       1
       2
       4
       1
       0
       2
       1
       4
       1
       0
       1
       0
       0
       4
       2
       2
       3
       3
       0
       4
       2
       2
       4
       3
       1
       2
       3
       3
       2
       2
       1
       1
       0
       1
       2
       4
       1
       1
       4
       0
       2
       1
       1
       2
       5
       1
       2
       3
       3
       2
       1
       1
       4
       1
       1
       1
       3
       2
       2
       7
       0
       5
       1
       2
       1
       5
       0
       3
       1
       1
       1
       2
       0
       2
       0
       3
       0
       4
       2
       7
       5
       2
       0
       3
       1
       5
       1
       1
       3
       4
       3
       2
       4
       5
       3
       4
       2
       1
       1
       4
       1
       2
       1
       3
       1
       2
       2
       1
       0
       3
       2
       3
       2
       4
       1
       5
       5
       4
       3
       5
       2
       5
       4
      11
       8
       8
       6
      11
      11
      13
      11
       9
      13
       6
      11
       9
      11
       7
       5
       8
       3
       4
       2
       4
       4
       0
       4
       4
       3
       3
       4
       2
       4
       4
       4
       1
       1
       1
       4
       0
       5
       2
       2
       3
       2
       4
       0
       4
       1
       1
       0
       1
       1
       1
       1
       0
       2
       1
       1
       0
       2
       1
       3
       5
       3
       4
       1
       3
       3
       3
       4
       2
       4
       3
       0
       1
       2
       1
       5
       2
       3
       2
       2
       1
       2
       2
       1
       4
       4
       1
       7
       1
       1
       3
       0
       2
       1
       2
       1
       3
       3
       2
       5
       3
       5
       1
       1
       2
       3
       1
       2
       1
       2
       3
       0
       0
       2
       2
       1
       0
       0
       3
       0
       2
       0
       2
       1
       6
       0
       3
       2
       2
       1
       6
       2
       0
       2
       1
       4
       0
       0
       2
       3
       1
       1
       0
       2
       2
       4
       4
       2
       3
       1
       2
       0
       3
       3
       4
       2
       1
       6
       1
       2
       4
       0
       4
       1
       1
       5
       2
       3
       2
       2
       2
       2
       0
       3
       3
       2
       1
       3
       2
       3
       3
       4
       1
       3
       1
       4
       2
       1
       0
       1
       1
       5
       2
       2
       1
       0
       2
       3
       2
       1
       0
       5
       1
       4
       0
       3
       1
       3
       3
       4
       2
       0
       1
       2
       3
       1
       3
       1
       1
       3
       3
       1
       1
       1
       2
       1
       2
       0
       2
       0
       2
       1
       3
       0
       0
       2
       3
       1
       0
       1
       2
       1
       2
       3
       2
       2
       1
       2
       1
       3
       1
       3
       3
       4
       4
       3
       1
       0
       0
       0
       2
       5
       2
       3
       3
       2
       2
       1
       6
       2
       1
       2
       2
       1
       2
       2
       3
       3
       1
       3
       1
       4
       4
       2
       2
       1
       0
       2
       2
       4
       5
       3
       4
       3
       1
       2
       4
       2
       2
       3
       2
       4
       2
       2
       1
       2
       1
       2
       0
       1
       1
       2
       1
       1
       0
       0
       4
       2
       3
       2
       3
       2
       4
       2
       2
       1
       0
       2
       3
       2
       2
       6
       2
       1
       3
       2
       3
       6
       2
       6
       2
       4
       3
       2
       6
       1
       2
       1
       3
       5
       2
       2
       1
       3
       4
       2
       4
       3
       3
       2
       2
       2
       0
       5
       2
       4
       5
       1
       4
       2
       2
       3
       4
       2
       4
       1
       3
       1
       7
       3
       3
       2
       2
       2
       3
       4
       2
       7
       1
       1
       1
       1
       2
       3
       3
       1
       2
       3
       6
       2
       5
       3
       1
       5
       1
       4
       3
       5
       2
       6
       7
       6
       4
       1
       3
       0
       1
       2
       4
       4
       5
       2
       3
       3
       2
       3
       2
       1
       5
       3
       2
       1
       3
       3
       1
       0
       3
       3
       3
       6
       2
       3
       4
       4
       1
       4
       1
       2
       6
       2
       5
       6
       3
       1
       2
       2
       1
       4
       7
       0
       3
       6
       4
       2
       6
       1
       6
       5
       0
       4
       7
       5
       4
       1
       3
       1
       3
       4
       0
       2
       3
       2
       2
       4
       3
       1
       5
       1
       1
       1
       3
       2
       6
       2
       1
       4
       2
       1
       2
       3
       5
       1
       0
       1
       4
       2
       1
       0
       3
       1
       0
       1
       2
       0
       0
       1
       2
       1
       2
       1
       1
       4
       3
       1
       3
       1
       1
       3
       2
       4
       1
       1
       1
       2
       2
       0
       3
       3
       2
       0
       2
       1
       0
       3
       2
       2
       1
       2
       5
       1
       4
       2
       2
       2
       2
       5
       1
       1
       1
       1
       1
       2
       2
       1
       3
       1
       3
       2
       2
       3
       3
       2
       3
       1
       0
       5
       1
       4
       2
       5
       0
       0
       1
       2
       2
       3
       0
       1
       3
       2
       2
       2
       3
       3
       3
       1
       1
       2
       4
       4
       0
       3
       1
       0
       3
       0
       2
       1
       1
       2
       3
       1
       0
       2
       2
       0
       1
       0
       3
       3
       1
       6
       3
       2
       0
       1
       1
       1
       1
       2
       2
       1
       3
       3
       2
       0
       1
       2
       2
       0
       0
       1
       0
       3
       2
       0
       2
       2
       1
       2
       2
       0
       1
       1
       2
       3
       2
       1
       1
       1
       2
       2
       0
       2
       0
       1
       1
       0
       1
       1
       0
       2
       0
       2
       1
       2
       1
       1
       2
       2
       1
       0
       2
       2
       0
       0
       3
       3
       3
       1
       0
       3
       2
       3
       1
       1
       2
       2
       0
       1
       1
       0
       0
       1
       3
       1
       1
       2
       3
       1
       2
       0
       0
       0
       0
       1
       3
       1
       1
       3
       1
       0
       3
       1
       1
       0
       1
       1
       1
       0
       1
       2
       0
       1
       4
       2
       3
       1
       2
       1
       1
       0
       1
       1
       2
       0
       0
       0
       2
       1
       0
       0
       2
       0
       1
       2
       0
       0
       3
       0
       0
       0
       1
       1
       0
       2
       0
       0
       0
       1
       2
       2
       0
       2
       1
       1
       0
       0
       1
       1
       2
       1
       0
       0
       0
       1
       1
       0
       2
       0
       0
       0
       0
       0
       2
       0
       0
       1
       0
       4
       0
       1
       1
       2
       0
       1
       0
       0
       4
       0
       1
       0
       2
       1
       1
       2
       0
       0
       2
       0
       3
       0
       1
       2
       0
       1
       1
       1
       0
       3
       0
       1
       0
       0
       0
       1
       1
       0
       0
       0
       0
       1
       1
       0
       0
       0
       0
       0
       0
       2
       0
       1
       0
       0
       1
       0
       1
       1
       2
       0
       1
       0
       1
       1
       1
       0
       0
       1
       0
       1
       1
       0
       0
       0
       1
       1
       0
       1
       0
       0
       1
       0
       1
       0
       0
       2
       2
       1
       0
       0
       1
       1
       1
       0
       1
       0
       1
       0
       0
       2
       0
       1
       0
       2
       2
       1
       0
       1
       0
       1
       0
       1
       1
       0
       0
       1
       0
       0
       0
       2
       1
       0
       0
       0
       1
       1
       1
       1
       2
       1
       0
       0
       0
       0
       2
       0
       1
       0
       0
       0
       0
       1
       0
       1
       1
       1
       1
       0
       0
       0
       0
       1
       0
       0
       0
       0
       1
       0
       0
       2
       1
       0
       0
       0
       0
       0
       1
       0
       0
       0
       0
       0
       0
       0
       0
       2
       0
       0
       0
       0
       0
       1
       0
       1
       0
       0
       0
       0
       0
       0
       1
       0
       5
       0
       2
       0
       1
       0
       0
       1
       1
       0
       1
       1
       0
       0
       1
       0
       2
       0
       1
       1
       1
       1
       3
       0
       1
       2
       1
       2
       1
       2
       4
       4
       1
       3
       4
       6
       3
       5
       2
       9
       8
      15
      16
      16
      22
      16
      21
      27
      27
      24
      27
      21
      34
      36
      36
      27
      38
      44
      35
      29
      19
      16
      19
      11
       9
       9
       5
       1
       4
       1
       2
       0
       1
       2
       0
       0
       2
       1
       0
       0
       1
       0
       2
       0
       0
       0
       2
       1
       1
       0
       0
       0
       0
       1
       0
       2
       0
       2
       1
       1
       0
       0
       0
       1
       0
       0
       1
       2
       0
       0
       1
       1
       0
       1
       1
       0
       1
       0
       1
       1
       1
       1
       0
       1
       0
       1
       0
       1
       0
       0
       0
       1
       2
       0
       0
       0
       0
       0
       3
       0
       0
       0
       0
       1
       0
       1
       1
       0
       0
       0
       1
       1
       1
       0
       1
       0
       0
       1
       0
       0
       0
       0
       0
       0
       0
       0
       2
       0
       3
       1
       3
       1
       1
       1
       1
       0
       2
       1
       1
       1
       1
       0
       5
       1
       9
       1
       1
       5
       4
       7
       5
       3
       6
       3
       4
       4
       4
       0
       1
       1
       0
       1
       1
       1
       1
       0
       0
       1
       0
       0
       0
       1
       1
       1
       1
       0
       0
       0
       0
       0
       0
       0
       0
       0
       0
       1
       0
       0
       0
       1
       0
       0
       1
       1
       0
       0
       0
       0
       0
       0
       0
       0
       1
       0
       0
       1
       0
       0
       0
       0
       0
       1
       1
       1
       1
       0
       0
       0
       0
       0
       0
       0
       0
       2
       0
       1
       0
       0
       0
       0
       1
       0
       1
       0
       0
       0
       0
       0
       0
       0
       0
       0
       1
       0
       0
       0
       0
       1
       0
       1
       0
       0
       0
       0
       1
       1
       0
       1
       1
       0
       0
       0
       1
       0
       0
       0
       1
       0
       0
       0
       0
       0
       0
       0
       1
       0
       0
       0
       0
       0
       0
       0
       1
       0
       0
       3
       0
       0
       2
       0
       0
       2
       0
       0
       1
       0
       1
       0
       1
       0
       0
       1
       0
       0
       0
       1
       0
       1
       0
       0
       1
       0
       1
       2
       0
       0
       0
       0
       1
       0
       1
       0
       0
       1
       0
       0
       1
       0
       0
       0
       0
       1
       1
       0
       0
       1
       0
       0
       1
       2
       0
       0
       1
       2
       1
       2
       1
       1
       0
       0
       1
       0
       0
       1
       0
       0
       0
       2
       0
       1
       1
       0
       1
       0
       1
       1
       0
       0
       0
       0
       1
       0
       0
       1
       0
       0
       0
       1
       1
       0
       0
       1
       0
       0
       0
       0
       2
       0
       1
       2
       0
       1
       0
       0
       0
       0
       0
       1
       1
       0
       0
       1
       0
       0
       0
       0
       2
       0
       0
       1
       0
       1
       1
       0
       0
       0
       0
       0
       0
       1
       1
       0
       0
       1
       0
       1
       0
       1
       0
       0
       0
       0
       0
       0
       1
       0
       0
       0
       1
       0
       0
       1
       0
       1
       0
       0
       0
       2
       0
       0
       0
       0
       0
       1
       0
       0
       0
       1
       1
       0
       0
       1
       1
       1
       0
       0
       1
       1
       0
       0
       1
       0
       0
       0
       0
       0
       2
       0
       1
       0
       0
       1
       0
       0
       0
       0
       0
       0
       1
       3
       1
       0
       0
       1
       0
       0
       2
       0
       0
       0
       0
       1
       2
       0
       0
       0
       0
       1
       0
       0
       1
       0
       0
       0
       0
       0
       0
       1
       0
       0
       0
       0
       0
       0
       1
       1
       0
       1
       1
       0
       0
       0
       0
       0
       1
       0
       0
       0
       0
       1
       0
       0
       0
       1
       1
       0
       0
       0
       1
       0
       0
       0
       1
       0
       1
       1
       0
       0
       0
       0
       0
       0
       0
       0
       1
       0
       0
       1
       0
       2
       0
       0
       1
       1
       0
       1
       0
       0
       0
       0
       1
       1
       0
       0
       0
       0
       0
       0
       0
       0
       0
       1
       0
       0
       0
       1
       1
       0
       0
       0
       1
       1
       0
       0
       0
       0
       2
       0
       0
       0
       0
       0
       0
       1
       0
       0
       0
       0
       0
       1
       0
       0
       1
       3
       0
       0
       0
       0
       2
       0
       0
       0
       0
       1
       1
       0
       0
       0
       0
       1
       0
       0
       0
       0
       0
       1
       0
       0
       0
       0
       1
       0
       1
       0
       0
       0
       1
       0
       0
       0
       0
       0
       1
       1
       1
       0
       0
       0
       1
       1
       0
       0
       0
       0
       0
       0
       1
       1
       0
       2
       1
       0
       0
       0
       0
       0
       0
       0
       1
       1
       0
       0
       1
       2
       0
       1
       0
       0
       0
       0
       0
       0
       0
       0
       0
       0
       2
       0
       1
       0
       0
       0
       0
       0
       2
       0
       0
       1
       0
       0
       0
       0
       0
       0
       0
       0
       1
       1
       0
       0
       0
       0
       0
       0
       0
       0
       0
       0
       0
       1
       0
       0
       0
       1
       0
       0
       0
       1
       0
       0
       0
       1
       0
       0
       0
       0
       0
       0
       0
       0
       1
       0
       0
       0
       0
       0
       0
       0
       0
       1
       0
       0
       0
       0
       0
       0
       0
       0
       1
       2
       0
       0
       0
       1
       0
       0
       0
       0
       0
       0
       1
       0
       0
       0
       0
       0
       0
       0
       0
       0
       1
       0
       0
       0
       0
       0
       0
       0
       0
       0
       1
       0
       0
       2
       0
       0
       2
       0
       1
       0
       0
       1
       0
       0
       0
       0
       1
       2
       0
       0
       0
       1
       0
       0
       0
       0
       2
       1
       0
       0
       2
       1
       0
       0
       0
       0
       0
       1
       0
       2
       0
       1
       0
       1
       0
       1
       0
       0
       0
       0
       0
       1
       0
       0
       0
       1
       0
       0
       0
       0
       0
       0
       0
       0
       2
       0
       0
       0
       0
       0
       0
       1
       0
       1
       0
       1
       0
       2
       0
       0
       2
       1
       0
       0
       1
       1
       0
       0
       1
       0
       1
       1
       0
       0
       0
       0
       0
       0
       0
       1
       0
       0
       0
       0
       0
       1
       0
       0
       0
       0
       0
       0
       0
       0
       0
       0
       0
       0
       0
       2
       1
       0
       1
       0
       1
       0
       0
       2
       0
       1
       2
       1
       0
       2
       0
       4
       2
       0
       3
       0
       2
       0
       1
       0
       0
       0
       0
       1
       0
       0
       0
       1
       0
       0
       0
       0
       0
       0
       1
       0
       0
       0
       1
       0
       0
       0
       0
       0
       0
       0
       0
       1
       1
       0
       0
       0
       0
       0
       0
       0
       0
       0
       0
       0
       0
       0
       0
       0
       0
       0
       2
       1
       0
       1
       1
       0
       0
       0
       0
       0
       1
       1
       0
       0
       0
       1
       1
       0
       0
       0
       1
       0
       1
       0
       0
       0
       1
       0
       0
       0
       0
       0
       0
       0
       0
       0
       0
       0
       0
       1
       0
       0
       0
       0
       0
       0
       2
       0
       2
       0
       0
       0
       0
       0
       1
       1
       1
       2
       1
       0
       0
       0
       1
       0
       0
       0
       0
       0
       0
       0
       0
       0
       1
       0
       0
       0
       1
       0
       0
       0
       0
       0
       0
       0
       0
       1
       1
       0
       0
       0
       1
       1
       1
       1
       0
       1
       0
       0
       0
       0
       0
       1
       0
       1
       0
       0
       0
       0
       0
       0
       1
       1
       0
       0
       1
       0
       0
       0
       1
       0
       0
       0
       0
       0
       1
       0
       0
       0
       1
       1
       1
       0
       1
       0
       1
       0
       0
       1
       0
       0
       0
       0
       1
       0
       0
       0
       1
       1
       0
       1
       0
       1
       0
       0
       0
       0
       0
       0
       1
       1
       1
       0
       0
       0
       0
       0
       0
       1
       0
       0
       1
       0
       0
       1
       0
       1
       0
       1
       0
       1
       0
       0
       1
       0
       1
       0
       1
       1
       0
       0
       1
       1
       1
       0
       0
       2
       0
       0
       0
       1
       0
       0
       0
       0
       0
       0
       1
       0
       0
       0
       1
       0
       0
       0
       0
       0
       0
       0
       0
       0
       0
       0
       0
       0
       0
       1
       0
       0
       0
       0
       0
       0
       1
       1
       0
       2
       0
       0
       0
       0
       1
       0
       0
       1
       2
       1
       0
       0
       1
       0
       0
       0
       0
       0
       0
       0
       1
       0
       0
       0
       0
       0
       1
       0
       0
       0
       0
       0
       0
       1
       0
       1
       0
       0
       0
       0
       0
       0
       0
       0
       0
       0
       0
       0
       0
       0
       0
       0
       0
       0
       0
       1
       0
       0
       0
       0
       0
       1
       0
       0
       0
       0
       0
       0
       0
       0
       1
       0
       1
       0
       0
       0
       1
       0
       0
       0
       0
       1
       0
       0
       0
       0
       0
       1
       0
       0
       0
       1
       0
       0
       0
       0
       0
       0
       0
       0
       0
       0
       0
       0
       0
       0
       0
       0
       1
       0
       0
       0
       0
       0
       0
       0
       0
       0
       0
       0
       0
       0
       1
       0
       0
       0
       0
       0
       0
       1
       0
       0
       2
       0
       0
       2
       0
       0
       0
       0
       0
       1
       0
       0
       0
       0
       0
       0
       0
       0
       0
       0
       0
       0
       0
       0
       0
       1
       1
       0
       1
       0
       0
       0
       0
       0
       0
       0
       0
       0
       0
       0
       0
       0
       0
       0
       1
       0
       1
       0
       0
       0
       0
       0
       0
       1
       0
       0
       0
       1
       0
       0
       1
       0
       0
       0
       0
       1
       1
       0
       0
       3
       0
       0
       1
       0
       0
       0
       0
       0
       1
       0
       0
       2
       0
       0
       1
       0
       0
       0
       0
       0
       0
       1
       1
       1
       0
       0
       0
       1
       0
       0
       0
       1
       0
       1
       1
       0
       0
       0
       0
       0
       1
       0
       0
       0
       1
       0
       0
       1
       0
       1
       0
       0
       0
       0
       0
       0
       1
       0
       0
       0
       1
       1
       0
       0
       0
       0
       0
       0
       1
       0
       0
       0
       0
       0
       0
       0
       0
       0
       0
       0
       0
       0
       0
       0
       0
       0
       1
       0
       0
       0
       0
       2
       1
       0
       1
       0
       0
       0
       0
       0
       0
       1
       0
       0
       0
       0
       1
       1
       0
       1
       0
       0
       0
       0
       0
       0
       1
       0
       1
       3
       0
       0
       0
       0
       0
       0
       0
       0
       2
       1
       0
       0
       0
       0
       0
       0
       0
       0
       0
       0
       1
       0
       0
       0
       0
       0
       0
       0
       0
       0
       1
       1
       0
       0
       1
       0
       0
       0
       0
       0
       1
       0
       0
       0
       2
       0
       1
       0
       1
       1
       0
       1
       0
       0
       2
       0
       0
       1
       0
       0
       0
       0
       0
       1
       0
       0
       1
       0
       1
       0
       0
       0
       1
       1
       0
       1
       0
       0
       0
       0
       0
       0
       0
       0
       1
       2
       1
       0
       0
       0
       0
       0
       0
       1
       0
       0
       0
       0
       0
       0
       0
       0
       0
       1
       0
       0
       0
       0
       0
       0
       0
       0
       0
       1
       0
       2
       3
       0
       0
       0
       0
       0
       0
       0
       0
       1
       1
       0
       1
       0
       0
       0
       0
       0
       0
       0
       0
       0
       1
       0
       0
       1
       0
       0
       0
       0
       1
       0
       0
       1
       0
       0
       0
       1
       0
       0
       0
       0
       0
       0
       0
       0
       0
       1
       0
       0
       0
       0
       0
       0
       0
       0
       0
       0
       0
       0
       0
       0
       0
       0
       0
       0
       1
       0
       0
       1
       0
       0
       0
       0
       1
       1
       0
       0
       1
       1
       0
       1
       0
       0
       0
       0
       0
       0
       0
       1
       2
       1
       1
       0
       0
       1
       0
       0
       1
       0
       0
       0
       0
       0
       0
       1
       1
       1
       0
       0
       0
       0
       0
       1
       0
       1
       0
       0
       0
       0
       0
       0
       0
       0
       0
       1
       0
       0
       1
       0
       0
       0
       0
       0
       1
       0
       0
       0
       0
       1
       0
       0
       0
       0
       0
       1
       1
       0
       0
       1
       1
       0
       0
       0
       0
       0
       0
       0
       0
       0
       0
       0
       2
       1
       0
       0
       0
       0
       0
       1
       1
       0
       2
       1
       0
       1
       0
       0
       0
       0
       1
       0
       0
       0
       0
       1
       0
       1
       0
       0
       0
       0
       0
       0
       1
       0
       0
       0
       0
       0
       0
       1
       0
       0
       0
       0
       0
       0
       0
       0
       0
       0
       0
       0
       1
       1
       0
       1
       0
       1
       0
       1
       0
       0
       2
       2
       1
       0
       0
       1
       0
       0
       0
       1
       1
       0
       3
       0
       0
       0
       0
       0
       0
       0
       2
       0
       0
       0
       0
       0
       0
       1
       0
       0
       0
       1
       1
       1
       0
       0
       0
       0
       0
       0
       0
       0
       0
       0
       1
       0
       0
       0
       0
       0
       1
       0
       0
       0
       0
       0
       0
       0
       0
       0
       0
       0
       1
       0
       0
       0
       0
       0
       0
       0
       0
       0
       0
       0
       2
       0
       0
       0
       0
       1
       0
       1
       0
       0
       0
       0
       1
       0
       1
       0
       0
       0
       1
       0
       0
       0
       0
       0
       0
       0
       0
       0
       0
       0
       0
       0
       0
       0
       0
       0
       0
       0
       0
       0
       0
       0
       0
       0
       0
       0
       0
       1
       0
       0
       0
       0
       0
       1
       0
       0
       1
       0
       0
       1
       0
       0
       0
       1
       0
       0
       0
       1
       1
       1
       1
       1
       0
       1
       0
       0
       0
       0
       0
       0
       1
       0
       0
       1
       0
       0
       0
       0
       0
       0
       0
       0
       0
       0
       0
       0
       0
       0
       0
       0
       0
       0
       0
       0
       0
       0
       0
       0
       0
       0
       0
       0
       0
       0
       0
       0
       0
       0
       0
       0
       0
       0
       0
       0
       0
       0
       1
       0
       0
       0
       0
       0
       1
       0
       0
       0
       0
       0
       0
       0
       1
       0
       0
       0
       0
       0
       0
       0
       0
       1
       0
       0
       0
       0
       0
       0
       1
       0
       0
       0
       0
       0
       0
       0
       0
       0
       1
       0
       0
       0
       0
       0
       0
       1
       0
       0
       0
       0
       0
       0
       0
       0
       1
       1
       0
       0
       0
       0
       0
       1
       1
       0
       0
       0
       0
       0
       0
       0
       0
       0
       0
       1
       0
       0
       0
       0
       0
       0
       1
       0
       0
       0
       0
       1
       0
       0
       0
       1
       0
       0
       0
       1
       0
       0
       0
       0
       0
       0
       0
       0
       0
       0
       0
       0
       0
       1
       0
       0
       0
       0
       0
       0
       0
       0
       0
       0
       0
       0
       0
       0
       0
       0
       1
       0
       1
       1
       0
       0
       0
       0
       0
       0
       1
       1
       0
       0
       2
       0
       0
       1
       0
       0
       1
       1
       0
       0
       1
       0
       0
       0
       1
       0
       1
       0
       0
       0
       0
       0
       1
       0
       0
       0
       0
       1
       1
       0
       0
       1
       0
       0
       0
       0
       0
       0
       0
       0
       0
       0
       0
       1
       0
       0
       1
       0
       0
       0
       0
       0
       0
       2
       0
       1
       1
       0
       0
       0
       0
       0
       0
       0
       0
       1
       1
       0
       0
       0
       0
       0
       0
       0
       0
       1
       0
       0
       0
       1
       0
       1
       1
       0
       0
       0
       0
       0
       0
       0
       0
       0
       0
       0
       0
       0
       1
       1
       0
       0
       0
       0
       0
       0
       0
       0
       1
       0
       1
       0
       0
       0
       0
       0
       0
       0
       0
       1
       0
       0
       0
       0
       0
       0
       0
       0
       1
       0
       0
       0
       0
       0
       0
       1
       0
       0
       2
       1
       0
       1
       0
       0
       1
       0
       0
       1
       0
       0
       0
       0
       0
       0
       0
       0
       1
       0
       0
       0
       0
       0
       0
       0
       0
       0
       1
       1
       0
       0
       0
       1
       1
       0
       0
       0
       1
       1
       0
       1
       0
       0
       1
       0
       1
       0
       0
       0
       0
       0
       0
       1
       0
       0
       0
       0
       0
       1
       0
       0
       0
       1
       0
       1
       0
       0
       0
       1
       0
       0
       0
       1
       0
       2
       0
       0
       2
       0
       0
       0
       0
       0
       0
       0
       0
       0
       0
       0
       0
       0
       0
       0
       0
       0
       0
       0
       0
       0
       0
       0
       0
       0
       0
       0
       0
       0
       0
       0
       0
       0
       0
       0
       0
       0
       0
       0
       0
       0
       0
       0
       0
       0
       0
       0
       0
       0
       0
       0
       0
       0
       0
       0
       0
       0
       0
       0
       0
       0
       0
       0
       0
       0
       0
       0
       0
       0
       0
       0
       0
       0
       0
       0
       0
       0
       0
       0
       0
       0
       0
       0
       0
       0
       0
       0
       0
       0
       0
       0
       0
       0
       0
       0
       0
       0
       0
       0
       0
       0
       0
       0
       0
       0
       0
       0
       0
       0
       0
       0
       0
       0
       0
       0
       0
       0
       0
       0
       0
       0
       0
       0
       0
       0
       0
       0
       0
       0
       0
       0
       0
       0
       0
       0
       0
       0
       0
       0
       0
       0
       0
       0
       0
       0
       0
       0
       0
       0
       0
       0
       0
       0
       0
       0
       0
       0
       0
       0
       0
       0
       0
       0
       0
       0
       0
       0
       0
       0
       0
       0
       0
       0
       0
       0
       0
       0
       0
       0
       0
       0
       0
       0
       0
       0
       0
       0
       0
$ROI:
2
2765 2788
2820 2882
$PRESETS:
None
0
0
$ENER_FIT:
0.000000 0.402997
$MCA_CAL:
3
0.000000E+000 4.029968E-001 0.000000E+000 keV
$SHAPE_CAL:
3
0.000000E+000 0.000000E+000 0.000000E+000
