$SPEC_ID:
Cs137
$SPEC_REM:
DET# 2
DETDESC# DETECTOR 2
AP# Maestro Version 7.01
$DATE_MEA:
03/08/2017 20:13:07
$MEAS_TIM:
68996 69011
$DATA:
0 8191
       0
       0
       0
       0
       0
       0
       0
       0
       0
       0
       0
       0
       0
       0
       0
       0
       0
       0
       0
       0
       0
       0
       0
       0
       0
       0
       0
       0
       0
       0
       0
       0
       0
       0
       0
       0
       0
       0
       0
       0
       0
       0
       0
       0
       0
       0
       0
       0
       0
       0
       0
       0
       0
       0
       0
       0
       0
       0
       0
       0
       0
       0
       0
       0
       0
       0
       0
       0
       0
       0
       0
       0
       0
       0
       0
       0
       0
       0
       0
       0
       0
       0
       0
       0
       0
       0
       0
       0
       0
       0
       0
       0
       0
       0
      10
      55
     378
    1150
    1277
    1231
    1306
    1264
    1176
    1216
    1150
    1174
    1206
    1088
    1075
    1088
    1089
    1102
    1113
    1034
    1077
    1166
    1173
    1141
    1046
    1038
    1006
     992
    1035
     974
     956
     946
     947
     931
     988
     999
     977
    1010
    1000
    1093
    1100
    1047
    1000
     988
     985
    1022
     975
     985
     977
    1023
    1065
    1029
    1036
    1036
    1132
    1149
    1113
    1077
    1055
    1123
    1056
    1059
    1252
    1445
    1517
    1482
    1253
    1162
    1198
    1138
    1046
    1158
    1086
    1167
    1113
    1147
    1128
    1163
    1198
    1174
    1192
    1152
    1137
    1196
    1349
    1597
    2218
    2945
    2903
    2280
    2022
    2647
    3832
    4261
    3587
    2304
    1340
    1153
    1089
    1117
    1086
    1003
    1029
    1071
    1043
     952
    1033
    1061
    1069
    1027
    1026
    1080
    1133
    1084
    1236
    1617
    2025
    2348
    2255
    1798
    1335
    1155
    1247
    1324
    1471
    1349
    1147
     989
    1005
     995
     962
     978
     938
     991
    1059
    1298
    1527
    1542
    1359
    1213
    1055
     967
     981
     973
     912
     965
     953
     958
     951
     957
     949
     960
     928
     992
     943
     974
     906
     880
     968
     925
     901
     968
     994
    1014
    1058
    1383
    1644
    1708
    1447
    1267
    1024
     975
     957
     908
    1008
     974
     920
     913
    1034
     990
     952
     918
     933
     995
     979
     951
     921
     945
     975
    1020
     977
     965
     967
     961
     994
     999
     972
     999
     945
    1012
     992
     991
    1009
    1013
    1041
    1019
     978
    1047
    1042
    1032
    1035
    1090
    1045
    1025
    1014
    1076
    1006
    1079
    1052
    1079
    1007
    1023
    1013
    1053
    1075
    1038
    1020
    1014
    1046
     994
    1051
    1015
    1068
    1062
    1024
    1049
     993
    1011
    1025
    1023
    1051
    1033
    1043
    1035
    1049
    1091
    1066
    1064
    1090
    1057
    1035
    1014
     999
    1067
    1028
    1084
    1070
    1019
     996
    1023
     993
    1052
    1053
     980
    1056
    1060
    1025
    1035
    1024
    1005
     997
     972
    1051
     941
     986
     993
    1017
    1011
    1041
     963
    1007
     982
     938
    1043
     981
    1004
     947
    1013
    1040
     970
    1005
     965
    1019
    1006
     986
     972
     951
    1010
     993
    1007
     988
    1046
     962
     978
     947
     961
    1021
     977
    1025
     944
    1004
     959
    1019
     974
     973
     940
    1005
    1001
    1072
    1017
    1017
    1056
     947
     961
     984
    1011
     955
     973
     996
     953
     996
     993
     980
     957
    1019
    1064
     948
    1050
     998
    1036
     978
    1008
    1035
    1021
    1010
    1031
    1051
    1046
    1037
     978
    1058
    1029
    1015
    1027
     999
    1018
    1056
    1053
    1050
    1041
    1094
    1052
    1023
    1063
    1074
    1076
    1104
    1232
    1252
    1278
    1224
    1140
    1081
    1090
    1130
    1129
    1107
    1197
    1160
    1182
    1164
    1222
    1210
    1251
    1240
    1266
    1276
    1325
    1383
    1371
    1334
    1301
    1363
    1346
    1322
    1381
    1334
    1325
    1462
    1510
    1407
    1379
    1387
    1447
    1370
    1424
    1428
    1458
    1409
    1427
    1482
    1428
    1445
    1511
    1496
    1502
    1554
    1458
    1429
    1427
    1486
    1394
    1363
    1326
    1374
    1385
    1376
    1408
    1379
    1310
    1325
    1307
    1321
    1247
    1297
    1350
    1267
    1285
    1263
    1278
    1335
    1201
    1209
    1226
    1234
    1254
    1270
    1194
    1164
    1170
    1220
    1268
    1309
    1195
    1189
    1285
    1158
    1224
    1183
    1156
    1217
    1145
    1274
    1080
    1159
    1171
    1131
    1154
    1097
    1155
    1185
    1138
    1155
    1163
    1145
    1091
    1100
    1087
    1088
    1126
    1090
    1073
    1085
    1093
    1098
    1058
    1063
    1043
    1151
    1223
    1426
    1663
    1845
    1797
    1646
    1383
    1234
    1131
    1097
    1118
    1100
    1075
    1069
    1039
    1029
    1069
    1028
    1077
    1080
     994
    1039
    1023
     998
    1003
    1059
    1033
    1038
    1018
     990
    1020
     969
    1028
    1034
    1035
    1023
     953
    1007
    1029
     983
    1000
    1034
     980
    1031
     967
     993
     994
     952
     985
    1026
     973
    1011
     994
    1059
     951
     997
     976
    1019
    1003
     967
     964
     944
     968
    1006
     926
     963
     962
     920
     902
     913
    1020
     932
     987
     935
     957
     930
     977
     966
     978
     969
     938
     984
     963
     902
     928
     934
     978
     941
    1007
     950
     920
     924
     954
     961
     982
     908
     983
     941
     961
     927
     915
     927
     944
     942
     983
     967
     942
     897
     925
     916
     895
     928
     906
     907
     861
     951
     888
     923
     931
     906
     868
     875
     900
     896
     924
     872
     861
     879
     873
     915
     891
     863
     928
     881
     859
     855
     897
     874
     871
     857
     856
     860
     845
     870
     873
     858
     865
     877
     851
     890
     879
     874
     874
     839
     920
     835
     831
     831
     844
     855
     902
     827
     809
     883
     799
     818
     856
     829
     801
     839
     773
     819
     832
     791
     851
     837
     882
     833
     849
     777
     853
     853
     812
     798
     841
     879
     836
     819
     847
     805
     826
     867
     852
     803
     814
     776
     804
     780
     800
     759
     812
     818
     842
     813
     814
     780
     815
     751
     771
     749
     756
     778
     755
     783
     792
     784
     754
     753
     754
     780
     767
     782
     783
     784
     756
     771
     742
     809
     768
     799
     774
     746
     753
     742
     749
     748
     816
     714
     701
     734
     737
     718
     730
     728
     745
     756
     750
     751
     777
     727
     729
     710
     741
     737
     730
     719
     740
     739
     750
     753
     701
     710
     687
     699
     706
     664
     690
     721
     708
     661
     686
     660
     709
     713
     696
     701
     717
     665
     668
     612
     699
     670
     665
     673
     685
     724
     699
     659
     720
     700
     732
     725
     733
     685
     708
     671
     653
     669
     655
     704
     685
     736
     715
     685
     696
     700
     692
     687
     666
     680
     684
     714
     754
     655
     641
     675
     679
     643
     685
     665
     652
     642
     630
     676
     649
     696
     730
     647
     679
     671
     651
     616
     681
     683
     659
     674
     637
     594
     675
     639
     672
     621
     631
     627
     680
     670
     661
     685
     657
     650
     625
     665
     624
     620
     701
     632
     662
     653
     683
     658
     634
     721
     674
     531
     676
     657
     656
     648
     679
     642
     613
     650
     656
     612
     660
     624
     676
     736
     786
    1025
    1319
    1754
    2012
    2085
    1894
    1546
    1179
     886
     752
     670
     621
     671
     622
     663
     657
     650
     659
     619
     658
     667
     623
     651
     640
     682
     646
     700
     559
     660
     642
     593
     633
     655
     632
     621
     630
     646
     662
     615
     633
     641
     650
     658
     631
     636
     619
     640
     651
     614
     634
     621
     658
     629
     669
     609
     652
     607
     625
     651
     653
     670
     624
     647
     650
     647
     661
     640
     658
     631
     652
     646
     669
     646
     648
     634
     635
     665
     654
     642
     657
     642
     641
     652
     634
     640
     699
     633
     617
     625
     642
     630
     652
     675
     673
     610
     632
     672
     664
     650
     616
     661
     632
     622
     619
     662
     623
     625
     651
     627
     610
     660
     654
     671
     645
     680
     674
     658
     627
     663
     625
     641
     600
     625
     650
     661
     664
     683
     620
     647
     663
     682
     639
     583
     626
     651
     672
     653
     662
     665
     660
     671
     678
     632
     631
     691
     673
     662
     676
     607
     681
     668
     656
     711
     643
     620
     685
     671
     624
     661
     676
     631
     643
     646
     652
     677
     704
     609
     691
     702
     690
     672
     660
     673
     678
     688
     722
     664
     680
     634
     684
     690
     663
     666
     728
     639
     666
     645
     709
     723
     684
     659
     672
     708
     675
     693
     690
     653
     657
     648
     721
     701
     682
     684
     705
     684
     728
     704
     708
     690
     674
     702
     687
     708
     704
     682
     754
     703
     722
     729
     659
     737
     723
     727
     726
     742
     713
     680
     782
     728
     732
     749
     673
     722
     738
     720
     733
     844
     822
     927
    1158
    1360
    1550
    1837
    1823
    1818
    1538
    1256
     937
     844
     805
     794
     719
     741
     756
     727
     728
     706
     755
     737
     735
     724
     798
     722
     748
     798
     760
     714
     727
     700
     780
     722
     770
     799
     774
     766
     776
     781
     786
     736
     766
     756
     766
     689
     744
     799
     743
     758
     762
     793
     736
     820
     823
     770
     791
     786
     803
     813
     789
     856
     843
     922
    1007
    1062
    1296
    1381
    1606
    1699
    1857
    1878
    1780
    1653
    1422
    1253
    1083
     945
     834
     889
     854
     828
     831
     767
     843
     812
     838
     816
     860
     743
     848
     828
     821
     774
     783
     862
     801
     817
     819
     830
     809
     861
     832
     855
     833
     821
     833
     852
     826
     877
     851
     752
     876
     843
     893
     813
     861
     853
     863
     926
     906
     872
     858
     842
     839
     834
     852
     813
     868
     897
     844
     866
     818
     859
     912
     853
     919
     873
     894
     910
     857
     909
     783
     839
     848
     848
     870
     831
     911
     904
     884
     882
     872
     851
     872
     878
     900
     880
     851
     873
     878
     848
     888
     930
     874
     922
     934
     912
     889
     858
     952
     932
     925
     923
     927
     945
     880
     937
     923
     892
     925
     925
     947
     923
     898
     962
     928
     929
     908
     962
     935
     935
     936
     902
     987
     903
     893
     925
     929
     903
     892
     925
     891
     946
     898
     878
     917
     910
     900
     905
     846
     879
     890
     863
     895
     907
     874
     844
     885
     846
     840
     832
     877
     771
     793
     822
     757
     776
     783
     735
     741
     693
     799
     757
     766
     726
     691
     755
     663
     673
     711
     677
     705
     664
     658
     650
     726
     621
     648
     731
     674
     691
     718
     650
     669
     675
     665
     667
     621
     616
     656
     673
     653
     653
     592
     644
     578
     635
     630
     636
     614
     645
     615
     661
     677
     659
     642
     623
     610
     612
     607
     679
     629
     640
     651
     638
     602
     601
     620
     626
     612
     595
     632
     650
     586
     647
     586
     617
     630
     625
     584
     655
     646
     632
     667
     595
     586
     564
     566
     589
     580
     609
     601
     580
     605
     623
     650
     594
     568
     571
     567
     568
     548
     606
     535
     517
     610
     583
     534
     563
     553
     552
     577
     561
     579
     608
     560
     556
     581
     574
     579
     562
     548
     580
     535
     570
     537
     587
     540
     564
     611
     584
     576
     550
     548
     562
     582
     561
     543
     565
     562
     559
     518
     528
     524
     555
     545
     532
     544
     571
     548
     532
     536
     523
     532
     508
     555
     563
     560
     519
     511
     563
     547
     489
     522
     524
     544
     536
     548
     547
     517
     535
     557
     493
     505
     499
     541
     555
     570
     519
     537
     543
     502
     530
     525
     507
     533
     466
     515
     527
     520
     562
     551
     505
     520
     531
     533
     496
     477
     489
     475
     517
     515
     482
     523
     556
     501
     493
     555
     494
     510
     547
     480
     510
     519
     516
     523
     545
     524
     538
     499
     497
     527
     506
     479
     523
     521
     521
     500
     489
     518
     517
     518
     518
     538
     520
     574
     534
     534
     474
     508
     538
     537
     501
     504
     560
     527
     516
     559
     502
     508
     480
     504
     510
     504
     526
     509
     521
     509
     490
     541
     522
     547
     563
     513
     475
     518
     545
     482
     539
     511
     548
     578
     538
     516
     558
     527
     540
     525
     525
     540
     538
     526
     544
     546
     534
     539
     551
     533
     554
     553
     535
     518
     542
     556
     585
     602
     584
     562
     590
     573
     571
     572
     590
     557
     554
     558
     572
     579
     573
     565
     556
     542
     565
     570
     596
     596
     543
     550
     554
     572
     592
     570
     630
     586
     539
     552
     599
     580
     622
     592
     551
     552
     582
     614
     526
     625
     548
     551
     553
     562
     553
     562
     573
     552
     576
     562
     595
     594
     578
     586
     548
     600
     593
     570
     602
     572
     557
     560
     592
     574
     579
     586
     609
     633
     584
     595
     558
     592
     614
     716
     798
     877
    1035
    1302
    1690
    2151
    2625
    3120
    3427
    3500
    3487
    2947
    2411
    1724
    1225
     952
     760
     691
     603
     620
     636
     600
     568
     504
     551
     504
     532
     559
     483
     512
     471
     458
     507
     457
     426
     459
     450
     476
     415
     434
     435
     390
     417
     421
     406
     380
     349
     422
     378
     381
     387
     393
     386
     378
     378
     379
     352
     375
     362
     352
     387
     371
     345
     351
     349
     344
     337
     337
     358
     368
     353
     336
     354
     328
     340
     342
     340
     360
     366
     457
     534
     634
     766
     981
    1261
    1745
    2312
    2916
    3437
    3714
    3698
    3490
    2979
    2294
    1645
    1052
     727
     529
     491
     476
     596
     762
    1135
    1675
    2522
    3474
    4968
    7095
    9788
   12981
   16338
   18447
   19334
   19454
   17383
   13888
    9855
    6091
    3388
    1903
    1123
     684
     442
     300
     257
     245
     232
     244
     259
     240
     252
     255
     251
     232
     221
     223
     198
     225
     243
     231
     233
     224
     243
     201
     237
     257
     237
     242
     208
     197
     207
     242
     230
     187
     196
     210
     239
     257
     226
     210
     212
     198
     238
     198
     213
     201
     205
     212
     207
     191
     214
     207
     208
     191
     192
     177
     202
     198
     183
     182
     200
     204
     171
     170
     183
     216
     178
     177
     183
     190
     166
     177
     184
     167
     149
     168
     143
     164
     192
     157
     159
     183
     166
     181
     168
     169
     171
     168
     164
     156
     160
     164
     144
     172
     157
     170
     170
     131
     160
     132
     131
     148
     157
     139
     143
     150
     155
     154
     130
     149
     154
     150
     143
     147
     124
     114
     172
     141
     143
     126
     113
     130
     119
     115
     114
     115
     104
      95
     123
     117
     116
     116
     108
     120
     104
     107
      94
     111
     101
     126
     108
     103
      97
      78
     109
      88
      95
     103
      99
     107
      78
      96
     100
      89
     103
      91
      84
      95
      98
     101
      96
      94
      88
      94
      91
      88
      87
      84
     117
      96
      91
      84
      94
      78
      77
      87
     100
      89
      76
      87
     100
      92
      72
      88
      91
      76
      96
     107
     114
     107
     138
     150
     152
     127
     128
     158
     129
     117
     118
      85
      89
      93
      77
      79
      74
      66
      65
      56
      77
      66
      72
      74
      72
      64
      84
      78
      66
      58
      67
      60
      82
      87
      77
      76
      69
      66
      62
      63
      56
      73
      73
      52
      66
      63
      67
      69
      62
      64
      67
      70
      66
      60
      61
      68
      61
      69
      78
      69
      85
      74
      67
      58
      56
      56
      85
      75
      54
      57
      64
      88
      73
      66
      63
      75
      87
      73
      72
      66
      68
      60
      50
      58
      63
      65
      52
      66
      69
      60
      52
      65
      76
      57
      68
      56
      56
      48
      72
      63
      62
      74
      73
      73
      65
      64
      62
      68
      63
      69
      73
      56
      63
      84
      80
      81
      73
      62
      57
      88
     123
     140
     181
     209
     307
     408
     509
     632
     878
    1042
    1331
    1475
    1544
    1517
    1451
    1276
     985
     720
     455
     283
     183
     156
     104
      68
      68
      70
      73
      74
      81
      97
     119
     127
     159
     161
     226
     297
     382
     440
     515
     551
     554
     575
     505
     500
     416
     352
     340
     376
     369
     365
     390
     345
     282
     238
     188
     153
      86
      76
      70
      72
      72
      60
      62
      70
      58
      50
      69
      49
      72
      73
      71
      79
      53
      68
      60
      63
      69
      72
      79
      76
      60
      77
      76
      82
      86
      97
     140
     215
     235
     350
     557
     885
    1221
    1669
    2427
    3175
    4585
    6171
    8097
   10555
   12835
   14623
   15938
   16475
   15917
   14393
   11970
    8699
    5578
    3304
    2035
    1211
     742
     423
     183
     114
      59
      49
      41
      45
      41
      50
      45
      38
      37
      34
      34
      33
      30
      41
      34
      40
      40
      58
      60
      59
      82
      85
      89
     126
      99
     130
     111
     134
     135
     118
      92
      85
      53
      53
      55
      41
      41
      31
      35
      31
      21
      30
      31
      36
      29
      21
      20
      30
      39
      29
      43
      36
      38
      23
      36
      24
      32
      40
      43
      30
      34
      37
      23
      31
      35
      30
      32
      35
      40
      42
      25
      38
      37
      24
      35
      39
      33
      42
      41
      36
      32
      34
      37
      43
      29
      24
      37
      26
      30
      32
      27
      24
      37
      35
      30
      32
      47
      19
      27
      46
      36
      40
      35
      39
      35
      36
      19
      27
      39
      28
      32
      41
      34
      33
      30
      44
      28
      37
      34
      33
      34
      31
      30
      28
      39
      37
      36
      22
      36
      37
      35
      37
      29
      21
      33
      31
      23
      25
      28
      23
      37
      35
      31
      38
      22
      24
      28
      33
      30
      23
      29
      46
      32
      41
      40
      33
      30
      29
      38
      25
      26
      26
      28
      36
      36
      35
      21
      22
      19
      32
      38
      33
      36
      27
      38
      35
      29
      28
      27
      25
      32
      32
      38
      27
      34
      25
      36
      22
      35
      24
      28
      30
      46
      18
      39
      24
      28
      28
      29
      26
      40
      26
      42
      38
      39
      31
      30
      29
      50
      34
      19
      30
      31
      36
      27
      33
      25
      32
      29
      20
      31
      37
      31
      20
      30
      32
      31
      25
      34
      30
      26
      33
      28
      24
      29
      41
      28
      29
      27
      28
      37
      36
      24
      39
      27
      35
      33
      50
      34
      28
      29
      27
      34
      34
      32
      29
      31
      32
      23
      25
      28
      27
      24
      22
      29
      26
      32
      20
      29
      37
      27
      34
      24
      19
      20
      34
      29
      23
      28
      31
      24
      36
      24
      37
      26
      25
      32
      21
      31
      23
      39
      35
      26
      24
      31
      30
      25
      17
      30
      28
      32
      32
      36
      32
      27
      32
      29
      33
      38
      25
      27
      25
      28
      28
      23
      31
      32
      31
      28
      25
      27
      28
      26
      28
      27
      21
      23
      27
      24
      25
      19
      29
      26
      15
      28
      38
      27
      31
      25
      22
      18
      22
      30
      28
      29
      22
      20
      20
      28
      21
      26
      31
      33
      18
      26
      24
      27
      25
      24
      18
      35
      21
      22
      30
      25
      24
      25
      18
      26
      28
      30
      28
      26
      26
      31
      32
      31
      31
      22
      20
      19
      24
      24
      27
      20
      32
      27
      20
      24
      30
      29
      27
      21
      29
      24
      27
      23
      35
      24
      23
      28
      31
      19
      25
      18
      21
      25
      18
      21
      40
      18
      27
      36
      36
      30
      22
      20
      20
      28
      25
      16
      27
      31
      24
      13
      21
      24
      19
      25
      20
      30
      22
      20
      23
      24
      24
      19
      29
      36
      26
      19
      15
      34
      22
      30
      29
      21
      34
      26
      33
      21
      25
      27
      24
      16
      32
      17
      28
      27
      23
      22
      26
      18
      31
      23
      20
      26
      23
      14
      25
      25
      26
      34
      23
      22
      24
      19
      31
      20
      20
      26
      24
      30
      23
      19
      21
      27
      22
      27
      27
      32
      21
      20
      24
      30
      19
      17
      21
      30
      23
      25
      27
      24
      22
      23
      21
      25
      24
      24
      24
      29
      16
      15
      19
      21
      19
      29
      32
      23
      23
      23
      24
      22
      22
      29
      25
      22
      16
      20
      22
      22
      33
      25
      28
      23
      22
      19
      19
      27
      21
      24
      27
      30
      20
      18
      25
      15
      23
      28
      18
      17
      13
      19
      26
      23
      24
      27
      20
      22
      23
      18
      25
      22
      30
      13
      24
      28
      20
      21
      25
      27
      18
      25
      30
      16
      28
      20
      34
      27
      22
      10
      19
      25
      18
      23
      19
      26
      27
      26
      33
      25
      23
      29
      17
      24
      19
      25
      34
      24
      16
      26
      18
      19
      22
      35
      26
      25
      23
      19
      23
      23
      21
      21
      25
      19
      26
      21
      14
      23
      30
      23
      14
      22
      15
      16
      21
      22
      17
      20
      16
      23
      29
      24
      17
      21
      22
      22
      27
      23
      19
      25
      22
      36
      28
      43
      24
      45
      44
      55
      50
      68
      94
     122
     132
     155
     144
     151
     158
     223
     168
     172
     137
     128
      84
      65
      50
      33
      34
      32
      30
      30
      21
      17
      31
      25
      25
      21
      23
      23
      26
      22
      21
      15
      21
      24
      21
      26
      18
      23
      18
      25
      23
      25
      14
      21
      22
      21
      27
      14
      21
      21
      31
      16
      17
      25
      24
      26
      17
      26
      25
      27
      19
      24
      26
      19
      19
      24
      19
      31
      28
      17
      17
      23
      22
      17
      29
      28
      24
      20
      29
      24
      15
      25
      32
      33
      34
      37
      26
      47
      40
      46
      39
      55
      50
      37
      34
      38
      25
      20
      21
      26
      24
      22
      28
      20
      24
      26
      22
      24
      29
      24
      26
      13
      24
      21
      26
      23
      23
      21
      21
      16
      24
      16
      14
      29
      25
      21
      30
      17
      14
      28
      16
      21
      24
      30
      29
      23
      27
      21
      25
      16
      26
      27
      24
      28
      18
      21
      25
      26
      24
      21
      27
      20
      16
      26
      17
      19
      28
      26
      18
      12
      29
      24
      30
      20
      24
      31
      25
      23
      24
      19
      25
      28
      34
      42
      49
      47
      40
      58
      57
      56
      51
      60
      42
      46
      40
      48
      24
      23
      30
      20
      25
      30
      24
      21
      24
      24
      25
      23
      22
      17
      20
      23
      15
      18
      22
      19
      21
      22
      23
      23
      13
      23
      21
      19
      21
      21
      16
      30
      23
      26
      19
      19
      22
      18
      16
      19
      20
      17
      24
      21
      25
      21
      16
      25
      19
      14
      24
      17
      18
      22
      27
      26
      29
      18
      20
      28
      21
      23
      16
      21
      23
      33
      12
      19
      24
      22
      17
      26
      20
      19
      26
      22
      21
      20
      24
      21
      21
      27
      14
      27
      17
      30
      25
      18
      26
      18
      25
      25
      21
      24
      18
      31
      25
      19
      25
      17
      23
      29
      32
      21
      27
      27
      24
      31
      22
      27
      30
      28
      28
      43
      47
      53
      38
      45
      30
      39
      38
      40
      28
      38
      34
      31
      36
      18
      29
      32
      27
      25
      23
      26
      23
      26
      24
      18
      33
      22
      22
      21
      23
      31
      28
      27
      25
      19
      24
      24
      29
      28
      30
      22
      20
      23
      23
      19
      30
      20
      26
      17
      27
      22
      25
      22
      19
      30
      24
      24
      17
      14
      22
      22
      23
      22
      22
      18
      22
      25
      17
      25
      28
      20
      20
      22
      24
      24
      20
      23
      29
      23
      19
      15
      16
      27
      20
      14
      20
      28
      21
      25
      18
      27
      19
      18
      20
      26
      20
      31
      27
      28
      12
      33
      19
      21
      36
      22
      20
      21
      11
      18
      17
      21
      19
      28
      24
      15
      23
      17
      17
      13
      25
      21
      19
      20
      15
      27
      20
      21
      24
      21
      23
      31
      21
      19
      21
      23
      22
      22
      20
      17
      29
      23
      16
      28
      19
      24
      26
      19
      30
      17
      25
      28
      18
      26
      26
      22
      27
      28
      23
      19
      25
      25
      18
      16
      20
      22
      23
      17
      24
      26
      27
      27
      29
      21
      24
      12
      28
      21
      24
      26
      20
      19
      31
      22
      24
      18
      25
      24
      23
      32
      27
      25
      25
      24
      22
      22
      21
      22
      19
      15
      25
      20
      23
      23
      18
      11
      18
      26
      22
      18
      21
      21
      29
      29
      22
      25
      28
      15
      27
      31
      23
      24
      23
      28
      32
       7
      20
      19
      19
      13
      19
      29
      21
      28
      23
      16
      26
      22
      21
      34
      24
      25
      26
      19
      20
      25
      24
      27
      30
      23
      19
      29
      22
      20
      29
      21
      19
      28
      16
      31
      27
      20
       7
      27
      16
      27
      17
      27
      24
      34
      27
      18
      22
      31
      17
      27
      14
      20
      20
      28
      31
      26
      25
      25
      22
      23
      26
      19
      21
      21
      32
      30
      28
      18
      22
      18
      25
      26
      24
      17
      20
      26
      19
      22
      27
      23
      18
      18
      28
      22
      21
      28
      20
      34
      26
      25
      24
      18
      28
      17
      23
      19
      26
      22
      23
      19
      26
      27
      18
      26
      29
      27
      24
      29
      31
      20
      28
      29
      27
      35
      36
      35
      24
      29
      33
      47
      31
      41
      34
      39
      36
      29
      23
      20
      34
      15
      23
      21
      23
      25
      26
      21
      23
      30
      14
      22
      22
      19
      21
      29
      22
      31
      27
      30
      29
      28
      24
      19
      15
      34
      31
      22
      23
      32
      21
      32
      24
      33
      25
      28
      28
      23
      33
      22
      24
      20
      22
      23
      29
      26
      27
      22
      24
      19
      28
      24
      25
      27
      32
      24
      32
      16
      28
      34
      25
      23
      29
      24
      26
      24
      33
      21
      20
      18
      29
      27
      23
      22
      21
      25
      25
      15
      31
      22
      31
      24
      26
      34
      23
      27
      27
      27
      22
      18
      35
      15
      46
      20
      22
      22
      22
      24
      23
      29
      24
      35
      27
      17
      22
      33
      32
      36
      23
      28
      26
      28
      41
      30
      30
      26
      27
      31
      27
      30
      29
      31
      19
      24
      28
      21
      35
      30
      23
      25
      23
      29
      14
      21
      25
      32
      27
      23
      24
      25
      29
      26
      27
      29
      17
      35
      31
      30
      24
      26
      18
      23
      25
      26
      27
      14
      27
      28
      27
      32
      26
      29
      25
      32
      25
      33
      25
      36
      34
      28
      18
      19
      35
      28
      36
      24
      22
      30
      41
      36
      33
      29
      26
      22
      37
      29
      25
      24
      32
      27
      26
      23
      36
      41
      35
      30
      31
      27
      27
      26
      24
      35
      22
      31
      32
      19
      29
      36
      37
      33
      31
      31
      27
      26
      27
      23
      31
      30
      25
      36
      30
      37
      35
      35
      23
      35
      24
      37
      27
      28
      26
      30
      37
      34
      27
      26
      19
      26
      28
      31
      29
      32
      36
      26
      26
      34
      27
      30
      30
      27
      26
      35
      42
      31
      32
      23
      25
      34
      33
      31
      36
      33
      40
      27
      20
      25
      30
      33
      27
      35
      38
      31
      26
      23
      35
      28
      46
      26
      34
      34
      34
      32
      23
      32
      40
      26
      37
      25
      30
      35
      31
      24
      38
      38
      29
      33
      24
      34
      40
      35
      33
      37
      41
      28
      31
      33
      43
      29
      37
      40
      28
      29
      42
      41
      25
      29
      26
      39
      33
      26
      30
      28
      38
      43
      32
      39
      30
      24
      28
      34
      37
      38
      31
      24
      33
      38
      32
      41
      39
      35
      36
      37
      34
      25
      37
      36
      34
      35
      33
      29
      25
      27
      26
      28
      26
      28
      44
      26
      27
      26
      30
      25
      26
      27
      30
      23
      32
      30
      22
      32
      32
      22
      32
      18
      35
      25
      23
      16
      24
      32
      26
      24
      27
      20
      22
      28
      24
      24
      22
      12
      30
      25
      20
      29
      28
      29
      28
      21
      21
      24
      19
      25
      16
      23
      23
      26
      27
      16
      17
      25
      19
      23
      32
      22
      22
      18
      22
      20
      24
      11
      19
      15
      23
      23
      21
      19
      19
      23
      26
      29
      26
      31
      11
      17
      18
      17
      13
      30
      18
      21
      17
      23
      13
      19
      24
      15
      19
      20
      35
      15
      20
      23
      17
      25
      18
      19
       8
      17
      21
      21
      16
      22
      18
      22
      24
      18
      18
      20
      16
      20
      21
      27
      16
      31
      24
      23
      16
      24
      18
      23
      17
      16
      25
      17
      18
      22
      19
      12
      13
      25
      14
      19
      16
      13
      20
      15
      16
      15
      23
      19
      16
      17
      17
      15
      21
      23
      21
      16
      23
      18
      20
      22
      16
      15
      22
      14
      20
      15
      17
      17
      15
      20
      13
       9
      14
      14
      12
      11
      16
      15
      19
      20
      11
       8
      10
      18
      15
      19
      22
      21
      13
      10
      18
      12
      17
      19
      18
       8
      21
      12
      12
      20
      16
      13
       8
      14
      13
      16
      16
      17
      10
       9
      11
      23
      18
       9
      12
      19
      11
      13
      14
      15
      19
       8
      13
      16
       6
      15
      16
      12
       9
      14
       9
      16
      15
      17
       8
      10
      18
      13
      11
       5
       8
      16
      11
      11
      13
      18
      16
      10
      11
      14
       8
       8
      15
      13
      15
      12
      14
      13
      13
      13
      12
      15
       9
      12
       3
      14
      18
      15
       7
       9
       3
      16
       8
      12
       9
      11
       6
      12
      10
      11
      14
       8
       8
      10
       7
       7
      14
       7
      11
       7
      10
       8
      11
      15
      14
       8
       9
      12
      12
      13
      17
       7
      13
       3
      14
       6
       5
      14
      14
       7
       3
       9
      14
       6
       8
       8
      10
       4
       8
       7
       5
       8
       9
       3
       8
       5
       5
      13
       6
       8
       6
       9
       8
       7
       5
       4
       7
       7
       8
       2
       9
       6
      10
       8
       5
       4
      10
       2
       8
       9
       7
       7
       5
       8
       4
       8
       6
       3
       4
       9
       9
      10
       6
      12
       5
       4
       8
       8
       6
       6
       6
       6
       6
      11
       7
       9
       5
      10
       6
      11
       7
      11
       7
       9
       9
       4
       9
       9
       8
      13
      10
       8
       8
      12
       7
       6
       4
       5
       7
       3
      13
       8
       8
      11
       7
      13
      10
       8
      10
       8
      10
       9
       5
      11
       2
      10
       7
       8
       7
       7
       8
       4
       7
       7
       8
       4
       8
       6
      10
       5
       3
       5
       9
       7
       6
       7
       6
       6
       5
       9
       3
       9
       4
       5
       5
       1
       8
       7
       5
       5
       8
       7
       7
       8
       4
       4
       5
       4
       5
       7
       8
       5
       4
       7
       7
       5
       6
      12
       4
       7
       2
       6
       6
       2
       7
       6
       4
       2
      12
       9
       8
       4
       5
       5
       7
       4
       6
       4
       7
       5
       5
       5
       4
      11
       7
       7
       8
       3
       7
       9
       8
       4
       3
       7
      13
       5
       5
       8
       5
       8
       6
       3
       8
       2
       8
       6
       6
      11
       1
       4
       5
       2
       5
       4
       5
       7
       7
       7
       7
       4
       8
      11
       6
      12
       7
       7
       9
      10
       4
       7
      12
      15
      14
      14
      17
      21
      24
      28
      35
      40
      57
      61
      62
      66
      80
      97
     102
     139
     165
     214
     242
     311
     304
     371
     399
     416
     467
     423
     493
     506
     491
     535
     488
     489
     462
     362
     268
     189
     138
      97
      68
      65
      54
      48
      42
      31
      43
      36
      42
      38
      41
      48
      34
      52
      55
      53
      42
      45
      50
      57
      50
      43
      45
      39
      29
      35
      24
      21
       9
       6
       9
       9
       4
       8
       5
       5
       2
       3
       2
       3
       4
       5
       3
       4
       6
       4
       8
       5
       3
       3
       3
       7
       4
       2
       3
       6
       9
       8
       8
       4
       2
       4
       2
       4
       3
       2
       2
       4
       3
       8
       4
       0
       0
       2
       3
       2
       6
       7
       3
       4
       3
       3
       4
      11
       1
       5
       3
       5
       4
       4
       3
       7
       4
       4
      11
       5
       2
       4
       2
       3
       6
       2
       5
       3
       6
       3
       3
       2
       3
       3
       5
       2
       2
       5
       4
       5
       5
       3
       3
       5
       2
       3
       3
       2
       2
       5
       5
       5
       6
       3
       3
       4
       5
       6
       8
       4
       5
       4
       2
       1
       3
      10
       2
       5
       6
       1
       3
       4
       1
       6
       1
       3
       5
       4
       4
       5
       2
       0
       9
       1
       4
       2
       5
       5
       3
       2
       5
       6
       2
       6
       1
       3
       3
       2
       4
       2
       6
       6
       7
       3
       7
       4
       6
       2
       5
       1
       6
       5
       2
       3
       0
       6
       8
       8
       2
       4
       2
       2
       6
       2
       3
       4
       5
       4
       8
       2
       6
       1
       3
       6
       1
       6
       4
       8
       2
       4
       1
       4
       4
       1
       4
       6
       6
       4
       8
       5
       4
       5
       3
       2
       3
       2
       3
       4
       4
       2
       4
       1
       2
       4
       2
       2
       4
       5
       6
       2
       3
       2
       5
       4
       4
       7
       5
       3
       6
       7
       7
       4
       5
       2
       4
       4
       3
       2
       1
       5
       9
       3
       3
       3
       4
       1
       2
       3
       4
       6
       0
       1
       2
       4
       4
       2
       1
       1
       2
       0
       0
       4
       4
       2
       5
       1
       6
       1
       6
       3
       0
       4
       3
       5
       4
       3
       4
       5
       2
       4
       3
       5
       7
       7
       5
       8
       3
       3
       5
       6
       3
       3
       2
       2
       4
       3
       3
       5
       6
       3
       3
       1
       5
       2
       6
       4
       2
       4
       4
       1
       6
       2
       4
       3
       3
       2
       3
       4
       4
       2
       2
       2
       1
       1
       5
       2
       6
       3
       6
       3
       3
       0
       3
       3
       4
       4
       2
       3
       1
       1
       3
       4
       4
      10
       0
       4
       2
       5
       1
       5
       8
       1
       6
       3
       2
       4
       5
       3
       2
       2
       7
       3
       3
       1
       4
       4
       4
       3
       2
       4
       3
       8
       4
       3
       4
       5
       3
       2
       5
       4
       1
       5
       3
       5
       1
       1
       1
       0
       2
       6
       3
       4
       3
       5
       2
       3
       4
       6
       3
       3
       4
       2
       1
       2
       2
       4
       5
       6
       2
       4
       6
       5
       2
       5
       1
       3
       4
       2
       7
       2
       5
       2
       3
       7
       5
       1
       3
       5
       3
       4
       3
       2
       3
       3
       3
       2
       6
       1
       1
       0
       6
       5
       7
       3
       2
       4
       2
       4
       5
       4
       5
       5
       4
       3
       3
       4
       4
       7
       9
       3
       7
       4
       6
       6
       3
       0
       3
       4
       0
       3
       4
       4
       1
       4
       1
       3
       4
       1
       5
       4
       5
       1
       6
       2
       5
       2
       4
       2
       6
       4
       3
       2
       5
       0
       6
       2
       4
       2
       1
       1
       0
       4
       2
       4
       2
       4
       0
       4
       6
       2
       1
       3
       4
       8
       4
       0
       3
       5
       4
       3
       3
       6
       2
       5
       2
       4
       3
       4
       5
       2
       2
       4
       7
       4
       6
       5
       2
       4
       2
       5
       0
       0
       1
       1
       1
       4
       1
       5
       3
       3
       7
       2
       2
       4
       1
       3
       4
       4
       5
       3
       3
       1
       1
       5
       6
       8
       3
       4
       0
       3
       1
       2
       4
       1
       4
       3
       3
       5
       2
       6
       6
       6
       4
       5
       1
       4
       4
       4
       3
       3
       5
       1
       2
       5
       4
       3
       0
       3
       4
       3
       2
       3
       6
       3
       5
       1
       4
       4
       1
       3
       3
       2
       4
       4
       4
       5
       2
       2
       3
       5
       3
       1
       6
       4
       3
       2
       2
       3
       4
       3
       1
       5
       9
       3
       9
       3
       5
       1
       4
       3
       2
       2
       2
       6
       5
       5
       3
       4
       1
       5
       5
       1
       3
       2
       2
       4
       2
       1
       5
       5
       2
       4
       2
       2
       6
       4
       4
       4
       8
       2
       2
       0
       5
       3
       0
       6
       1
       2
       0
       4
       3
       4
       3
       5
       2
       3
       2
       5
       2
       5
       3
       5
       5
       2
       7
       2
       7
       1
       1
       5
       5
       3
       4
       5
       1
       2
       3
       2
       3
       2
       6
       2
       1
       6
       5
       2
       1
       3
       1
       2
       3
       3
       3
       0
       2
       2
       2
       3
       2
       0
       2
       5
       1
       2
       3
       3
       4
       4
       2
       3
       3
       6
       1
       4
       6
       2
       3
       5
       3
       1
       2
       2
       0
       3
       4
       5
       7
       3
       5
       2
       2
       0
       3
       3
       5
       4
       5
       6
       5
       0
       4
       0
       1
       2
       4
       4
       4
       5
       2
       4
       2
       4
       0
       5
       2
       5
       5
       4
       4
       3
       3
       0
       1
       3
       3
       4
       7
       1
       2
       4
       1
       4
       1
       6
       2
       5
       4
       2
       1
       2
       2
       3
       2
       1
       2
       3
       0
       3
       1
       0
       2
       2
       4
       2
       1
       5
       0
       3
       1
       1
       2
       2
       2
       2
       4
       2
       1
       4
       8
       1
       1
       3
       2
       6
       5
       5
       0
       3
       2
       3
       4
       1
       3
       3
       2
       5
       5
       2
       3
       0
       3
       4
       4
       6
       4
       5
       4
       8
       6
       0
       2
       4
       3
       3
       2
       4
       2
       7
       4
       3
       6
       4
       5
       6
       3
       9
       5
       2
       2
       3
       4
       2
       3
       3
       4
       2
       7
       2
       3
       3
       6
       3
       5
       2
       2
       2
       2
       6
       4
       2
       4
       6
       4
       2
       4
       0
       5
       4
       6
       2
       2
       6
       2
       1
       3
       4
       3
       4
       4
       4
       5
       5
       3
       4
       1
       5
       2
       0
       0
       1
       3
       3
       1
       2
       4
       6
       3
       3
       2
       6
       5
       2
       5
       4
       4
       1
       7
       2
       4
       1
       3
       1
       6
       2
       1
       3
       3
       1
       3
       3
       3
       0
       5
       1
       3
       3
       3
       3
       2
       2
       2
       0
       4
       3
       4
       3
       2
       4
       1
       4
      10
       3
       5
       1
       2
       4
       2
       4
       5
       5
       3
       2
       5
       2
       2
       3
       2
       3
       5
       0
       2
       1
       2
       2
       3
       0
       3
       3
       4
       4
       4
       4
       0
       1
       2
       2
       0
       2
       0
       2
       3
       2
       2
       2
       1
       3
       4
       3
       1
       6
       3
       4
       3
       2
       1
       2
       1
       1
       7
       6
       2
       4
       1
       5
       4
       1
       2
       6
       3
       1
       5
       4
       3
       7
       4
       2
       4
       0
       4
       3
       2
       2
       3
       2
       1
       2
       0
       3
       1
       2
       4
       0
       3
       2
       5
       0
       4
       1
       1
       4
       4
       4
       5
       5
       4
       3
       4
       2
       3
       3
       5
       4
       1
       5
       2
       0
       4
       0
       1
       1
       1
       5
       2
       2
       2
       1
       2
       2
       3
       4
       3
       2
       2
       3
       4
       1
       2
       5
       3
       1
       5
       3
       0
       2
       1
       3
       4
       3
       1
       0
       2
       1
       1
       3
       5
       4
       3
       2
       2
       4
       1
       1
       5
       4
       7
       3
       0
       3
       3
       5
       0
       3
       1
       3
       2
       3
       1
       2
       2
       1
       4
       2
       4
       2
       5
       4
       3
       4
       4
       1
       4
       3
       0
       1
       6
       1
       1
       2
       2
       2
       3
       3
       1
       2
       4
       3
       4
       3
       1
       1
       1
       3
       0
       1
       0
       6
       2
       5
       3
       1
       2
       3
       3
       1
       0
       1
       4
       2
       1
       6
       4
       0
       5
       6
       1
       2
       4
       5
       1
       4
       2
       7
       5
       3
       0
       1
       5
       4
       6
       1
       1
       5
       2
       6
       1
       1
       4
       1
       4
       5
       4
       4
       2
       1
       0
       2
       2
       1
       4
       4
       1
       2
       4
       6
       3
       2
       3
       2
       2
       1
       1
       2
       2
       3
       3
       2
       3
       2
       1
       3
       2
       0
       2
       2
       1
       2
       1
       2
       4
       3
       1
       3
       1
       2
       2
       1
       1
       2
       2
       1
       1
       3
       3
       5
       4
       1
       1
       1
       1
       3
       3
       3
       5
       3
       1
       3
       4
       4
       3
       4
       4
       7
       2
       3
       2
       5
       2
       2
       0
       1
       1
       1
       3
       4
       1
       3
       3
       4
       1
       3
       4
       5
       1
       3
       2
       5
       2
       0
       7
       1
       1
       3
       2
       3
       0
       3
       0
       2
       3
       1
       4
       2
       1
       3
       4
       2
       0
       0
       2
       3
       3
       2
       2
       4
       2
       4
       0
       8
       2
       2
       1
       1
       5
       1
       7
       2
       5
       0
       3
       1
       3
       7
       0
       1
       0
       2
       3
       7
       7
       1
       3
       1
       1
       8
       6
       3
       1
       4
       2
       3
       2
       3
       1
       0
       3
       1
       5
       3
       0
       2
       4
       6
       6
       3
       2
       1
       1
       6
       3
       2
       1
       3
       7
       2
       2
       3
       4
       3
       4
       2
       0
       3
       3
       0
       1
       2
       1
       2
       2
       2
       4
       0
       3
       1
       1
       3
       1
       2
       1
       4
       1
       3
       3
       2
       2
       1
       3
       5
       2
       2
       1
       0
       1
       3
       2
       0
       1
       5
       3
       3
       1
       1
       3
       1
       3
       4
       4
       5
       5
       1
       2
       5
       3
       0
       3
       0
       4
       3
       1
       2
       3
       3
       1
       6
       2
       2
       2
       5
       3
       2
       5
       5
       5
       2
       2
       1
       2
       4
       1
       2
       3
       2
       1
       3
       2
       6
       3
       0
       4
       3
       2
       6
       2
       0
       4
       2
       2
       1
       1
       3
       2
       2
       3
       4
       2
       2
       4
       1
       3
       6
       2
       2
       3
       4
       4
       3
       2
       5
       0
       1
       4
       2
       4
       3
       2
       2
       1
       2
       3
       4
       3
       2
       2
       1
       0
       2
       1
       3
       3
       3
       4
       6
       1
       3
       5
       2
       0
       1
       4
       2
       2
       6
       1
       2
       5
       1
       3
       1
       5
       3
       2
       4
       4
       2
       3
       1
       4
       3
       2
       3
       1
       2
       3
       6
       0
       3
       2
       2
       2
       3
       2
       0
       2
       1
       4
       4
       0
       3
       0
       3
       2
       2
       2
       0
       2
       3
       4
       1
       2
       4
       1
       2
       1
       4
       1
       1
       3
       2
       3
       1
       4
       1
       4
       2
       5
       1
       0
       0
       3
       3
       2
       5
       3
       1
       3
       2
       1
       1
       3
       2
       3
       2
       3
       0
       0
       4
       3
       1
       3
       4
       1
       1
       3
       3
       0
       5
       2
       2
       3
       1
       2
       3
       3
       6
       5
       2
       1
       2
       3
       2
       3
       3
       3
       3
       3
       4
       3
       1
       4
       3
       5
       3
       1
       4
       3
       2
       0
       2
       2
       1
       0
       2
       1
       1
       4
       1
       1
       1
       5
       5
       1
       4
       1
       0
       4
       1
       4
       2
       0
       4
       3
       1
       2
       3
       2
       1
       3
       2
       1
       1
       2
       1
       3
       1
       4
       3
       1
       2
       2
       3
       3
       1
       3
       0
       2
       4
       3
       1
       4
       3
       0
       2
       1
       1
       1
       1
       3
       3
       2
       0
       1
       2
       2
       1
       0
       1
       2
       2
       3
       0
       6
       1
       5
       3
       1
       3
       2
       4
       4
       2
       1
       1
       3
       0
       2
       4
       8
       4
       5
       1
       3
       2
       1
       0
       5
       1
       2
       0
       0
       1
       5
       1
       1
       1
       5
       4
       4
       3
       1
       1
       1
       2
       3
       2
       4
       4
       1
       5
       3
       4
       6
       3
       2
       4
       2
       6
       5
       2
       5
       4
       6
       4
       4
       3
       5
       2
       7
       4
       2
       5
       2
       5
       3
       2
       1
       3
       4
       3
       2
       4
       4
       5
       2
       2
       3
       3
       1
       3
       4
       3
       4
       8
       3
       7
       4
       2
       5
       4
       9
       2
       7
       5
       4
       7
      10
       6
       3
       6
       3
       7
       5
       6
       4
       5
       7
       5
       1
       2
       5
       4
       3
       2
       1
       2
       6
       3
       1
       0
       1
       5
       2
       2
       5
       0
       5
       3
       0
       0
       2
       1
       2
       4
       2
       1
       2
       2
       1
       1
       2
       1
       1
       0
       2
       1
       2
       2
       0
       2
       2
       1
       4
       2
       1
       3
       3
       0
       2
       1
       1
       1
       3
       2
       2
       0
       3
       2
       2
       4
       4
       4
       2
       2
       2
       0
       1
       3
       3
       2
       1
       4
       1
       1
       0
       0
       1
       1
       1
       2
       2
       2
       1
       3
       0
       3
       0
       3
       1
       2
       0
       4
       2
       2
       3
       1
       2
       1
       1
       4
       1
       2
       2
       2
       1
       1
       4
       1
       2
       0
       0
       0
       0
       3
       2
       3
       2
       1
       1
       2
       0
       1
       6
       2
       1
       1
       1
       0
       2
       1
       2
       5
       2
       1
       2
       2
       3
       6
       1
       2
       1
       2
       3
       2
       1
       1
       0
       0
       2
       0
       3
       3
       2
       2
       3
       0
       0
       0
       1
       1
       0
       3
       3
       4
       0
       4
       2
       2
       1
       1
       1
       4
       0
       2
       2
       1
       3
       1
       3
       0
       3
       2
       1
       2
       2
       3
       3
       4
       4
       4
       1
       1
       1
       1
       2
       2
       1
       2
       6
       3
       2
       4
       2
       3
       1
       2
       4
       3
       2
       1
       3
       2
       0
       2
       1
       2
       2
       1
       0
       0
       1
       2
       2
       1
       1
       2
       2
       2
       7
       1
       0
       1
       1
       1
       1
       1
       5
       3
       2
       4
       1
       1
       3
       6
       1
       2
       1
       4
       0
       0
       2
       1
       4
       1
       3
       0
       0
       3
       2
       1
       0
       2
       1
       0
       4
       4
       5
       1
       5
       2
       3
       3
       1
       2
       2
       2
       3
       3
       3
       2
       4
       4
       6
       5
       5
       2
       3
       1
       2
       4
       4
       1
       4
       1
       2
       1
       4
       0
       1
       1
       4
       2
       1
       1
       4
       2
       2
       1
       3
       1
       3
       2
       2
       1
       0
       1
       2
       4
       4
       0
       4
       9
       4
       2
       2
       1
       2
       2
       0
       1
       0
       3
       1
       0
       3
       1
       3
       1
       3
       1
       1
       1
       2
       3
       1
       1
       2
       3
       2
       2
       0
       1
       2
       0
       1
       1
       4
       1
       1
       3
       1
       2
       2
       0
       2
       2
       1
       0
       0
       3
       1
       1
       2
       3
       5
       1
       1
       2
       2
       0
       2
       0
       3
       3
       3
       0
       2
       3
       1
       3
       0
       0
       0
       1
       3
       1
       0
       1
       1
       3
       3
       4
       3
       1
       0
       5
       1
       1
       2
       4
       2
       3
       3
       1
       1
       1
       2
       3
       1
       0
       1
       1
       0
       1
       1
       2
       1
       1
       5
       3
       1
       2
       2
       3
       3
       6
       1
       4
       1
       0
       1
       1
       1
       1
       1
       1
       0
       2
       2
       1
       4
       1
       1
       1
       0
       0
       0
       2
       2
       1
       1
       0
       3
       1
       4
       2
       0
       0
       2
       6
       2
       2
       1
       0
       2
       3
       2
       2
       3
       0
       0
       2
       1
       0
       2
       3
       0
       1
       2
       0
       1
       2
       1
       3
       0
       0
       1
       3
       1
       1
       2
       1
       2
       1
       4
       1
       2
       3
       2
       1
       5
       1
       1
       1
       1
       4
       3
       1
       3
       0
       0
       0
       1
       0
       3
       4
       2
       2
       2
       1
       1
       1
       2
       3
       1
       2
       1
       1
       0
       0
       3
       4
       1
       3
       1
       3
       0
       2
       2
       1
       2
       0
       0
       3
       2
       0
       2
       0
       3
       1
       1
       0
       2
       3
       2
       2
       3
       1
       2
       2
       0
       0
       2
       2
       4
       1
       1
       1
       3
       1
       2
       1
       1
       1
       0
       1
       5
       1
       0
       1
       3
       0
       0
       0
       0
       2
       2
       0
       2
       1
       1
       0
       1
       0
       1
       2
       2
       1
       1
       2
       0
       2
       0
       1
       4
       1
       0
       2
       1
       3
       3
       1
       3
       5
       2
       3
       1
       1
       1
       1
       1
       0
       1
       1
       1
       2
       1
       0
       0
       1
       3
       1
       3
       0
       2
       1
       4
       3
       5
       3
       4
       3
       2
       4
       2
       4
       1
       1
       2
       2
       1
       2
       1
       2
       0
       1
       2
       0
       0
       0
       1
       0
       4
       3
       3
       5
       2
       3
       1
       1
       1
       1
       7
       4
       2
       0
       2
       2
       2
       2
       2
       3
       0
       0
       2
       4
       0
       2
       0
       2
       0
       1
       0
       2
       3
       1
       0
       1
       1
       2
       1
       0
       2
       3
       1
       1
       4
       1
       1
       1
       1
       4
       0
       3
       1
       3
       1
       2
       1
       4
       1
       1
       1
       1
       0
       0
       2
       4
       1
       2
       0
       0
       0
       0
       0
       4
       1
       0
       5
       2
       0
       0
       1
       2
       2
       0
       2
       1
       4
       1
       2
       0
       2
       1
       1
       2
       2
       1
       0
       1
       3
       1
       1
       0
       1
       1
       0
       0
       1
       2
       1
       3
       0
       0
       1
       3
       0
       1
       1
       3
       2
       1
       1
       2
       0
       2
       2
       2
       0
       0
       2
       1
       1
       2
       1
       3
       1
       0
       1
       1
       3
       0
       0
       0
       1
       1
       1
       1
       1
       2
       1
       0
       2
       2
       2
       1
       0
       0
       1
       2
       3
       0
       1
       0
       2
       3
       2
       2
       3
       2
       2
       3
       1
       0
       1
       1
       1
       0
       3
       0
       2
       1
       0
       1
       3
       4
       1
       1
       4
       0
       3
       1
       2
       3
       1
       1
       0
       3
       3
       1
       0
       1
       1
       0
       2
       3
       0
       2
       2
       0
       0
       1
       1
       0
       5
       0
       1
       2
       0
       1
       0
       1
       2
       2
       2
       2
       4
       1
       2
       1
       0
       1
       3
       3
       0
       1
       0
       1
       1
       2
       1
       1
       1
       2
       1
       3
       0
       2
       3
       1
       1
       3
       1
       0
       2
       1
       2
       0
       0
       0
       0
       0
       0
       1
       1
       0
       2
       2
       3
       0
       1
       0
       1
       0
       3
       5
       2
       2
       1
       1
       2
       1
       1
       0
       1
       1
       2
       3
       0
       0
       1
       2
       1
       0
       1
       2
       1
       1
       2
       2
       1
       0
       4
       0
       1
       3
       1
       2
       1
       0
       3
       1
       3
       0
       0
       0
       0
       1
       2
       2
       1
       2
       0
       1
       2
       1
       0
       2
       1
       1
       2
       2
       1
       3
       3
       2
       1
       1
       3
       3
       3
       1
       0
       2
       0
       2
       0
       0
       1
       0
       0
       1
       0
       1
       2
       2
       4
       3
       3
       1
       0
       1
       1
       2
       2
       3
       1
       0
       0
       3
       1
       2
       0
       1
       1
       2
       0
       3
       1
       2
       1
       1
       2
       2
       2
       1
       2
       0
       1
       3
       1
       2
       0
       3
       1
       0
       3
       0
       2
       1
       2
       0
       1
       4
       2
       2
       1
       1
       2
       2
       2
       2
       2
       3
       1
       1
       1
       2
       2
       2
       1
       2
       0
       0
       2
       3
       4
       4
       1
       1
       4
       0
       1
       3
       1
       2
       4
       1
       3
       1
       3
       2
       2
       3
       4
       3
       1
       2
       0
       2
       2
       1
       0
       0
       1
       1
       0
       2
       1
       3
       0
       2
       0
       1
       4
       3
       0
       0
       2
       1
       0
       1
       4
       0
       0
       0
       2
       1
       2
       1
       3
       3
       3
       3
       1
       1
       4
       1
       0
       2
       1
       1
       0
       1
       0
       1
       1
       0
       0
       2
       0
       2
       0
       5
       3
       2
       3
       2
       1
       3
       2
       2
       3
       3
       2
       2
       1
       2
       3
       2
       2
       0
       1
       0
       1
       3
       3
       1
       2
       2
       2
       1
       0
       1
       3
       5
       2
       2
       0
       1
       0
       1
       0
       1
       3
       0
       1
       1
       0
       3
       3
       2
       0
       1
       3
       2
       4
       0
       1
       3
       3
       0
       2
       4
       2
       1
       1
       2
       0
       1
       0
       1
       3
       1
       2
       1
       1
       1
       1
       2
       1
       1
       1
       1
       2
       1
       1
       4
       1
       3
       1
       0
       4
       1
       1
       1
       0
       2
       2
       0
       1
       0
       1
       1
       1
       0
       2
       4
       2
       1
       1
       1
       4
       2
       3
       1
       1
       1
       1
       4
       2
       0
       0
       5
       1
       2
       0
       1
       1
       0
       0
       2
       2
       1
       1
       0
       1
       2
       4
       1
       0
       3
       0
       0
       1
       0
       1
       2
       1
       1
       2
       2
       2
       0
       0
       2
       0
       0
       0
       2
       2
       0
       1
       2
       1
       2
       4
       1
       0
       1
       2
       0
       1
       1
       3
       1
       2
       4
       1
       0
       2
       1
       0
       3
       2
       2
       1
       0
       0
       3
       3
       1
       2
       1
       3
       0
       3
       2
       2
       2
       2
       1
       0
       1
       1
       0
       3
       0
       3
       2
       2
       2
       1
       0
       0
       1
       2
       2
       1
       3
       0
       0
       1
       2
       2
       4
       0
       3
       1
       1
       3
       1
       1
       2
       1
       1
       0
       1
       4
       2
       0
       0
       0
       2
       1
       0
       1
       2
       1
       3
       7
       2
       3
       0
       3
       4
       0
       3
       1
       1
       0
       1
       0
       2
       0
       0
       2
       0
       0
       1
       0
       1
       0
       1
       1
       3
       2
       2
       4
       1
       2
       2
       1
       2
       1
       2
       2
       1
       1
       0
       1
       1
       0
       2
       0
       0
       3
       0
       2
       0
       4
       2
       0
       1
       2
       0
       2
       1
       0
       1
       0
       0
       1
       2
       2
       1
       2
       1
       0
       4
       0
       0
       1
       0
       2
       0
       3
       0
       1
       4
       1
       2
       0
       0
       0
       0
       0
       0
       0
       0
       0
       0
       0
       0
       0
       0
       0
       0
       0
       0
       0
       0
       0
       0
       0
       0
       0
       0
       0
       0
       0
       0
       0
       0
       0
       0
       0
       0
       0
       0
       0
       0
       0
       0
       0
       0
       0
       0
       0
       0
       0
       0
       0
       0
       0
       0
       0
       0
       0
       0
       0
       0
       0
       0
       0
       0
       0
       0
       0
       0
       0
       0
       0
       0
       0
       0
       0
       0
       0
       0
       0
       0
       0
       0
       0
       0
       0
       0
       0
       0
       0
       0
       0
       0
       0
       0
       0
       0
       0
       0
       0
       0
       0
       0
       0
       0
       0
       0
       0
       0
       0
       0
       0
       0
       0
       0
       0
       0
       0
       0
       0
       0
       0
       0
       0
       0
       0
       0
       0
       0
       0
       0
       0
       0
       0
       0
       0
       0
       0
       0
       0
       0
       0
       0
       0
       0
       0
       0
       0
       0
       0
       0
       0
       0
       0
       0
       0
       0
       0
       0
       0
       0
       0
       0
       0
       0
       0
       0
       0
       0
       0
       0
       0
       0
       0
       0
       0
       0
       0
       0
       0
       0
       0
       0
       0
       0
       0
       0
       0
$ROI:
2
2765 2788
2820 2882
$PRESETS:
None
0
0
$ENER_FIT:
0.000000 0.402997
$MCA_CAL:
3
0.000000E+000 4.029968E-001 0.000000E+000 keV
$SHAPE_CAL:
3
0.000000E+000 0.000000E+000 0.000000E+000
