$SPEC_ID:
Cs137
$SPEC_REM:
DET# 2
DETDESC# DETECTOR 2
AP# Maestro Version 7.01
$DATE_MEA:
03/20/2017 13:23:21
$MEAS_TIM:
3673 3675
$DATA:
0 8191
       0
       0
       0
       0
       0
       0
       0
       0
       0
       0
       0
       0
       0
       0
       0
       0
       0
       0
       0
       0
       0
       0
       0
       0
       0
       0
       0
       0
       0
       0
       0
       0
       0
       0
       0
       0
       0
       0
       0
       0
       0
       0
       0
       0
       0
       0
       0
       0
       0
       0
       0
       0
       0
       0
       0
       0
       0
       0
       0
       0
       0
       0
       0
       0
       0
       0
       0
       0
       0
       0
       0
       0
       0
       0
       0
       0
       0
       0
       0
       0
       0
       0
       0
       0
       0
       0
       0
       0
       0
       0
       0
       0
       0
       0
       1
       1
      27
     143
     147
     160
     137
     131
     133
     131
     128
     128
     124
     130
     130
     108
     125
     102
     128
     121
     133
     120
     122
     141
     129
     130
     104
     132
     124
     131
     124
     138
     132
     114
     127
     133
     131
     130
     169
     135
     137
     157
     134
     134
     138
     157
     160
     146
     169
     163
     203
     170
     213
     218
     217
     217
     213
     242
     194
     193
     204
     224
     220
     277
     236
     257
     217
     246
     262
     258
     260
     240
     251
     283
     284
     302
     297
     261
     304
     308
     321
     296
     301
     320
     410
     546
     872
    1196
    1204
     810
     725
    1116
    1621
    1881
    1394
     730
     379
     262
     236
     248
     216
     259
     249
     244
     263
     274
     250
     287
     295
     291
     329
     324
     383
     439
     492
     631
     819
    1035
     978
     755
     549
     485
     529
     556
     664
     545
     486
     500
     471
     448
     468
     432
     388
     403
     389
     396
     436
     422
     397
     367
     364
     355
     386
     379
     362
     388
     410
     379
     373
     391
     376
     437
     382
     394
     410
     394
     376
     392
     429
     395
     394
     405
     382
     440
     361
     381
     373
     387
     389
     375
     325
     366
     319
     320
     357
     310
     310
     354
     326
     315
     302
     275
     272
     249
     250
     261
     241
     238
     219
     226
     204
     183
     183
     198
     187
     211
     170
     193
     167
     179
     181
     199
     169
     187
     181
     266
     699
    2330
    5603
    9455
   10983
    8429
    4457
    1655
     461
     185
     128
     121
     108
      96
     136
     118
     113
     109
     114
     104
     113
     130
      98
     115
      92
     126
     112
     137
     128
     119
     135
     132
     114
     115
     128
     151
     200
     426
     872
    1267
    1326
     983
     573
     236
     144
     102
     110
     121
     112
     106
     111
      82
      97
      92
     129
     101
     108
     115
     112
     114
     102
     104
     114
      94
     112
      97
     101
     119
     110
     102
     110
     105
     112
     102
     111
     117
     115
     123
      87
     116
      97
     112
     104
     102
     127
     103
     111
     128
     131
      92
      93
     109
     128
     100
     115
     124
     113
     127
     100
      98
     102
     118
     111
     111
     101
     104
     102
     113
     113
     115
     114
     117
      96
     104
     110
     121
     110
     113
     129
     105
     100
      96
     102
     110
     110
     111
     110
     103
     108
     124
     121
     124
     102
     114
     136
     129
     122
     124
     137
     112
     110
     120
     117
     130
     114
     128
     117
     127
     113
     116
     133
     120
     120
     106
     104
     117
     121
     121
     115
      93
     127
     115
     152
     121
     114
     107
     113
     118
     123
     109
     116
     124
     111
     105
     131
     112
     116
     123
     123
     126
     109
     121
     137
     122
     121
     171
     136
     136
     138
     136
     152
     128
     151
     148
     145
     160
     147
     133
     134
     151
     121
     115
     126
     135
     135
     145
     132
     155
     128
     125
     129
     142
     147
     139
     156
     114
     122
     140
     143
     139
     129
     147
     150
     130
     130
     115
     105
     123
     123
     117
     112
     132
     111
     118
     107
     120
     135
     142
     144
     135
     143
     136
     134
     139
     132
     134
     121
     119
     132
     117
     106
     110
     125
     115
     130
     137
     144
     124
     129
     128
     141
     125
     120
     144
     136
     135
     132
     133
     119
     141
     144
     148
     131
     130
     132
     137
     120
     118
     128
     136
     132
     125
     122
     108
     119
     144
     125
     127
     114
     130
     116
     115
     113
     125
     125
     113
     122
     116
     122
     114
     111
     115
     109
     108
     122
     104
     122
      87
     115
     102
      91
     102
      84
     108
      93
      88
      99
      95
      89
     117
     102
     108
     112
      91
      75
      76
      92
      89
      88
      98
      82
      98
      88
      97
      80
      67
      82
      75
     102
      86
      93
      76
      75
      84
      82
     102
      87
      91
      81
      86
      82
      73
      75
      90
      75
      88
      74
      82
      72
      65
      69
      72
      79
      72
      67
      68
      80
      75
      89
      66
      77
      94
      75
      69
      82
      86
      68
      79
      78
      62
      79
      80
      81
      85
      59
      73
      76
      64
      69
      76
      81
      71
      62
      62
      62
      78
      65
      59
      59
      78
      78
      79
      71
      65
      78
      80
      69
      66
      59
      74
      65
      88
      69
      68
      59
      72
      74
      62
      77
      81
      72
      73
      68
      65
      65
      64
      66
      59
      77
      78
      66
      65
      70
      73
      65
      74
      56
      76
      73
      87
      75
      73
      51
      61
      64
      69
      66
      71
      69
      67
      68
      68
      80
      71
      92
      64
      73
      66
      60
      68
      74
      63
      58
      67
      72
      70
      74
      75
      70
      67
      60
      76
      53
      64
      68
      77
      73
      54
      64
      59
      78
      66
      62
      72
      76
      84
      66
      53
      76
      71
      74
      87
      61
      71
      68
      73
      73
      72
      76
      75
      64
      71
      65
      67
      67
      77
      69
      84
      70
      75
      65
      61
      60
      62
      62
      69
      74
      59
      59
      55
      54
      60
      71
      63
      47
      76
      66
      67
      86
      69
      59
      78
      70
      70
      68
      73
      48
      71
      53
      61
      73
      62
      69
      52
      65
      58
      49
      53
      49
      72
      48
      72
      60
      57
      64
      57
      57
      57
      57
      43
      57
      68
      53
      54
      55
      42
      49
      50
      39
      63
      46
      58
      59
      54
      40
      56
      55
      49
      44
      48
      61
      34
      53
      44
      59
      53
      51
      52
      53
      47
      45
      56
      50
      42
      37
      61
      54
      51
      47
      47
      46
      47
      49
      39
      51
      44
      48
      57
      52
      48
      51
      37
      58
      57
      46
      49
      42
      49
      41
      44
      59
      56
      48
      54
      42
      54
      33
      51
      51
      37
      39
      46
      42
      44
      42
      33
      39
      30
      40
      43
      43
      48
      43
      50
      40
      44
      48
      45
      34
      39
      30
      39
      42
      42
      33
      39
      39
      44
      35
      44
      47
      45
      32
      53
      36
      43
      40
      47
      52
      47
      32
      42
      53
      43
      39
      43
      32
      36
      31
      45
      42
      38
      34
      44
      44
      41
      32
      46
      35
      39
      39
      28
      43
      25
      43
      34
      36
      31
      31
      37
      38
      38
      31
      30
      28
      51
      44
      34
      34
      47
      34
      33
      37
      33
      39
      44
      29
      45
      38
      35
      45
      40
      26
      35
      36
      33
      38
      40
      53
      41
      35
      41
      25
      28
      45
      34
      23
      36
      32
      32
      38
      36
      37
      37
      38
      42
      27
      35
      36
      35
      36
      29
      35
      42
      37
      36
      31
      30
      30
      35
      29
      31
      30
      35
      37
      31
      44
      48
      45
      38
      40
      24
      27
      27
      36
      35
      33
      34
      30
      39
      44
      36
      30
      32
      46
      37
      33
      35
      31
      30
      32
      38
      31
      43
      23
      32
      35
      43
      35
      34
      29
      29
      39
      37
      40
      38
      30
      31
      36
      23
      31
      42
      35
      35
      34
      49
      43
      27
      39
      49
      34
      38
      24
      42
      37
      27
      35
      31
      36
      45
      29
      25
      35
      39
      24
      34
      29
      36
      34
      46
      28
      34
      40
      40
      44
      29
      35
      37
      32
      29
      29
      37
      39
      31
      30
      45
      38
      31
      35
      39
      38
      36
      33
      30
      28
      46
      30
      28
      46
      36
      32
      23
      31
      39
      39
      28
      26
      36
      35
      28
      25
      33
      32
      47
      40
      38
      40
      40
      52
      39
      46
      30
      39
      35
      35
      26
      38
      23
      27
      22
      24
      25
      42
      38
      41
      41
      18
      49
      32
      41
      38
      40
      43
      33
      41
      38
      25
      38
      28
      33
      35
      34
      29
      40
      31
      41
      37
      43
      36
      42
      37
      36
      36
      28
      42
      38
      36
      52
      37
      35
      37
      31
      29
      34
      34
      27
      41
      36
      21
      30
      32
      36
      40
      42
      36
      48
      40
      48
      72
     108
     118
     172
     229
     333
     469
     649
     782
     968
    1071
    1032
    1007
     821
     675
     466
     308
     190
     149
      90
      84
      36
      38
      47
      38
      36
      33
      38
      29
      39
      52
      35
      25
      32
      30
      44
      31
      28
      35
      42
      36
      26
      34
      37
      42
      37
      50
      31
      35
      29
      36
      39
      42
      42
      29
      46
      42
      35
      32
      40
      39
      35
      42
      27
      31
      35
      30
      35
      49
      26
      27
      41
      32
      40
      37
      34
      33
      30
      28
      31
      40
      37
      35
      38
      31
      38
      35
      40
      47
      42
      47
      28
      42
      45
      31
      41
      32
      46
      44
      38
      32
      28
      38
      32
      46
      39
      37
      36
      33
      37
      48
      39
      34
      47
      36
      44
      36
      43
      44
      42
      42
      43
      42
      29
      39
      48
      39
      56
      39
      37
      45
      46
      47
      36
      40
      38
      39
      49
      45
      40
      37
      47
      45
      44
      41
      52
      43
      40
      43
      43
      41
      41
      52
      44
      59
      49
      49
      48
      33
      40
      46
      54
      44
      53
      43
      46
      36
      53
      50
      49
      50
      39
      48
      50
      39
      52
      37
      56
      39
      53
      45
      44
      37
      39
      48
      55
      46
      50
      45
      38
      54
      53
      58
      48
      59
      36
      54
      47
      50
      50
      44
      52
      53
      31
      49
      48
      45
      45
      34
      50
      47
      45
      51
      41
      47
      46
      43
      53
      54
      61
      41
      62
      45
      53
      50
      53
      48
      57
      55
      40
      51
      49
      50
      69
      49
      38
      49
      60
      46
      39
      63
      46
      47
      53
      46
      67
      47
      57
      49
      65
      57
      44
      53
      30
      53
      48
      57
      53
      47
      44
      45
      59
      46
      46
      50
      39
      61
      27
      45
      38
      38
      48
      37
      49
      39
      38
      37
      33
      37
      33
      31
      47
      39
      26
      38
      29
      36
      34
      26
      28
      39
      32
      35
      44
      33
      35
      42
      45
      27
      31
      37
      25
      22
      24
      27
      30
      27
      39
      36
      33
      23
      33
      36
      19
      29
      32
      30
      32
      34
      31
      28
      24
      31
      26
      34
      24
      29
      22
      23
      25
      21
      26
      31
      34
      30
      29
      26
      21
      28
      23
      28
      21
      26
      22
      35
      21
      25
      27
      21
      23
      22
      29
      24
      21
      24
      29
      19
      22
      27
      23
      24
      25
      30
      32
      26
      29
      19
      21
      19
      20
      22
      23
      16
      21
      24
      15
      21
      21
      19
      21
      22
      27
      29
      20
      23
      13
      18
      24
      27
      24
      15
      24
      15
      20
      14
      18
      15
      29
      19
      15
      17
      16
      15
      24
      17
      16
      19
      15
      20
      21
      14
      15
      16
      20
      23
      14
      21
      17
      18
      24
      16
      17
      18
      25
      20
      22
      18
       8
      15
      14
      14
      22
      10
      18
      21
      16
      27
      11
      16
      19
       8
      18
      16
      14
      14
      10
      15
      16
      12
      16
      19
      18
      19
      12
       9
      15
      12
      22
      20
      20
      11
      11
      15
      23
      11
      12
      12
      11
      11
       9
      12
       8
      13
       6
       7
      11
       9
      14
      17
       9
      11
      12
       9
      11
       8
      11
      14
      12
      14
       8
      14
      13
      17
      11
      13
      12
      12
       8
      12
      11
       9
       8
       9
       6
       8
      11
       5
       9
       6
      11
       6
      11
       6
       7
       6
      13
       8
       8
       9
       5
      12
       9
       9
      15
       6
      13
       9
       8
       5
       9
       6
       8
       9
       9
       3
       2
       6
       7
       6
      10
      10
       5
       9
       5
       4
      11
       5
       4
       8
      11
       4
       4
       6
       6
      11
       4
      11
       6
       6
       4
      11
       4
       6
       4
       4
       5
       4
       4
       7
       9
       9
       4
       7
       4
       3
       4
       3
      10
       6
      12
       5
       7
       5
       9
      13
      13
       8
      14
      14
      13
      15
      13
      18
       9
       6
      15
       4
       7
      10
      10
       3
       6
       5
       4
       9
       5
       7
       6
       4
       5
       1
       1
       5
       3
       6
      10
       4
       3
       5
       8
       7
       3
       6
       2
       8
       1
       5
       5
       4
       7
       4
       6
       5
       4
       3
       1
       2
       5
       8
       7
       5
       4
       8
       7
       8
      11
       6
       4
       4
       5
       4
       3
       7
       7
       5
      10
       4
      10
       8
       6
       5
       6
      10
      13
       6
       5
       3
       3
       6
       7
       9
       7
       5
       5
       4
       3
       6
       4
       6
       7
      10
       8
       7
       5
       7
       3
       7
       1
      10
       5
       6
       7
       6
       7
       7
       4
       8
       1
       6
       3
       7
       8
       6
       9
       8
       5
       6
       8
       5
       7
       5
       4
       5
       2
       3
       8
       3
       7
       6
       7
       3
       7
       7
      10
       6
       3
      10
       7
      10
       6
       6
       7
       7
       7
      12
       4
      10
      11
      14
      14
      16
      28
      35
      55
      87
     142
     209
     294
     451
     648
     892
    1175
    1374
    1592
    1667
    1774
    1510
    1101
     839
     514
     290
     130
      78
      35
      16
      14
       3
       7
       2
       3
       1
       2
       4
       1
       1
       8
       2
       5
       4
       4
       6
       5
       6
       3
       4
       3
       1
       2
       2
       5
       3
       1
       9
       0
       6
       6
       2
       1
       1
       2
       3
       4
       2
       2
       3
      10
      11
       8
      19
      13
      19
      39
      48
      40
      25
      34
      29
      30
      21
       9
      10
       8
       6
       4
       3
       5
       3
       2
       3
       3
       1
       7
       8
       7
      13
      22
      18
      28
      41
      59
      91
     105
     114
     126
     103
      95
      84
      69
      43
      28
      17
      16
       4
       4
       0
       6
       4
       0
       2
       1
       5
       2
       1
       5
       3
       4
       1
       2
       4
       3
       4
       1
       6
       2
       1
       5
       4
       2
       3
       4
      10
       6
       4
       8
      12
      17
      14
      10
       9
      16
       7
       7
       5
       4
       2
       4
       0
       1
       2
       1
       3
       2
       6
       2
       5
       3
       3
       1
       2
       2
       2
       6
       1
       3
       5
       1
       3
       2
       2
       2
       5
       1
       4
       1
       6
       4
       3
       4
       4
       2
       0
       4
       2
       2
       2
       2
       2
       1
       3
       0
       1
       7
       1
       2
       3
       3
       4
       3
       4
       3
       2
       7
       4
       3
       2
       5
       2
       2
       3
       0
       3
       6
       2
       0
       2
       2
       2
       4
       1
       2
       1
       6
       4
       0
       0
       4
       5
       6
       3
       1
       0
       3
       2
       4
       5
       1
       5
       2
       3
       3
       4
       2
       2
       2
       3
       2
       3
       5
       2
       4
       1
       1
       5
       5
       1
       0
       2
       6
       1
       0
       2
       3
       2
       2
       7
       3
       2
       3
       4
       3
       7
       2
       0
       6
       4
       6
       4
       2
       4
       2
       3
       5
       1
       2
       5
       3
       2
       4
       4
       2
       5
       1
       3
       4
       2
       3
       1
       4
       4
       7
       3
       3
       5
       3
       1
       2
       4
       5
      11
       8
       7
       9
      16
       6
      15
       9
      10
       7
       7
       6
       4
       1
       8
       4
       2
       3
       4
       6
       4
       2
       1
       0
       2
       2
       3
       2
       7
       4
       3
       4
       4
       7
       1
       3
       4
       4
       3
       0
       6
       2
       5
       7
       2
       1
       2
       3
       3
       0
       7
       5
       1
       4
       3
       2
       5
       2
       2
       2
       3
       1
       3
       2
       3
       4
       3
       2
       0
       4
       6
       4
       6
       2
       4
       2
       2
       1
       5
       4
       2
       6
       4
       2
       2
       3
       1
       3
       2
       2
       5
       9
       4
       5
       1
       9
       2
       2
       3
       4
       2
       3
       2
       5
       6
       4
       5
       6
       8
       4
       4
       7
       2
       6
       6
       3
       3
       4
       2
       3
       5
       3
       0
       3
       5
       1
       1
       5
       3
       4
       1
       2
       1
       6
       2
       2
       4
       2
       1
       2
       1
       0
       4
       2
       1
       3
       2
       6
       3
       2
       4
       4
       4
       4
       5
       3
       3
       6
       1
       4
       2
       4
       2
       2
       6
       5
       4
       2
       4
       6
       1
       4
       1
       3
       8
       4
       4
       3
       6
       6
       6
       3
       4
       6
       3
       4
       1
       2
       4
       5
       6
       1
       6
       3
       1
       1
       6
       5
       2
       1
       3
       6
       2
       6
       4
       5
       9
       3
       3
       2
       3
       2
       3
       3
       2
       1
       3
       6
       3
       1
       1
       3
       2
       3
       4
       2
       0
       5
       1
       4
       2
       5
       0
       4
       0
       5
       4
       3
       3
       1
       4
       4
       3
       0
       5
       3
       3
       1
       3
       1
       6
       9
       3
      10
       6
      13
      11
      15
      12
      10
      16
      13
      11
      15
       4
       5
       4
       6
       4
       4
       3
       3
       1
       1
       3
       4
       3
       2
       2
       1
       3
       1
       1
       3
       2
       1
       1
       4
       2
       2
       0
       1
       7
       4
       1
       1
       1
       1
       0
       1
       2
       3
       4
       1
       2
       3
       4
       0
       3
       2
       3
       1
       1
       1
       3
       5
       0
       1
       1
       1
       6
       2
       4
       3
       4
       2
       3
       2
       5
       2
       2
       3
       2
       2
       0
       2
       0
       1
       3
       1
       1
       0
       2
       2
       1
       1
       3
       2
       3
       3
       2
       4
       1
       1
       4
       1
       2
       2
       3
       3
       0
       4
       2
       3
       1
       2
       5
       3
       3
       2
       2
       2
       1
       5
       1
       4
       0
       2
       1
       2
       3
       5
       1
       3
       4
       2
       1
       1
       3
       1
       3
       1
       0
       1
       1
       0
       1
       7
       1
       5
       3
       2
       1
       2
       2
       2
       0
       3
       4
       3
       2
       5
       2
       0
       4
       2
       5
       5
       3
       1
       3
       1
       2
       3
       1
       4
       2
       1
       1
       3
       3
       3
       1
       3
       5
       0
       2
       1
       1
       1
       2
       1
       2
       0
       1
       1
       1
       0
       2
       2
       2
       2
       4
       4
       2
       2
       0
       1
       1
       1
       1
       0
       1
       4
       1
       1
       2
       3
       3
       1
       2
       1
       0
       2
       4
       1
       4
       3
       2
       2
       2
       0
       2
       5
       2
       1
       3
       2
       0
       1
       0
       2
       1
       0
       2
       3
       1
       1
       3
       6
       0
       1
       1
       0
       1
       1
       0
       2
       2
       2
       2
       1
       2
       1
       2
       2
       1
       3
       3
       2
       2
       1
       2
       0
       1
       2
       2
       1
       2
       2
       1
       1
       0
       0
       0
       0
       2
       4
       2
       2
       3
       1
       2
       2
       0
       2
       2
       2
       1
       3
       1
       2
       3
       1
       1
       1
       1
       0
       0
       0
       3
       2
       3
       2
       0
       3
       2
       3
       0
       1
       4
       1
       0
       4
       3
       1
       1
       1
       1
       2
       4
       0
       1
       1
       0
       0
       2
       1
       3
       3
       3
       5
       4
       2
       8
       4
       5
       5
       8
       8
       4
       4
       2
       6
       2
       3
       1
       3
       1
       2
       0
       0
       3
       2
       1
       1
       3
       0
       2
       3
       2
       2
       1
       2
       1
       0
       2
       1
       1
       0
       5
       2
       1
       0
       2
       1
       0
       4
       1
       0
       2
       2
       0
       2
       1
       0
       0
       3
       1
       1
       1
       1
       0
       1
       1
       2
       5
       0
       2
       2
       2
       3
       0
       0
       1
       2
       2
       3
       0
       0
       1
       1
       0
       1
       1
       0
       0
       3
       0
       0
       1
       0
       3
       1
       2
       2
       1
       1
       1
       1
       2
       4
       3
       1
       1
       1
       0
       1
       2
       1
       0
       0
       0
       2
       2
       3
       1
       0
       1
       3
       1
       2
       1
       1
       2
       2
       1
       2
       0
       0
       1
       1
       0
       1
       1
       1
       3
       0
       1
       1
       1
       2
       0
       1
       3
       0
       2
       1
       3
       2
       1
       4
       3
       8
       6
       6
       7
       8
      21
      16
      25
      36
      24
      40
      34
      35
      40
      42
      37
      31
      36
      29
      14
       7
       7
       3
       2
       4
       0
       3
       2
       2
       1
       1
       0
       1
       1
       0
       3
       2
       0
       1
       1
       0
       0
       2
       1
       0
       0
       0
       0
       0
       1
       0
       0
       1
       1
       1
       0
       1
       0
       0
       1
       2
       1
       2
       0
       0
       1
       2
       1
       2
       2
       0
       1
       0
       1
       0
       0
       1
       2
       0
       3
       1
       3
       2
       0
       1
       0
       0
       0
       1
       0
       0
       1
       1
       1
       0
       1
       1
       0
       7
       8
       4
       5
       4
       4
       2
       7
       7
       7
       6
       2
       3
       0
       2
       2
       2
       0
       0
       2
       0
       2
       2
       1
       1
       0
       0
       0
       0
       0
       0
       0
       2
       1
       1
       2
       2
       0
       0
       0
       1
       0
       0
       4
       1
       0
       3
       2
       0
       2
       0
       1
       3
       1
       2
       0
       2
       0
       0
       0
       1
       4
       1
       2
       0
       1
       1
       0
       1
       1
       0
       1
       1
       0
       0
       0
       0
       3
       2
       0
       0
       1
       2
       2
       0
       2
       4
       1
       3
       0
       0
       2
       1
       2
       0
       2
       1
       2
       2
       2
       0
       2
       1
       0
       1
       0
       1
       0
       1
       0
       0
       5
       0
       4
       0
       1
       0
       2
       0
       1
       2
       1
       1
       1
       1
       0
       1
       2
       0
       0
       0
       0
       0
       1
       3
       0
       1
       1
       0
       3
       2
       3
       1
       2
       3
       2
       4
       5
       6
       3
       3
       4
       2
       5
       2
       2
       1
       1
       1
       0
       1
       1
       0
       0
       0
       0
       1
       2
       2
       0
       0
       1
       1
       1
       0
       0
       0
       2
       4
       1
       0
       0
       1
       1
       2
       2
       1
       1
       2
       1
       0
       0
       0
       1
       2
       1
       1
       0
       0
       3
       0
       2
       0
       0
       0
       3
       2
       2
       0
       0
       1
       3
       3
       5
       6
       6
       8
       3
       1
       1
       5
       4
       5
       2
       1
       1
       1
       1
       3
       2
       1
       0
       0
       2
       1
       1
       0
       0
       1
       0
       0
       0
       0
       0
       2
       2
       1
       1
       0
       1
       0
       0
       1
       2
       0
       1
       1
       0
       2
       0
       0
       0
       1
       0
       0
       1
       0
       0
       0
       2
       0
       1
       2
       2
       0
       1
       1
       2
       0
       2
       2
       0
       0
       0
       0
       1
       1
       2
       0
       1
       1
       1
       0
       0
       1
       0
       2
       2
       2
       0
       0
       0
       0
       1
       0
       1
       1
       0
       1
       1
       0
       1
       0
       1
       1
       0
       1
       1
       1
       1
       0
       2
       1
       0
       2
       3
       0
       1
       0
       0
       0
       1
       0
       2
       0
       1
       0
       0
       0
       0
       1
       0
       2
       1
       0
       0
       1
       1
       1
       1
       1
       2
       1
       1
       1
       0
       3
       4
       0
       2
       0
       0
       0
       0
       0
       1
       0
       0
       2
       3
       0
       1
       3
       1
       0
       1
       1
       1
       0
       1
       0
       0
       2
       1
       4
       3
       5
       1
       3
       0
       2
       2
       1
       0
       3
       3
       3
       2
       1
       0
       4
       5
       3
       7
       2
       2
       2
       2
       2
       1
       1
       2
       2
       0
       0
       0
       0
       0
       1
       1
       1
       0
       1
       0
       1
       1
       1
       1
       3
       1
       1
       1
       1
       3
       0
       0
       0
       0
       1
       2
       0
       2
       2
       2
       0
       0
       3
       4
       0
       2
       1
       0
       1
       1
       0
       0
       1
       1
       1
       1
       2
       4
       2
       4
       2
       1
       2
       0
       2
       1
       3
       1
       0
       0
       3
       0
       3
       0
       0
       0
       2
       1
       1
       0
       1
       1
       2
       0
       2
       1
       2
       0
       1
       2
       0
       0
       2
       0
       2
       0
       1
       1
       0
       1
       1
       0
       0
       1
       1
       1
       1
       0
       1
       0
       4
       1
       0
       1
       1
       1
       0
       2
       1
       0
       0
       1
       0
       1
       0
       1
       2
       1
       1
       1
       2
       1
       0
       0
       3
       1
       0
       2
       0
       0
       2
       1
       2
       1
       1
       1
       1
       1
       3
       0
       0
       2
       0
       2
       1
       2
       0
       3
       1
       1
       1
       0
       0
       0
       0
       1
       1
       2
       0
       1
       0
       0
       0
       0
       1
       2
       1
       0
       1
       0
       0
       1
       1
       0
       0
       2
       1
       0
       1
       1
       0
       1
       0
       1
       0
       1
       1
       2
       2
       1
       0
       0
       1
       1
       1
       2
       2
       0
       0
       1
       0
       0
       3
       2
       1
       2
       1
       6
       0
       0
       2
       0
       0
       3
       2
       2
       0
       1
       0
       0
       2
       1
       2
       1
       1
       1
       1
       0
       0
       0
       0
       1
       0
       2
       1
       2
       3
       0
       0
       0
       0
       0
       1
       0
       2
       0
       1
       1
       0
       0
       1
       1
       0
       0
       1
       0
       0
       1
       1
       0
       3
       0
       0
       2
       0
       1
       1
       1
       1
       0
       0
       0
       1
       2
       0
       2
       0
       2
       2
       0
       0
       1
       0
       2
       1
       1
       2
       1
       0
       0
       1
       0
       1
       0
       0
       1
       0
       1
       0
       1
       1
       1
       1
       1
       1
       1
       0
       0
       0
       0
       0
       1
       1
       0
       1
       0
       0
       1
       0
       1
       2
       1
       2
       1
       0
       0
       1
       1
       0
       0
       1
       0
       1
       1
       4
       1
       1
       1
       1
       2
       3
       0
       2
       1
       0
       0
       1
       0
       0
       1
       1
       1
       1
       0
       0
       1
       2
       1
       0
       0
       1
       0
       1
       1
       2
       0
       2
       0
       1
       1
       0
       1
       0
       0
       1
       0
       1
       1
       0
       0
       1
       2
       2
       0
       1
       2
       0
       0
       0
       1
       0
       2
       0
       0
       1
       0
       1
       0
       1
       0
       0
       0
       0
       1
       4
       1
       0
       1
       1
       2
       2
       1
       0
       1
       1
       0
       0
       1
       1
       0
       0
       0
       1
       1
       0
       1
       0
       1
       0
       0
       0
       1
       2
       0
       0
       0
       0
       0
       2
       0
       0
       1
       0
       1
       1
       1
       0
       0
       0
       2
       0
       1
       1
       0
       0
       0
       0
       0
       2
       1
       1
       1
       2
       0
       0
       0
       0
       1
       0
       0
       2
       0
       0
       1
       1
       0
       0
       1
       0
       1
       1
       0
       2
       0
       1
       0
       2
       3
       0
       4
       1
       0
       0
       0
       0
       1
       0
       1
       3
       0
       1
       1
       1
       1
       1
       0
       1
       1
       1
       0
       0
       0
       0
       1
       0
       0
       2
       0
       0
       1
       1
       1
       0
       0
       0
       1
       1
       1
       1
       0
       1
       0
       0
       0
       1
       1
       1
       0
       0
       0
       1
       1
       0
       0
       1
       0
       0
       0
       1
       0
       0
       0
       1
       1
       0
       2
       0
       0
       1
       1
       0
       0
       2
       0
       2
       0
       0
       1
       1
       3
       3
       1
       1
       0
       2
       0
       2
       1
       1
       1
       4
       3
       6
       2
       1
       0
       4
       6
       3
       2
       1
       3
       3
       1
       1
       2
       1
       0
       0
       1
       1
       3
       1
       0
       0
       0
       1
       1
       0
       0
       0
       0
       0
       0
       0
       0
       3
       1
       0
       0
       2
       1
       1
       0
       0
       0
       0
       0
       0
       1
       1
       0
       0
       1
       0
       0
       1
       1
       0
       0
       0
       0
       1
       0
       1
       0
       1
       1
       0
       0
       0
       0
       1
       0
       0
       0
       0
       0
       1
       0
       0
       0
       0
       0
       0
       1
       1
       1
       1
       1
       0
       0
       0
       2
       2
       1
       2
       0
       1
       0
       0
       1
       2
       1
       0
       0
       1
       0
       1
       1
       0
       0
       1
       1
       0
       2
       1
       1
       1
       0
       1
       0
       2
       1
       0
       0
       1
       0
       0
       2
       0
       0
       1
       1
       0
       0
       0
       1
       1
       0
       2
       0
       2
       0
       1
       2
       0
       1
       0
       1
       0
       0
       0
       0
       0
       1
       1
       0
       0
       2
       1
       1
       0
       0
       1
       1
       0
       0
       0
       0
       2
       1
       0
       0
       0
       1
       0
       0
       1
       0
       0
       0
       1
       0
       0
       0
       1
       0
       0
       0
       1
       0
       0
       0
       2
       1
       0
       1
       1
       0
       0
       0
       1
       1
       0
       0
       1
       1
       0
       0
       2
       1
       1
       0
       1
       1
       0
       0
       0
       0
       1
       1
       1
       0
       0
       0
       2
       1
       1
       1
       3
       3
       2
       0
       6
       6
       0
       4
       4
       6
       6
       7
       5
       6
       4
       5
       5
       6
       6
       1
       6
       2
       1
       2
       2
       2
       2
       3
       0
       0
       0
       3
       0
       1
       0
       1
       0
       0
       0
       0
       1
       2
       1
       1
       0
       0
       0
       1
       0
       0
       0
       1
       0
       0
       0
       1
       0
       0
       3
       1
       0
       0
       0
       1
       2
       0
       0
       1
       1
       1
       0
       1
       0
       1
       1
       1
       0
       1
       0
       0
       2
       3
       0
       0
       1
       0
       0
       1
       0
       0
       1
       0
       3
       0
       1
       1
       1
       1
       0
       0
       0
       2
       1
       0
       1
       1
       0
       0
       0
       0
       0
       1
       0
       0
       0
       0
       0
       1
       1
       1
       1
       2
       1
       0
       3
       0
       0
       0
       1
       1
       0
       1
       0
       1
       0
       0
       0
       0
       2
       0
       1
       0
       0
       0
       0
       0
       1
       0
       1
       0
       0
       1
       1
       0
       2
       0
       0
       1
       0
       1
       0
       0
       0
       3
       0
       0
       0
       0
       2
       1
       0
       0
       0
       1
       0
       0
       0
       0
       0
       1
       1
       1
       0
       2
       0
       1
       2
       2
       0
       0
       0
       0
       0
       0
       0
       2
       0
       0
       1
       1
       1
       0
       1
       0
       1
       0
       0
       1
       2
       0
       0
       0
       1
       1
       0
       0
       0
       0
       0
       0
       0
       1
       0
       2
       1
       0
       2
       1
       0
       3
       0
       0
       0
       1
       0
       2
       1
       0
       0
       0
       0
       0
       0
       1
       1
       0
       3
       0
       2
       1
       0
       0
       1
       0
       1
       0
       0
       0
       0
       1
       0
       1
       2
       0
       1
       0
       0
       1
       0
       0
       0
       0
       0
       0
       0
       0
       0
       0
       1
       0
       0
       0
       0
       1
       0
       1
       2
       0
       1
       0
       0
       0
       1
       0
       0
       0
       1
       0
       0
       0
       0
       1
       0
       1
       0
       0
       0
       0
       0
       0
       1
       0
       0
       0
       0
       0
       0
       0
       0
       0
       0
       0
       0
       0
       0
       0
       0
       1
       0
       1
       0
       0
       0
       0
       1
       1
       2
       0
       0
       0
       0
       1
       0
       1
       1
       0
       0
       0
       0
       1
       1
       1
       0
       0
       1
       0
       0
       0
       1
       3
       0
       0
       0
       0
       0
       1
       0
       0
       0
       1
       0
       0
       0
       0
       0
       0
       0
       1
       0
       0
       1
       1
       0
       0
       1
       0
       0
       0
       0
       2
       0
       0
       0
       0
       0
       1
       0
       1
       0
       0
       0
       0
       0
       0
       0
       0
       1
       0
       0
       0
       2
       0
       1
       1
       0
       0
       0
       1
       1
       1
       0
       0
       0
       0
       0
       0
       1
       1
       0
       0
       0
       2
       0
       0
       0
       0
       0
       0
       0
       0
       0
       1
       0
       0
       0
       0
       1
       2
       0
       0
       2
       0
       0
       0
       0
       1
       1
       0
       1
       0
       0
       2
       1
       0
       0
       0
       3
       0
       0
       0
       0
       1
       0
       0
       2
       1
       0
       1
       2
       1
       0
       1
       2
       2
       3
       1
       0
       0
       1
       0
       0
       0
       0
       0
       1
       0
       1
       0
       0
       1
       0
       0
       1
       1
       0
       0
       0
       1
       1
       1
       1
       1
       0
       0
       0
       0
       0
       1
       0
       0
       1
       0
       1
       1
       0
       0
       0
       0
       2
       0
       0
       1
       0
       0
       1
       0
       0
       1
       1
       0
       1
       0
       1
       0
       1
       0
       1
       0
       0
       1
       0
       0
       1
       2
       0
       0
       0
       0
       0
       0
       1
       1
       1
       0
       0
       0
       1
       0
       0
       1
       2
       1
       0
       2
       0
       0
       1
       0
       1
       1
       0
       1
       0
       0
       0
       1
       0
       0
       0
       0
       0
       0
       0
       0
       1
       0
       0
       0
       0
       1
       0
       0
       2
       0
       0
       1
       1
       5
       0
       2
       0
       1
       2
       2
       1
       1
       1
       1
       0
       4
       0
       1
       4
       0
       0
       1
       0
       2
       0
       2
       1
       0
       0
       0
       1
       1
       1
       1
       0
       0
       0
       1
       1
       1
       3
       0
       0
       0
       0
       2
       0
       0
       0
       1
       1
       2
       0
       1
       2
       2
       4
       6
       2
       3
       3
       1
       4
       2
       4
       3
       3
       2
       2
       1
       1
       0
       1
       2
       0
       0
       2
       0
       0
       0
       0
       0
       0
       0
       1
       1
       0
       1
       0
       0
       0
       0
       1
       0
       1
       0
       0
       0
       0
       0
       1
       0
       0
       0
       0
       1
       0
       0
       0
       0
       0
       0
       2
       0
       0
       0
       0
       2
       0
       0
       1
       1
       0
       1
       1
       0
       0
       0
       0
       0
       0
       1
       0
       0
       0
       0
       0
       0
       1
       0
       1
       0
       1
       0
       0
       0
       0
       0
       0
       0
       0
       0
       0
       0
       1
       1
       0
       1
       1
       0
       0
       1
       0
       0
       0
       0
       0
       0
       0
       0
       0
       0
       0
       0
       0
       0
       0
       0
       2
       0
       3
       1
       1
       1
       1
       1
       1
       1
       1
       2
       2
       0
       0
       0
       1
       2
       0
       1
       1
       0
       0
       2
       0
       2
       0
       1
       0
       1
       0
       0
       0
       1
       0
       1
       0
       2
       0
       1
       0
       0
       1
       1
       0
       0
       0
       1
       0
       2
       0
       0
       1
       0
       0
       0
       1
       1
       0
       0
       0
       0
       2
       1
       0
       1
       0
       0
       0
       0
       0
       1
       0
       0
       0
       1
       0
       0
       1
       0
       0
       0
       1
       0
       0
       0
       0
       2
       0
       0
       0
       1
       0
       0
       0
       0
       2
       0
       0
       2
       1
       0
       1
       0
       1
       1
       0
       0
       0
       0
       0
       0
       0
       1
       0
       0
       1
       1
       0
       0
       1
       0
       0
       0
       1
       0
       0
       0
       1
       1
       0
       0
       0
       0
       0
       0
       0
       1
       0
       1
       0
       0
       1
       0
       0
       0
       0
       1
       0
       1
       1
       0
       1
       0
       1
       0
       0
       0
       0
       0
       0
       1
       1
       0
       0
       0
       0
       1
       0
       0
       1
       1
       1
       0
       0
       0
       0
       0
       0
       0
       0
       1
       0
       0
       0
       0
       0
       2
       0
       0
       0
       0
       0
       1
       0
       0
       0
       0
       0
       0
       0
       1
       0
       0
       2
       0
       0
       0
       0
       0
       0
       1
       0
       1
       0
       1
       0
       0
       0
       0
       0
       0
       0
       0
       0
       0
       5
       0
       0
       0
       0
       0
       0
       0
       0
       0
       0
       0
       0
       0
       1
       1
       0
       0
       1
       0
       0
       0
       2
       0
       0
       0
       0
       0
       0
       0
       0
       0
       1
       0
       0
       0
       0
       0
       1
       0
       0
       0
       0
       1
       0
       0
       0
       0
       0
       0
       0
       0
       0
       0
       0
       0
       0
       0
       1
       1
       2
       0
       0
       0
       0
       1
       0
       0
       0
       0
       2
       0
       2
       0
       0
       1
       0
       0
       0
       1
       1
       1
       0
       0
       1
       1
       0
       0
       1
       0
       1
       0
       0
       1
       2
       1
       0
       2
       0
       1
       0
       1
       0
       0
       2
       2
       0
       0
       0
       0
       0
       0
       1
       1
       0
       0
       0
       0
       1
       0
       0
       0
       0
       0
       0
       0
       1
       1
       0
       1
       0
       0
       1
       2
       0
       1
       0
       1
       0
       0
       0
       1
       1
       2
       0
       0
       1
       0
       2
       1
       1
       0
       1
       1
       0
       0
       1
       1
       0
       0
       0
       0
       0
       0
       0
       0
       1
       0
       0
       1
       0
       0
       0
       0
       0
       1
       1
       1
       0
       0
       0
       0
       0
       1
       0
       0
       0
       1
       0
       1
       1
       0
       1
       0
       2
       1
       0
       0
       0
       0
       0
       0
       1
       1
       0
       0
       0
       0
       0
       0
       0
       0
       0
       0
       0
       1
       0
       0
       0
       1
       0
       1
       0
       1
       0
       0
       1
       0
       0
       0
       0
       0
       0
       0
       0
       0
       0
       0
       1
       0
       1
       0
       1
       0
       0
       0
       0
       0
       0
       1
       0
       0
       1
       0
       1
       0
       0
       0
       0
       0
       2
       0
       0
       2
       0
       1
       0
       1
       1
       0
       0
       1
       1
       0
       0
       1
       1
       1
       0
       1
       0
       0
       0
       0
       0
       0
       2
       0
       1
       0
       0
       1
       1
       1
       0
       0
       2
       0
       0
       1
       0
       2
       0
       0
       2
       1
       2
       2
       0
       0
       1
       1
       0
       1
       0
       0
       0
       1
       0
       0
       0
       0
       1
       0
       1
       0
       1
       0
       0
       0
       0
       0
       0
       1
       0
       0
       0
       0
       0
       1
       0
       0
       1
       1
       0
       0
       0
       0
       0
       1
       0
       0
       1
       0
       0
       0
       2
       0
       0
       0
       0
       0
       0
       1
       0
       0
       1
       0
       1
       1
       0
       0
       0
       0
       2
       0
       0
       2
       0
       0
       0
       0
       0
       0
       0
       1
       1
       0
       0
       1
       0
       0
       0
       1
       0
       1
       0
       2
       1
       2
       1
       2
       0
       1
       0
       0
       0
       0
       0
       0
       0
       0
       0
       0
       0
       0
       1
       1
       0
       0
       0
       1
       0
       1
       0
       0
       0
       0
       1
       0
       1
       0
       1
       0
       0
       0
       1
       0
       1
       0
       1
       2
       0
       2
       0
       1
       1
       1
       1
       0
       0
       0
       0
       0
       0
       1
       0
       0
       0
       0
       0
       0
       1
       0
       1
       0
       0
       0
       0
       0
       0
       0
       0
       1
       0
       0
       0
       0
       0
       2
       2
       0
       0
       0
       0
       0
       0
       0
       0
       0
       0
       0
       0
       0
       0
       1
       1
       0
       0
       0
       0
       0
       0
       0
       0
       0
       1
       0
       0
       0
       0
       0
       2
       0
       0
       0
       0
       0
       0
       1
       0
       0
       1
       0
       0
       0
       1
       0
       1
       0
       1
       1
       0
       0
       1
       1
       0
       0
       0
       0
       0
       0
       1
       1
       0
       0
       1
       0
       0
       0
       0
       0
       1
       1
       0
       0
       0
       1
       0
       0
       1
       0
       0
       1
       0
       0
       0
       0
       1
       1
       1
       0
       1
       0
       0
       0
       0
       1
       0
       0
       1
       0
       0
       2
       0
       0
       0
       0
       0
       0
       0
       0
       0
       0
       0
       0
       1
       1
       1
       0
       0
       1
       0
       0
       0
       0
       0
       0
       0
       0
       1
       0
       0
       1
       0
       0
       0
       0
       0
       0
       0
       0
       1
       0
       1
       0
       0
       1
       1
       0
       1
       0
       1
       0
       1
       0
       0
       1
       0
       1
       0
       0
       1
       0
       1
       1
       1
       0
       1
       1
       0
       0
       1
       1
       0
       2
       2
       1
       0
       2
       0
       0
       0
       0
       0
       1
       0
       1
       1
       0
       0
       1
       0
       0
       0
       0
       1
       1
       0
       2
       0
       1
       2
       0
       0
       0
       0
       0
       0
       0
       0
       0
       0
       0
       1
       0
       0
       0
       1
       0
       0
       2
       0
       0
       0
       0
       1
       0
       0
       0
       0
       0
       0
       0
       0
       0
       0
       0
       0
       0
       0
       0
       0
       2
       0
       0
       0
       0
       0
       0
       1
       0
       0
       0
       0
       0
       0
       0
       1
       0
       0
       1
       0
       1
       0
       0
       0
       0
       0
       0
       0
       0
       0
       0
       0
       0
       0
       1
       0
       0
       0
       0
       0
       0
       0
       0
       0
       0
       0
       0
       1
       1
       1
       1
       0
       0
       0
       0
       0
       0
       0
       1
       0
       0
       0
       1
       0
       1
       0
       0
       0
       1
       0
       0
       0
       0
       0
       0
       0
       0
       0
       0
       0
       0
       0
       0
       0
       0
       0
       0
       0
       0
       0
       1
       0
       0
       0
       0
       0
       1
       0
       0
       1
       1
       0
       0
       1
       0
       0
       0
       0
       1
       0
       0
       0
       0
       0
       0
       0
       1
       0
       0
       0
       0
       0
       0
       0
       0
       0
       0
       0
       0
       1
       0
       1
       0
       0
       0
       0
       0
       0
       0
       0
       0
       0
       0
       1
       0
       0
       1
       0
       0
       0
       0
       0
       0
       0
       0
       0
       0
       0
       0
       0
       0
       0
       0
       0
       0
       0
       0
       1
       0
       1
       0
       1
       0
       2
       0
       0
       0
       0
       1
       0
       0
       0
       0
       0
       0
       0
       0
       0
       0
       1
       0
       0
       0
       0
       2
       0
       0
       0
       0
       1
       0
       0
       0
       0
       0
       0
       0
       1
       0
       0
       1
       0
       0
       0
       0
       1
       0
       0
       0
       1
       0
       0
       0
       0
       0
       0
       1
       0
       1
       0
       0
       0
       0
       0
       0
       0
       0
       0
       0
       1
       0
       0
       0
       0
       0
       0
       0
       0
       0
       1
       0
       0
       1
       0
       0
       0
       0
       0
       0
       0
       0
       0
       1
       0
       0
       0
       1
       0
       0
       0
       1
       0
       0
       0
       0
       0
       0
       0
       0
       0
       1
       0
       0
       0
       0
       0
       0
       0
       0
       0
       1
       0
       0
       0
       0
       1
       1
       1
       2
       0
       0
       0
       1
       0
       0
       2
       0
       0
       0
       1
       0
       2
       1
       0
       4
       0
       1
       2
       0
       1
       3
       0
       4
       2
       1
       2
       2
       0
       4
       4
       2
       4
       3
       7
       6
       2
       4
       1
       2
       1
       0
       0
       0
       1
       1
       1
       0
       0
       0
       0
       0
       0
       0
       0
       0
       0
       0
       0
       0
       0
       0
       0
       2
       0
       0
       1
       0
       0
       0
       1
       0
       0
       1
       0
       0
       1
       1
       0
       1
       0
       0
       0
       1
       0
       0
       0
       0
       0
       1
       0
       0
       0
       0
       0
       0
       0
       0
       0
       0
       0
       0
       1
       2
       2
       0
       1
       0
       2
       0
       0
       0
       0
       1
       2
       0
       0
       0
       0
       0
       0
       0
       0
       0
       0
       0
       0
       0
       0
       1
       0
       0
       0
       0
       0
       1
       0
       0
       0
       0
       0
       1
       0
       0
       0
       0
       0
       0
       0
       0
       0
       0
       1
       0
       0
       0
       1
       1
       0
       0
       1
       1
       0
       0
       0
       0
       0
       0
       0
       0
       0
       0
       1
       1
       0
       0
       0
       0
       0
       0
       1
       1
       0
       1
       0
       0
       1
       0
       0
       0
       1
       0
       0
       0
       1
       0
       0
       0
       0
       0
       0
       0
       0
       0
       0
       0
       0
       1
       0
       0
       2
       0
       0
       0
       1
       0
       0
       0
       0
       0
       0
       0
       0
       1
       0
       0
       0
       0
       0
       1
       0
       1
       1
       0
       0
       0
       0
       0
       0
       0
       0
       0
       0
       0
       0
       0
       0
       0
       0
       0
       0
       2
       0
       0
       1
       0
       0
       0
       2
       0
       0
       0
       0
       1
       0
       0
       0
       0
       0
       0
       0
       0
       0
       0
       0
       0
       0
       0
       0
       0
       0
       0
       0
       0
       0
       1
       0
       0
       0
       0
       0
       0
       0
       1
       0
       0
       1
       0
       0
       0
       0
       0
       0
       0
       1
       0
       0
       0
       0
       0
       0
       0
       0
       0
       0
       0
       0
       0
       0
       0
       0
       1
       1
       0
       2
       1
       1
       0
       1
       1
       0
       0
       0
       1
       0
       0
       0
       0
       0
       0
       0
       1
       0
       0
       0
       0
       1
       0
       0
       0
       0
       1
       0
       0
       1
       0
       0
       0
       0
       0
       0
       0
       0
       0
       0
       0
       0
       0
       1
       0
       0
       0
       0
       0
       0
       1
       0
       0
       0
       2
       0
       1
       1
       1
       0
       1
       1
       0
       0
       0
       0
       2
       0
       1
       0
       0
       1
       1
       0
       0
       0
       1
       1
       0
       0
       0
       0
       0
       0
       1
       1
       0
       0
       0
       0
       0
       0
       0
       0
       0
       1
       1
       1
       0
       0
       0
       0
       0
       0
       0
       0
       0
       0
       1
       0
       1
       0
       1
       1
       0
       0
       1
       0
       0
       0
       0
       1
       0
       0
       1
       0
       1
       0
       0
       0
       0
       1
       0
       1
       0
       1
       0
       0
       0
       0
       0
       0
       0
       1
       0
       0
       0
       0
       0
       0
       1
       0
       0
       1
       0
       0
       0
       0
       1
       0
       0
       0
       0
       0
       1
       1
       0
       0
       0
       1
       0
       0
       1
       0
       0
       1
       0
       0
       0
       0
       1
       0
       0
       0
       0
       0
       0
       0
       1
       0
       0
       0
       1
       0
       0
       0
       0
       1
       0
       1
       1
       0
       0
       0
       0
       0
       0
       0
       0
       0
       0
       0
       0
       0
       1
       0
       0
       0
       0
       0
       0
       0
       0
       0
       0
       0
       0
       0
       0
       1
       0
       0
       1
       0
       0
       0
       0
       0
       0
       0
       0
       0
       0
       0
       0
       0
       0
       0
       0
       0
       1
       0
       3
       0
       0
       0
       0
       0
       0
       0
       1
       0
       0
       0
       1
       1
       0
       0
       0
       0
       0
       0
       0
       0
       0
       0
       0
       0
       0
       0
       0
       0
       1
       1
       0
       0
       0
       0
       1
       0
       1
       0
       0
       0
       0
       0
       0
       2
       0
       0
       1
       0
       0
       0
       0
       0
       0
       0
       0
       0
       0
       1
       0
       0
       1
       0
       2
       0
       0
       0
       0
       0
       0
       1
       1
       0
       0
       2
       0
       0
       0
       0
       0
       0
       1
       0
       0
       1
       1
       0
       1
       0
       1
       0
       0
       0
       0
       0
       0
       1
       1
       0
       0
       0
       1
       1
       0
       0
       1
       0
       0
       0
       1
       0
       0
       0
       0
       1
       0
       1
       0
       0
       0
       0
       0
       1
       0
       0
       0
       0
       0
       0
       0
       0
       1
       0
       1
       0
       0
       1
       0
       0
       0
       2
       0
       0
       0
       0
       1
       0
       0
       1
       0
       0
       0
       1
       0
       2
       0
       0
       0
       1
       0
       0
       0
       0
       0
       0
       1
       0
       1
       0
       0
       0
       0
       0
       0
       0
       0
       0
       0
       1
       0
       0
       2
       0
       0
       0
       1
       0
       1
       0
       0
       0
       0
       0
       0
       1
       1
       0
       0
       1
       0
       0
       0
       0
       0
       0
       0
       0
       0
       1
       0
       0
       0
       0
       0
       1
       0
       0
       0
       0
       0
       0
       0
       0
       1
       0
       0
       0
       0
       0
       1
       0
       1
       1
       0
       0
       0
       0
       0
       0
       0
       0
       0
       0
       1
       0
       0
       0
       1
       0
       0
       1
       0
       0
       0
       0
       0
       0
       0
       0
       0
       0
       0
       0
       1
       0
       0
       0
       0
       0
       2
       1
       0
       1
       1
       1
       0
       0
       0
       1
       0
       0
       1
       0
       0
       1
       0
       1
       0
       0
       0
       0
       1
       0
       0
       1
       2
       0
       0
       0
       0
       0
       0
       0
       0
       0
       0
       0
       0
       0
       0
       1
       0
       1
       0
       0
       0
       0
       1
       0
       0
       0
       0
       0
       0
       0
       0
       1
       0
       0
       0
       0
       0
       0
       0
       0
       0
       0
       0
       0
       0
       0
       0
       0
       0
       0
       1
       0
       0
       0
       0
       1
       0
       0
       1
       0
       0
       0
       0
       1
       0
       0
       0
       1
       0
       0
       1
       0
       0
       0
       0
       1
       0
       0
       0
       0
       0
       0
       0
       0
       0
       0
       0
       0
       0
       0
       0
       1
       0
       0
       0
       0
       0
       0
       0
       0
       0
       0
       1
       0
       1
       0
       1
       0
       0
       0
       0
       0
       0
       0
       0
       0
       0
       0
       1
       0
       0
       0
       1
       0
       0
       0
       0
       0
       0
       0
       0
       1
       1
       0
       0
       0
       0
       0
       1
       0
       0
       0
       0
       0
       0
       0
       0
       0
       0
       0
       1
       2
       1
       0
       0
       1
       0
       1
       0
       0
       0
       0
       0
       2
       0
       0
       1
       0
       0
       0
       0
       0
       0
       0
       1
       1
       0
       0
       0
       0
       0
       0
       1
       0
       0
       0
       0
       2
       0
       1
       0
       0
       0
       0
       0
       0
       0
       1
       0
       0
       0
       0
       0
       0
       0
       0
       0
       0
       0
       0
       0
       1
       0
       1
       0
       0
       0
       0
       0
       0
       0
       1
       0
       0
       0
       0
       0
       1
       1
       1
       0
       1
       0
       0
       0
       1
       0
       0
       0
       0
       0
       0
       0
       0
       0
       1
       0
       0
       0
       0
       0
       0
       0
       0
       1
       0
       0
       0
       0
       0
       0
       0
       0
       1
       1
       0
       1
       0
       0
       1
       0
       0
       0
       0
       0
       1
       0
       0
       0
       0
       0
       0
       0
       0
       0
       0
       0
       0
       0
       0
       1
       0
       1
       0
       0
       0
       0
       0
       0
       0
       0
       0
       0
       0
       0
       0
       1
       0
       1
       0
       0
       1
       1
       0
       0
       1
       0
       0
       0
       0
       0
       0
       0
       0
       0
       0
       0
       0
       0
       0
       0
       0
       0
       1
       0
       1
       0
       0
       0
       1
       0
       0
       0
       0
       0
       0
       0
       0
       0
       0
       0
       0
       0
       0
       0
       0
       0
       0
       0
       0
       0
       0
       0
       0
       0
       0
       1
       0
       0
       0
       0
       0
       0
       2
       0
       0
       2
       0
       0
       0
       0
       1
       0
       0
       1
       0
       0
       0
       0
       0
       0
       0
       0
       1
       0
       1
       0
       0
       0
       1
       0
       0
       0
       0
       0
       0
       0
       0
       0
       0
       0
       0
       0
       0
       0
       0
       0
       0
       0
       0
       0
       0
       0
       0
       1
       0
       0
       0
       0
       0
       1
       0
       0
       0
       0
       1
       0
       0
       0
       0
       0
       0
       0
       1
       0
       0
       0
       0
       1
       0
       0
       0
       0
       0
       0
       0
       0
       0
       0
       0
       0
       0
       0
       0
       0
       0
       0
       0
       0
       0
       0
       0
       1
       0
       0
       0
       0
       0
       0
       0
       0
       0
       0
       0
       0
       0
       0
       0
       1
       0
       1
       0
       0
       1
       0
       0
       0
       1
       0
       1
       0
       0
       1
       0
       0
       0
       0
       0
       0
       1
       0
       0
       2
       0
       1
       0
       0
       0
       0
       0
       0
       0
       0
       0
       0
       0
       0
       0
       1
       0
       0
       0
       0
       0
       0
       0
       0
       1
       0
       1
       0
       0
       2
       0
       0
       0
       0
       0
       0
       0
       0
       0
       0
       0
       0
       0
       0
       0
       0
       0
       0
       0
       0
       0
       0
       0
       0
       0
       0
       0
       0
       0
       0
       0
       1
       0
       0
       0
       0
       0
       0
       0
       0
       0
       0
       0
       0
       0
       0
       0
       0
       0
       1
       0
       1
       0
       0
       0
       0
       1
       0
       0
       0
       0
       0
       0
       1
       0
       0
       0
       0
       0
       0
       0
       0
       1
       0
       0
       0
       0
       0
       0
       0
       2
       0
       0
       0
       0
       0
       0
       0
       1
       0
       0
       0
       1
       1
       0
       0
       0
       0
       0
       0
       0
       0
       0
       0
       2
       0
       2
       0
       0
       0
       0
       2
       0
       0
       1
       1
       0
       1
       0
       0
       0
       1
       0
       0
       0
       0
       0
       0
       0
       0
       0
       0
       0
       1
       0
       0
       0
       0
       0
       0
       0
       1
       0
       0
       0
       0
       0
       0
       0
       1
       0
       0
       0
       0
       0
       1
       0
       0
       0
       0
       0
       0
       1
       0
       0
       0
       0
       0
       0
       1
       0
       0
       0
       1
       0
       0
       0
       1
       1
       0
       0
       0
       0
       0
       0
       0
       0
       0
       0
       0
       0
       0
       0
       0
       0
       0
       0
       0
       0
       0
       0
       0
       0
       0
       0
       0
       0
       0
       0
       0
       0
       0
       0
       0
       0
       0
       0
       0
       0
       0
       0
       0
       0
       0
       0
       0
       0
       0
       0
       0
       0
       0
       0
       0
       0
       0
       0
       0
       0
       0
       0
       0
       0
       0
       0
       0
       0
       0
       0
       0
       0
       0
       0
       0
       0
       0
       0
       0
       0
       0
       0
       0
       0
       0
       0
       0
       0
       0
       0
       0
       0
       0
       0
       0
       0
       0
       0
       0
       0
       0
       0
       0
       0
       0
       0
       0
       0
       0
       0
       0
       0
       0
       0
       0
       0
       0
       0
       0
       0
       0
       0
       0
       0
       0
       0
       0
       0
       0
       0
       0
       0
       0
       0
       0
       0
       0
       0
       0
       0
       0
       0
       0
       0
       0
       0
       0
       0
       0
       0
       0
       0
       0
       0
       0
       0
       0
       0
       0
       0
       0
       0
       0
       0
       0
       0
       0
       0
       0
       0
       0
       0
       0
       0
       0
       0
       0
       0
       0
       0
       0
       0
       0
       0
       0
       0
$ROI:
1
1614 1666
$PRESETS:
None
0
0
$ENER_FIT:
-0.386080 0.402774
$MCA_CAL:
3
-3.860803E-001 4.027739E-001 7.699821E-008 keV
$SHAPE_CAL:
3
3.269166E+000 1.658270E-003 2.905431E-007
