# Reaction    (x,n)        (x,p)        (x,A)        (x,d)        (x,t)        (x,h)        (x,2n)       (x,np)       (x,nA)       (x,nd)       (x,nt)       (x,nh)       (x,2p)       (x,pA)       (x,pd)       (x,2A)       (x,Ad)       (x,3n)       (x,2np)      (x,2nA)      (x,npA)      (x,n2p)      (x,4n)       (x,5n)                   
 1.000000e+00 1.331266e-09 2.552168e-15 1.710474e-14 2.148950e-28 0.000000e+00 0.000000e+00 0.000000e+00 0.000000e+00 0.000000e+00 0.000000e+00 0.000000e+00 0.000000e+00 0.000000e+00 0.000000e+00 0.000000e+00 0.000000e+00 0.000000e+00 0.000000e+00 0.000000e+00 0.000000e+00 0.000000e+00 0.000000e+00 0.000000e+00 0.000000e+00
 3.500000e+00 6.098228e+00 1.568513e-02 1.426059e-02 2.970274e-07 0.000000e+00 0.000000e+00 3.941750e-01 2.342492e-09 7.001288e-09 0.000000e+00 0.000000e+00 0.000000e+00 0.000000e+00 0.000000e+00 0.000000e+00 0.000000e+00 0.000000e+00 0.000000e+00 0.000000e+00 0.000000e+00 0.000000e+00 0.000000e+00 0.000000e+00 0.000000e+00
 6.000000e+00 9.958882e+01 4.835534e+00 4.269034e-01 2.243907e-04 0.000000e+00 0.000000e+00 3.018183e+02 1.410710e-02 1.409443e-04 0.000000e+00 0.000000e+00 0.000000e+00 0.000000e+00 4.869885e-26 0.000000e+00 5.122690e-22 0.000000e+00 0.000000e+00 0.000000e+00 0.000000e+00 0.000000e+00 0.000000e+00 0.000000e+00 0.000000e+00
 8.500000e+00 1.554349e+02 3.955749e+01 1.949961e+00 3.685791e-02 0.000000e+00 0.000000e+00 8.511143e+02 2.094580e+00 4.776676e-02 0.000000e+00 0.000000e+00 0.000000e+00 0.000000e+00 4.223655e-15 0.000000e+00 2.326384e-15 0.000000e+00 0.000000e+00 0.000000e+00 0.000000e+00 0.000000e+00 0.000000e+00 0.000000e+00 0.000000e+00
 1.100000e+01 1.838898e+02 8.702318e+01 3.391096e+00 1.119739e+00 0.000000e+00 0.000000e+00 1.104138e+03 1.819552e+01 8.180709e-01 2.497537e-04 0.000000e+00 0.000000e+00 3.955235e-21 2.476931e-10 0.000000e+00 2.061982e-11 4.159102e-18 4.788630e+01 1.589359e-16 1.460101e-08 4.649597e-31 0.000000e+00 0.000000e+00 0.000000e+00
 1.350000e+01 1.978561e+02 1.290246e+02 3.835319e+00 3.864583e+00 0.000000e+00 0.000000e+00 7.050328e+02 5.529232e+01 2.839848e+00 2.232465e-01 0.000000e+00 0.000000e+00 4.636308e-12 1.374164e-07 3.403718e-28 9.934040e-09 4.443625e-12 5.866387e+02 1.787965e-03 1.103527e-04 1.633787e-16 0.000000e+00 0.000000e+00 0.000000e+00
 1.600000e+01 1.996372e+02 1.554893e+02 3.683290e+00 5.925841e+00 0.000000e+00 0.000000e+00 3.766586e+02 1.083093e+02 5.376618e+00 2.245519e+00 0.000000e+00 0.000000e+00 1.645239e-08 8.754430e-06 9.083591e-14 9.047326e-07 5.237107e-09 9.784411e+02 6.292577e-01 2.857572e-02 2.647187e-11 2.093590e-24 0.000000e+00 0.000000e+00
 1.850000e+01 1.988130e+02 1.744298e+02 3.373979e+00 6.583913e+00 0.000000e+00 0.000000e+00 2.649559e+02 1.622808e+02 7.327352e+00 6.101959e+00 0.000000e+00 0.000000e+00 2.071869e-06 1.042549e-04 3.087886e-09 1.939301e-05 4.844749e-07 1.104582e+03 8.923585e+00 8.759657e-01 2.381715e-08 8.612975e-12 0.000000e+00 0.000000e+00
 2.100000e+01 1.932300e+02 1.844729e+02 2.977414e+00 6.230463e+00 0.000000e+00 0.000000e+00 2.311849e+02 2.053384e+02 7.386829e+00 1.070758e+01 0.000000e+00 0.000000e+00 4.436584e-05 4.643194e-04 4.589442e-07 1.402195e-04 1.035890e-05 1.085034e+03 3.353802e+01 3.837139e+00 3.605836e-06 1.381959e-07 4.454493e+01 0.000000e+00
 2.350000e+01 1.819970e+02 1.861772e+02 2.579194e+00 5.784542e+00 0.000000e+00 0.000000e+00 2.188722e+02 2.324271e+02 6.729731e+00 1.400237e+01 0.000000e+00 0.000000e+00 3.547862e-04 1.235139e-03 6.883287e-06 4.647133e-04 7.439645e-05 8.192446e+02 7.141189e+01 7.440632e+00 1.181385e-04 2.202362e-05 3.099413e+02 0.000000e+00
 2.600000e+01 1.704969e+02 1.857005e+02 2.220184e+00 5.011994e+00 0.000000e+00 0.000000e+00 2.141733e+02 2.512106e+02 6.083016e+00 1.513220e+01 0.000000e+00 0.000000e+00 1.291523e-03 2.328511e-03 4.947120e-05 9.582022e-04 2.517798e-04 5.064985e+02 1.155277e+02 1.053696e+01 1.153947e-03 4.732876e-04 6.024137e+02 1.583341e-08
 2.850000e+01 1.667294e+02 1.913041e+02 1.934727e+00 4.381051e+00 0.000000e+00 0.000000e+00 2.074814e+02 2.602429e+02 5.501462e+00 1.451915e+01 0.000000e+00 0.000000e+00 2.631004e-03 3.367223e-03 2.362228e-04 1.254464e-03 5.673250e-04 3.245321e+02 1.565836e+02 1.159498e+01 5.035413e-03 3.144048e-03 7.430777e+02 2.309987e+00
 3.100000e+01 1.580329e+02 1.862608e+02 1.634669e+00 3.836061e+00 0.000000e+00 0.000000e+00 1.972655e+02 2.657856e+02 5.020697e+00 1.326123e+01 0.000000e+00 0.000000e+00 3.794421e-03 4.025643e-03 6.466909e-04 1.196066e-03 9.223303e-04 2.501080e+02 1.857986e+02 1.038320e+01 1.380854e-02 1.110924e-02 7.475279e+02 4.780309e+01
 3.350000e+01 1.481565e+02 1.791855e+02 1.394610e+00 3.443618e+00 0.000000e+00 0.000000e+00 1.880278e+02 2.662684e+02 4.532882e+00 1.180270e+01 0.000000e+00 0.000000e+00 4.665739e-03 4.437275e-03 1.045255e-03 1.005429e-03 1.144981e-03 2.177466e+02 2.039566e+02 8.604499e+00 2.744428e-02 2.655391e-02 6.280954e+02 1.788662e+02
 3.600000e+01 1.383398e+02 1.725127e+02 1.201461e+00 2.970464e+00 0.000000e+00 0.000000e+00 1.819121e+02 2.658800e+02 4.053479e+00 1.055972e+01 0.000000e+00 0.000000e+00 5.227588e-03 4.664502e-03 1.249246e-03 8.326423e-04 1.175095e-03 2.020003e+02 2.163144e+02 7.161329e+00 4.237900e-02 4.734493e-02 4.560634e+02 3.389609e+02
 3.850000e+01 1.348522e+02 1.730795e+02 1.037802e+00 2.606364e+00 0.000000e+00 0.000000e+00 1.746676e+02 2.608986e+02 3.562828e+00 9.376695e+00 0.000000e+00 0.000000e+00 5.612090e-03 4.933338e-03 1.324136e-03 7.254617e-04 1.077141e-03 1.925429e+02 2.253810e+02 6.258768e+00 5.394546e-02 6.672007e-02 3.157623e+02 4.497629e+02
 4.100000e+01 1.278104e+02 1.657520e+02 9.030816e-01 2.310128e+00 0.000000e+00 0.000000e+00 1.652944e+02 2.560027e+02 3.182847e+00 8.335886e+00 0.000000e+00 0.000000e+00 5.839213e-03 5.027001e-03 1.332438e-03 6.523388e-04 9.765371e-04 1.875901e+02 2.297995e+02 5.593889e+00 6.099356e-02 8.255722e-02 2.317199e+02 5.023036e+02
 4.350000e+01 1.205070e+02 1.579739e+02 7.815466e-01 2.112599e+00 0.000000e+00 0.000000e+00 1.574904e+02 2.498772e+02 2.839652e+00 7.417692e+00 0.000000e+00 0.000000e+00 6.008797e-03 5.048359e-03 1.289451e-03 5.981557e-04 8.889566e-04 1.809877e+02 2.302482e+02 5.095523e+00 6.582652e-02 9.408393e-02 1.855742e+02 4.888574e+02
 4.600000e+01 1.127884e+02 1.503731e+02 6.834192e-01 1.892344e+00 0.000000e+00 0.000000e+00 1.516264e+02 2.437130e+02 2.535647e+00 6.641574e+00 0.000000e+00 0.000000e+00 6.024030e-03 4.962160e-03 1.241276e-03 5.502433e-04 8.003570e-04 1.733473e+02 2.287075e+02 4.683358e+00 6.946335e-02 1.017866e-01 1.624724e+02 4.211180e+02
 4.850000e+01 1.102525e+02 1.433847e+02 5.991320e-01 1.654471e+00 0.000000e+00 0.000000e+00 1.455563e+02 2.355224e+02 2.233019e+00 6.003914e+00 0.000000e+00 0.000000e+00 6.022592e-03 4.898412e-03 1.187445e-03 5.090485e-04 7.039048e-04 1.663381e+02 2.271240e+02 4.353507e+00 7.190027e-02 1.064340e-01 1.499566e+02 3.318478e+02
 5.100000e+01 1.065125e+02 1.402479e+02 5.318325e-01 1.507250e+00 0.000000e+00 0.000000e+00 1.392840e+02 2.305643e+02 2.007924e+00 5.455193e+00 0.000000e+00 0.000000e+00 5.990901e-03 4.816558e-03 1.226696e-03 4.796903e-04 6.342166e-04 1.604469e+02 2.233543e+02 4.012083e+00 7.531738e-02 1.110495e-01 1.458157e+02 2.545993e+02
 5.350000e+01 1.021932e+02 1.359509e+02 4.498854e-01 1.372265e+00 0.000000e+00 0.000000e+00 1.329426e+02 2.220012e+02 1.786220e+00 4.964076e+00 0.000000e+00 0.000000e+00 5.871317e-03 4.845562e-03 1.153051e-03 4.373640e-04 5.758994e-04 1.538919e+02 2.185341e+02 3.696893e+00 7.437477e-02 1.122273e-01 1.404983e+02 2.018324e+02
