#             0.000000e+00 2.356900e-01 7.241950e-01 7.300000e-01 7.567280e-01 7.990000e-01 8.050000e-01 8.247000e-01 8.770000e-01 1.010000e+00 1.088000e+00 1.149000e+00 1.216000e+00 1.219000e+00 1.268000e+00 1.274000e+00 1.337000e+00 1.364000e+00 1.394000e+00 1.430000e+00 1.464000e+00 1.518000e+00 1.565000e+00 1.590000e+00 1.618000e+00 1.645000e+00 1.649400e+00 1.660000e+00 1.704000e+00 1.730000e+00 1.767000e+00 0.000000e+00 0.000000e+00 0.000000e+00 0.000000e+00 0.000000e+00 0.000000e+00 0.000000e+00 0.000000e+00 0.000000e+00 0.000000e+00 1.768000e+00
 1.000000e+00 1.248765e-15 1.328533e-15 1.578837e-15 1.962556e-15 1.570475e-15 1.958656e-15 1.309863e-15 2.128853e-16 2.068541e-16 2.008542e-15 9.511364e-16 4.794522e-16 8.630681e-16 1.912796e-15 9.084224e-16 1.960682e-15 8.926345e-16 4.537653e-16 1.414674e-15 1.830460e-15 1.176541e-15 8.033070e-16 8.426879e-16 1.807485e-15 1.803355e-15 1.255451e-15 1.362036e-17 8.228160e-16 1.343557e-15 1.163265e-15 7.702206e-16 0.000000e+00 0.000000e+00 0.000000e+00 0.000000e+00 0.000000e+00 0.000000e+00 0.000000e+00 0.000000e+00 0.000000e+00 0.000000e+00 1.226003e-09
 3.500000e+00 2.755627e-04 1.912666e-04 3.163017e-04 3.345333e-04 3.152909e-04 2.999559e-04 2.463422e-04 8.714596e-05 8.391773e-05 3.377068e-04 2.404367e-04 1.464908e-04 2.042915e-04 2.947051e-04 2.338595e-04 3.320056e-04 2.312836e-04 1.459079e-04 2.940889e-04 2.893954e-04 1.765794e-04 1.988431e-04 2.225722e-04 2.869499e-04 2.865142e-04 1.836700e-04 1.440853e-05 2.188602e-04 2.829098e-04 2.261221e-04 1.884070e-04 0.000000e+00 0.000000e+00 0.000000e+00 0.000000e+00 0.000000e+00 0.000000e+00 0.000000e+00 0.000000e+00 0.000000e+00 0.000000e+00 5.993525e+00
 6.000000e+00 3.222428e-03 1.599463e-03 3.431635e-03 3.293078e-03 3.425890e-03 2.692469e-03 2.722483e-03 1.682836e-03 1.616000e-03 3.291996e-03 3.002574e-03 2.183770e-03 2.586927e-03 2.658670e-03 2.963880e-03 3.257730e-03 2.948826e-03 2.278054e-03 3.307163e-03 2.642678e-03 1.515003e-03 2.589454e-03 2.898132e-03 2.626945e-03 2.624133e-03 1.545935e-03 5.459645e-04 2.876550e-03 3.244552e-03 2.596135e-03 2.491214e-03 0.000000e+00 0.000000e+00 0.000000e+00 0.000000e+00 0.000000e+00 0.000000e+00 0.000000e+00 0.000000e+00 0.000000e+00 0.000000e+00 1.538386e+02
 8.500000e+00 9.004382e-04 3.152617e-04 8.533839e-04 7.462211e-04 8.521547e-04 5.625331e-04 6.751826e-04 6.911720e-04 6.542016e-04 7.412014e-04 8.532062e-04 7.211385e-04 7.308325e-04 5.536601e-04 8.451903e-04 7.331386e-04 8.421035e-04 7.797792e-04 8.276238e-04 5.500671e-04 2.992610e-04 7.256825e-04 8.318478e-04 5.464747e-04 5.458418e-04 2.997002e-04 3.864359e-04 8.275490e-04 8.153719e-04 6.466461e-04 7.096765e-04 0.000000e+00 0.000000e+00 0.000000e+00 0.000000e+00 0.000000e+00 0.000000e+00 0.000000e+00 0.000000e+00 0.000000e+00 0.000000e+00 1.775583e+02
 1.100000e+01 1.482705e-04 4.113610e-05 1.292562e-04 1.060918e-04 1.290707e-04 7.598681e-05 9.958063e-05 1.443422e-04 1.316482e-04 1.049677e-04 1.413219e-04 1.281811e-04 1.170406e-04 7.457968e-05 1.401428e-04 1.037101e-04 1.396885e-04 1.446438e-04 1.253850e-04 7.374309e-05 3.888815e-05 1.155792e-04 1.381783e-04 7.317833e-05 7.307909e-05 3.859505e-05 1.102805e-04 1.375450e-04 1.235551e-04 9.520335e-05 1.138412e-04 0.000000e+00 0.000000e+00 0.000000e+00 0.000000e+00 0.000000e+00 0.000000e+00 0.000000e+00 0.000000e+00 0.000000e+00 0.000000e+00 1.959171e+02
 1.350000e+01 2.274410e-05 5.355018e-06 1.874492e-05 1.472753e-05 1.871742e-05 1.017768e-05 1.405795e-05 2.570033e-05 2.258283e-05 1.452268e-05 2.171649e-05 2.036280e-05 1.740796e-05 9.967587e-06 2.154196e-05 1.433721e-05 2.147479e-05 2.382029e-05 1.817218e-05 9.813042e-06 5.070801e-06 1.714873e-05 2.125188e-05 9.731600e-06 9.717330e-06 4.989368e-06 2.397000e-05 2.115860e-05 1.790316e-05 1.341096e-05 1.693543e-05 0.000000e+00 0.000000e+00 0.000000e+00 0.000000e+00 0.000000e+00 0.000000e+00 0.000000e+00 0.000000e+00 0.000000e+00 0.000000e+00 2.107109e+02
 1.600000e+01 3.600042e-06 7.508371e-07 2.854143e-06 2.175616e-06 2.850313e-06 1.464886e-06 2.096832e-06 4.510486e-06 3.840796e-06 2.136760e-06 3.455037e-06 3.297093e-06 2.697701e-06 1.436424e-06 3.429773e-06 2.110984e-06 3.419993e-06 3.969799e-06 2.773307e-06 1.405196e-06 7.154369e-07 2.651738e-06 3.387302e-06 1.394094e-06 1.392141e-06 7.027061e-07 4.823280e-06 3.373515e-06 2.734522e-06 2.006148e-06 2.628961e-06 0.000000e+00 0.000000e+00 0.000000e+00 0.000000e+00 0.000000e+00 0.000000e+00 0.000000e+00 0.000000e+00 0.000000e+00 0.000000e+00 2.133722e+02
 1.850000e+01 5.918314e-07 1.116733e-07 4.540408e-07 3.380077e-07 4.534883e-07 2.219567e-07 3.276618e-07 8.011066e-07 6.635561e-07 3.304539e-07 5.702690e-07 5.497040e-07 4.350220e-07 2.181506e-07 5.666142e-07 3.269293e-07 5.652046e-07 6.787149e-07 4.425384e-07 2.133401e-07 1.071782e-07 4.265668e-07 5.605101e-07 2.118806e-07 2.116244e-07 1.052968e-07 9.452987e-07 5.585363e-07 4.371040e-07 3.152907e-07 4.254732e-07 0.000000e+00 0.000000e+00 0.000000e+00 0.000000e+00 0.000000e+00 0.000000e+00 0.000000e+00 0.000000e+00 0.000000e+00 0.000000e+00 2.140985e+02
 2.100000e+01 1.042044e-07 1.812653e-08 7.752156e-08 5.660219e-08 7.742608e-08 3.646475e-08 5.505978e-08 1.497078e-07 1.209459e-07 5.516103e-08 1.003539e-07 9.732530e-08 7.491458e-08 3.583894e-08 9.971883e-08 5.457941e-08 9.947551e-08 1.227644e-07 7.556186e-08 3.504129e-08 1.743896e-08 7.318046e-08 9.867179e-08 3.480926e-08 3.476873e-08 1.709786e-08 1.899220e-07 9.833698e-08 7.465861e-08 5.300769e-08 7.331778e-08 0.000000e+00 0.000000e+00 0.000000e+00 0.000000e+00 0.000000e+00 0.000000e+00 0.000000e+00 0.000000e+00 0.000000e+00 0.000000e+00 2.046588e+02
 2.350000e+01 1.907928e-08 3.110164e-09 1.382872e-08 9.946658e-09 1.381147e-08 6.321842e-09 9.700012e-09 2.878344e-08 2.273564e-08 9.675053e-09 1.836090e-08 1.788055e-08 1.345865e-08 6.213075e-09 1.824162e-08 9.572273e-09 1.819589e-08 2.294687e-08 1.347370e-08 6.068481e-09 3.001698e-09 1.309078e-08 1.804480e-08 6.028122e-09 6.021070e-09 2.935094e-09 3.864435e-08 1.798188e-08 1.330974e-08 9.332861e-09 1.316387e-08 0.000000e+00 0.000000e+00 0.000000e+00 0.000000e+00 0.000000e+00 0.000000e+00 0.000000e+00 0.000000e+00 0.000000e+00 0.000000e+00 2.015668e+02
 2.600000e+01 3.736213e-09 5.780520e-10 2.652664e-09 1.884766e-09 2.649505e-09 1.186222e-09 1.841837e-09 5.883295e-09 4.551940e-09 1.832078e-09 3.600752e-09 3.517395e-09 2.598482e-09 1.167038e-09 3.578021e-09 1.813571e-09 3.569285e-09 4.579122e-09 2.587348e-09 1.138799e-09 5.610664e-10 2.520406e-09 3.540335e-09 1.131622e-09 1.130366e-09 5.475506e-10 8.287282e-09 3.528237e-09 2.556934e-09 1.775419e-09 2.543457e-09 0.000000e+00 0.000000e+00 0.000000e+00 0.000000e+00 0.000000e+00 0.000000e+00 0.000000e+00 0.000000e+00 0.000000e+00 0.000000e+00 1.920433e+02
 2.850000e+01 7.696120e-10 1.142789e-10 5.375128e-10 3.780302e-10 5.369126e-10 2.362553e-10 3.700149e-10 1.258745e-09 9.553733e-10 3.674312e-10 7.431973e-10 7.276714e-10 5.287981e-10 2.327326e-10 7.387805e-10 3.639820e-10 7.370835e-10 9.593378e-10 5.251203e-10 2.268842e-10 1.115063e-10 5.126216e-10 7.314603e-10 2.255669e-10 2.253363e-10 1.087099e-10 1.849217e-09 7.291100e-10 5.193572e-10 3.576543e-10 5.183663e-10 0.000000e+00 0.000000e+00 0.000000e+00 0.000000e+00 0.000000e+00 0.000000e+00 0.000000e+00 0.000000e+00 0.000000e+00 0.000000e+00 1.822837e+02
 3.100000e+01 1.662649e-10 2.392677e-11 1.146053e-10 7.996065e-11 1.144826e-10 4.971762e-11 7.836001e-11 2.810226e-10 2.095806e-10 7.770884e-11 1.607327e-10 1.576411e-10 1.130484e-10 4.901803e-11 1.598159e-10 7.701671e-11 1.594644e-10 2.101554e-10 1.120827e-10 4.774988e-11 2.342943e-11 1.095891e-10 1.583018e-10 4.748953e-11 4.744402e-11 2.282761e-11 4.282556e-10 1.578171e-10 1.109169e-10 7.588665e-11 1.109309e-10 0.000000e+00 0.000000e+00 0.000000e+00 0.000000e+00 0.000000e+00 0.000000e+00 0.000000e+00 0.000000e+00 0.000000e+00 0.000000e+00 1.710080e+02
 3.350000e+01 3.704177e-11 5.206302e-12 2.527102e-11 1.752735e-11 2.524466e-11 1.085733e-11 1.719307e-11 6.439689e-11 4.727873e-11 1.702888e-11 3.582605e-11 3.518186e-11 2.497779e-11 1.071040e-11 3.562541e-11 1.688233e-11 3.554854e-11 4.734869e-11 2.472986e-11 1.042776e-11 5.110673e-12 2.420886e-11 3.529470e-11 1.037327e-11 1.036375e-11 4.977142e-12 1.013217e-10 3.518899e-11 2.448056e-11 1.666990e-11 2.452382e-11 0.000000e+00 0.000000e+00 0.000000e+00 0.000000e+00 0.000000e+00 0.000000e+00 0.000000e+00 0.000000e+00 0.000000e+00 0.000000e+00 1.655655e+02
 3.600000e+01 8.573384e-12 1.183755e-12 5.803009e-12 4.007021e-12 5.797114e-12 2.475450e-12 3.933850e-12 1.527134e-11 1.105898e-11 3.891860e-12 8.296541e-12 8.155755e-12 5.745097e-12 2.443199e-12 8.250858e-12 3.859467e-12 8.233356e-12 1.106449e-11 5.682006e-12 2.377796e-12 1.164406e-12 5.567861e-12 8.175567e-12 2.365852e-12 2.363764e-12 1.133745e-12 2.471719e-11 8.151509e-12 5.626266e-12 3.818204e-12 5.643610e-12 0.000000e+00 0.000000e+00 0.000000e+00 0.000000e+00 0.000000e+00 0.000000e+00 0.000000e+00 0.000000e+00 0.000000e+00 0.000000e+00 1.571246e+02
 3.850000e+01 2.094818e-12 2.854000e-13 1.409435e-12 9.699878e-13 1.408048e-12 5.980828e-13 9.529664e-13 3.810283e-12 2.726937e-12 9.419321e-13 2.028726e-12 1.996023e-12 1.397352e-12 5.906064e-13 2.017821e-12 9.343790e-13 2.013644e-12 2.726461e-12 1.380957e-12 5.746600e-13 2.812446e-13 1.354397e-12 1.999850e-12 5.718923e-13 5.714086e-13 2.738491e-13 6.325076e-12 1.994107e-12 1.367836e-12 9.260057e-13 1.373481e-12 0.000000e+00 0.000000e+00 0.000000e+00 0.000000e+00 0.000000e+00 0.000000e+00 0.000000e+00 0.000000e+00 0.000000e+00 0.000000e+00 1.487733e+02
 4.100000e+01 5.326846e-13 7.186596e-14 3.568068e-13 2.449548e-13 3.564666e-13 1.508307e-13 2.408094e-13 9.862654e-13 6.988515e-13 2.378624e-13 5.162924e-13 5.083406e-13 3.541972e-13 1.490208e-13 5.135926e-13 2.360254e-13 5.125582e-13 6.984035e-13 3.498279e-13 1.449905e-13 7.092732e-14 3.433616e-13 5.091436e-13 1.443206e-13 1.442036e-13 6.907575e-14 1.674717e-12 5.077223e-13 3.466146e-13 2.342553e-13 3.483540e-13 0.000000e+00 0.000000e+00 0.000000e+00 0.000000e+00 0.000000e+00 0.000000e+00 0.000000e+00 0.000000e+00 0.000000e+00 0.000000e+00 1.394691e+02
 4.350000e+01 1.391514e-13 1.864214e-14 9.290477e-14 6.366700e-14 9.281872e-14 3.916618e-14 6.262462e-14 2.615001e-13 1.837570e-13 6.182859e-14 1.349661e-13 1.329698e-13 9.232562e-14 3.871305e-14 1.342777e-13 6.136698e-14 1.340141e-13 1.835707e-13 9.114029e-14 3.767051e-14 1.842067e-14 8.951494e-14 1.331443e-13 3.750294e-14 3.747366e-14 1.794480e-14 4.531125e-13 1.327824e-13 9.032876e-14 6.097890e-14 9.085079e-14 0.000000e+00 0.000000e+00 0.000000e+00 0.000000e+00 0.000000e+00 0.000000e+00 0.000000e+00 0.000000e+00 0.000000e+00 0.000000e+00 1.311665e+02
 4.600000e+01 3.686967e-14 4.914877e-15 2.455768e-14 1.680722e-14 2.453551e-14 1.033291e-14 1.654032e-14 7.014629e-14 4.895450e-14 1.632444e-14 3.578295e-14 3.527258e-14 2.442671e-14 1.021721e-14 3.560445e-14 1.620622e-14 3.553612e-14 4.888938e-14 2.410344e-14 9.944334e-15 4.860994e-15 2.368739e-14 3.531070e-14 9.901557e-15 9.894084e-15 4.736993e-15 1.237518e-13 3.521695e-14 2.389465e-14 1.611904e-14 2.404754e-14 0.000000e+00 0.000000e+00 0.000000e+00 0.000000e+00 0.000000e+00 0.000000e+00 0.000000e+00 0.000000e+00 0.000000e+00 0.000000e+00 1.285243e+02
 4.850000e+01 1.032748e-14 1.371922e-15 6.867274e-15 4.695395e-15 6.861221e-15 2.885562e-15 4.622939e-15 1.984869e-14 1.377530e-14 4.561508e-15 1.002888e-14 9.890527e-15 6.835724e-15 2.854183e-15 9.979864e-15 4.529381e-15 9.961106e-15 1.375321e-14 6.743270e-15 2.778784e-15 1.357872e-15 6.630343e-15 9.899236e-15 2.767187e-15 2.765161e-15 1.323730e-15 3.557834e-14 9.873509e-15 6.686313e-15 4.508467e-15 6.732344e-15 0.000000e+00 0.000000e+00 0.000000e+00 0.000000e+00 0.000000e+00 0.000000e+00 0.000000e+00 0.000000e+00 0.000000e+00 0.000000e+00 1.221288e+02
 5.100000e+01 2.968744e-15 3.935317e-16 1.972023e-15 1.347417e-15 1.970325e-15 8.279078e-16 1.327179e-15 5.752611e-15 3.974847e-15 1.309387e-15 2.884510e-15 2.845923e-15 1.964159e-15 8.191506e-16 2.870694e-15 1.300404e-15 2.865407e-15 3.967611e-15 1.937232e-15 7.977995e-16 3.897286e-16 1.905695e-15 2.847971e-15 7.945626e-16 7.939972e-16 3.800884e-16 1.045587e-14 2.840722e-15 1.921257e-15 1.295181e-15 1.935179e-15 0.000000e+00 0.000000e+00 0.000000e+00 0.000000e+00 0.000000e+00 0.000000e+00 0.000000e+00 0.000000e+00 0.000000e+00 0.000000e+00 1.161877e+02
 5.350000e+01 8.796106e-16 1.164439e-16 5.839341e-16 3.987681e-16 5.834420e-16 2.449985e-16 3.929324e-16 1.716037e-15 1.181508e-15 3.876503e-16 8.551062e-16 8.439957e-16 5.818984e-16 2.424726e-16 8.510888e-16 3.850547e-16 8.495515e-16 1.179137e-15 5.738549e-16 2.362474e-16 1.153701e-16 5.647622e-16 8.444827e-16 2.353135e-16 2.351503e-16 1.125656e-16 3.157719e-15 8.423756e-16 5.692283e-16 3.836912e-16 5.735099e-16 0.000000e+00 0.000000e+00 0.000000e+00 0.000000e+00 0.000000e+00 0.000000e+00 0.000000e+00 0.000000e+00 0.000000e+00 0.000000e+00 1.145026e+02
