#             0.000000e+00 1.593710e-01 1.250700e+00 1.252090e+00 1.444250e+00 1.549650e+00 1.670000e+00 1.793800e+00 1.825000e+00 2.163200e+00 2.166700e+00 2.259500e+00 2.297100e+00 2.344000e+00 2.364900e+00 2.406200e+00 2.416300e+00 2.499400e+00 2.520000e+00 2.525800e+00 2.548200e+00 2.572900e+00 2.599600e+00 2.619400e+00 2.668000e+00 2.682300e+00 2.695000e+00 2.748870e+00 2.757600e+00 2.785100e+00 2.793200e+00 2.800200e+00 2.809500e+00 2.828500e+00 2.838900e+00 2.846300e+00 2.855000e+00 2.868000e+00 3.033100e+00 3.051500e+00 3.176000e+00 3.177000e+00
 1.000000e+00 8.836057e-08 5.128390e-08 8.143989e-08 1.685405e-08 3.492579e-09 7.493409e-08 6.258632e-08 5.430788e-08 5.808287e-08 6.051197e-08 4.506205e-08 4.639314e-08 4.215974e-08 2.380664e-08 5.079345e-08 8.819408e-09 1.904898e-08 4.010891e-08 4.792462e-08 3.715833e-08 5.111403e-08 4.692802e-08 1.668056e-08 1.643307e-08 3.101955e-10 1.349572e-09 4.966724e-08 4.972313e-11 1.475518e-08 4.716591e-08 3.723693e-08 4.674958e-08 3.120285e-08 1.392976e-08 4.404784e-08 3.045611e-08 3.137019e-08 1.644097e-08 2.677186e-08 2.641911e-08 2.431785e-08 1.617353e-03
 3.500000e+00 1.492452e+00 1.153498e+00 1.311122e+00 6.123759e-01 2.830747e-01 1.272415e+00 9.072075e-01 8.383434e-01 1.311854e+00 1.183000e+00 1.142858e+00 1.231395e+00 1.118042e+00 8.663187e-01 8.465459e-01 4.735144e-01 7.829203e-01 1.182768e+00 8.306388e-01 1.072883e+00 1.118331e+00 8.249892e-01 7.507984e-01 7.472920e-01 8.098882e-02 1.946377e-01 1.194341e+00 2.604815e-02 7.226048e-01 1.175127e+00 7.379025e-01 1.171849e+00 1.013671e+00 7.097883e-01 1.064277e+00 1.005713e+00 1.104155e+00 7.724230e-01 9.642903e-01 9.601158e-01 1.025766e+00 1.177045e+02
 6.000000e+00 1.251935e+00 1.263722e+00 9.251459e-01 1.003097e+00 7.499623e-01 9.024607e-01 5.319652e-01 5.077535e-01 1.097943e+00 8.545106e-01 1.032836e+00 1.053061e+00 1.018758e+00 1.035310e+00 5.029462e-01 8.753443e-01 1.006944e+00 1.027889e+00 4.962541e-01 9.938618e-01 8.234930e-01 4.939525e-01 9.851414e-01 9.827803e-01 4.299720e-01 6.323958e-01 8.352633e-01 2.454568e-01 9.662665e-01 8.277382e-01 4.634023e-01 8.264718e-01 9.626005e-01 9.577713e-01 7.995635e-01 9.585130e-01 9.900210e-01 9.723453e-01 9.376399e-01 9.355722e-01 9.551669e-01 4.334832e+02
 8.500000e+00 4.029311e-01 4.750730e-01 2.690249e-01 4.677730e-01 4.485801e-01 2.629580e-01 1.407406e-01 1.354391e-01 3.568422e-01 2.501630e-01 3.415480e-01 3.442278e-01 3.375734e-01 4.014469e-01 1.330400e-01 4.256168e-01 4.003567e-01 3.371161e-01 1.312849e-01 3.305256e-01 2.418927e-01 1.306833e-01 3.938046e-01 3.930926e-01 3.534667e-01 4.037682e-01 2.387133e-01 2.826533e-01 3.881006e-01 2.367338e-01 1.242458e-01 2.364013e-01 3.216532e-01 3.855247e-01 2.355288e-01 3.204924e-01 3.263917e-01 3.821879e-01 3.145673e-01 3.139808e-01 3.165382e-01 4.244686e+02
 1.100000e+01 1.109750e-01 1.450087e-01 6.923345e-02 1.611957e-01 1.787301e-01 6.765067e-02 3.403171e-02 3.279016e-02 9.893760e-02 6.441911e-02 9.466577e-02 9.566204e-02 9.367793e-02 1.236240e-01 3.216665e-02 1.487757e-01 1.240616e-01 9.385180e-02 3.175461e-02 9.194297e-02 6.240301e-02 3.161440e-02 1.223318e-01 1.221446e-01 1.711605e-01 1.645759e-01 6.066296e-02 1.643287e-01 1.208357e-01 6.020350e-02 3.022591e-02 6.012651e-02 8.978500e-02 1.201628e-01 6.088538e-02 8.950450e-02 9.116364e-02 1.185579e-01 8.807824e-02 8.793751e-02 8.872876e-02 3.167995e+02
 1.350000e+01 2.905836e-02 4.149423e-02 1.736236e-02 5.012370e-02 6.157585e-02 1.696655e-02 8.129795e-03 7.827970e-03 2.642830e-02 1.615010e-02 2.486943e-02 2.554291e-02 2.461242e-02 3.522312e-02 7.685770e-03 4.643515e-02 3.562635e-02 2.505266e-02 7.587055e-03 2.416170e-02 1.563770e-02 7.553445e-03 3.513505e-02 3.508194e-02 6.639375e-02 5.708843e-02 1.501325e-02 7.235540e-02 3.471113e-02 1.490023e-02 7.213968e-03 1.488131e-02 2.360328e-02 3.452084e-02 1.525220e-02 2.353094e-02 2.432608e-02 3.381206e-02 2.316424e-02 2.312817e-02 2.367194e-02 2.576663e+02
 1.600000e+01 7.569731e-03 1.171687e-02 4.367512e-03 1.508867e-02 2.009978e-02 4.278017e-03 1.981314e-03 1.900213e-03 7.051184e-03 4.092815e-03 6.568842e-03 6.836618e-03 6.507000e-03 9.895555e-03 1.884262e-03 1.406642e-02 1.020249e-02 6.716816e-03 1.862489e-03 6.398089e-03 3.975523e-03 1.855053e-03 1.007263e-02 1.005855e-02 2.361949e-02 1.877238e-02 3.798689e-03 2.809247e-02 9.959891e-03 3.772482e-03 1.764937e-03 3.768086e-03 6.262234e-03 9.909062e-03 3.886449e-03 6.244554e-03 6.537585e-03 9.528731e-03 6.154626e-03 6.145752e-03 6.374255e-03 2.344485e+02
 1.850000e+01 2.039239e-03 3.356783e-03 1.140626e-03 4.533413e-03 6.456803e-03 1.118821e-03 5.058726e-04 4.831765e-04 1.919866e-03 1.074415e-03 1.784703e-03 1.866163e-03 1.769517e-03 2.814528e-03 4.833326e-04 4.250158e-03 2.950657e-03 1.836520e-03 4.783386e-04 1.742887e-03 1.046730e-03 4.766378e-04 2.917185e-03 2.913561e-03 8.103411e-03 6.071667e-03 9.972474e-04 1.028368e-02 2.888225e-03 9.911224e-04 4.519652e-04 9.900962e-04 1.709841e-03 2.875195e-03 1.025888e-03 1.705552e-03 1.792549e-03 2.720282e-03 1.683772e-03 1.681625e-03 1.752782e-03 2.195824e+02
 2.100000e+01 5.742747e-04 9.874034e-04 3.134891e-04 1.378571e-03 2.076580e-03 3.076293e-04 1.367323e-04 1.300424e-04 5.429085e-04 2.957905e-04 5.036546e-04 5.280604e-04 4.995270e-04 8.227955e-04 1.308464e-04 1.293946e-03 8.677727e-04 5.199354e-04 1.295541e-04 4.923213e-04 2.884895e-04 1.291150e-04 8.582318e-04 8.572026e-04 2.739474e-03 1.956525e-03 2.737554e-04 3.650297e-03 8.500274e-04 2.721577e-04 1.220076e-04 2.718904e-04 4.834404e-04 8.463515e-04 2.830406e-04 4.822930e-04 5.079861e-04 7.964830e-04 4.764843e-04 4.759135e-04 4.972930e-04 2.085274e+02
 2.350000e+01 1.689408e-04 3.000494e-04 9.066918e-05 4.299745e-04 6.784720e-04 8.902074e-05 3.909551e-05 3.702816e-05 1.602703e-04 8.568650e-05 1.485681e-04 1.559796e-04 1.473755e-04 2.490849e-04 3.746113e-05 4.036788e-04 2.637170e-04 1.536322e-04 3.710207e-05 1.452943e-04 8.362943e-05 3.698009e-05 2.608210e-04 2.605088e-04 9.293345e-04 6.393137e-04 7.909111e-05 1.286807e-03 2.583331e-04 7.864223e-05 3.481706e-05 7.856714e-05 1.427313e-04 2.572193e-04 8.209490e-05 1.424004e-04 1.501824e-04 2.413008e-04 1.407264e-04 1.405620e-04 1.471000e-04 1.995513e+02
 2.600000e+01 5.154874e-05 9.354910e-05 2.742731e-05 1.369925e-04 2.242138e-04 2.695293e-05 1.175036e-05 1.110153e-05 4.913723e-05 2.599148e-05 4.558145e-05 4.787980e-05 4.523093e-05 7.778990e-05 1.128361e-05 1.288502e-04 8.256847e-05 4.719091e-05 1.118084e-05 4.461872e-05 2.539690e-05 1.114594e-05 8.168965e-05 8.159484e-05 3.165119e-04 2.115181e-04 2.396669e-05 4.517893e-04 8.093393e-05 2.383691e-05 1.047165e-05 2.381519e-05 4.386399e-05 8.059541e-05 2.495257e-05 4.376646e-05 4.617722e-05 7.544876e-05 4.327279e-05 4.322429e-05 4.526992e-05 1.901073e+02
 2.850000e+01 1.629100e-05 2.995527e-05 8.637967e-06 4.465500e-05 7.520154e-05 8.496818e-06 3.688581e-06 3.481517e-06 1.560849e-05 8.210817e-06 1.449175e-05 1.523065e-05 1.438623e-05 2.504506e-05 3.550522e-06 4.211141e-05 2.658620e-05 1.502366e-05 3.520113e-06 1.420193e-05 8.033874e-06 3.509775e-06 2.631718e-05 2.628816e-05 1.088753e-04 7.108930e-05 7.571414e-06 1.594018e-04 2.608587e-05 7.532778e-06 3.295320e-06 7.526312e-06 1.397465e-05 2.598225e-05 7.901557e-06 1.394528e-05 1.471898e-05 2.432862e-05 1.379659e-05 1.378198e-05 1.444617e-05 1.807943e+02
 3.100000e+01 5.330143e-06 9.873339e-06 2.823805e-06 1.492290e-05 2.567242e-05 2.780014e-06 1.204396e-06 1.136603e-06 5.128648e-06 2.691378e-06 4.766181e-06 5.010893e-06 4.733228e-06 8.305365e-06 1.161716e-06 1.410699e-05 8.806025e-06 4.946402e-06 1.152326e-06 4.675661e-06 2.636575e-06 1.149135e-06 8.721280e-06 8.712143e-06 3.795773e-05 2.431802e-05 2.483323e-06 5.676641e-05 8.648462e-06 2.471361e-06 1.079106e-06 2.469360e-06 4.604773e-06 8.615855e-06 2.595640e-06 4.595615e-06 4.851612e-06 8.079597e-06 4.549265e-06 4.544712e-06 4.766797e-06 1.719223e+02
 3.350000e+01 1.806588e-06 3.360220e-06 9.575077e-07 5.131779e-06 8.959813e-06 9.433199e-07 4.083838e-07 3.854578e-07 1.744232e-06 9.146319e-07 1.622590e-06 1.706006e-06 1.611867e-06 2.841687e-06 3.945915e-07 4.861009e-06 3.009452e-06 1.685093e-06 3.915572e-07 1.593154e-06 8.969135e-07 3.905261e-07 2.981714e-06 2.978725e-06 1.347942e-05 8.500928e-06 8.446990e-07 2.050298e-05 2.957895e-06 8.408299e-07 3.668914e-07 8.401826e-07 1.570108e-06 2.947233e-06 8.836803e-07 1.567132e-06 1.654356e-06 2.767775e-06 1.552074e-06 1.550595e-06 1.626877e-06 1.634857e+02
 3.600000e+01 6.332320e-07 1.180367e-06 3.360310e-07 1.817030e-06 3.203858e-06 3.312500e-07 1.434004e-07 1.353933e-07 6.131825e-07 3.215826e-07 5.709778e-07 6.002800e-07 5.673530e-07 1.002910e-06 1.387547e-07 1.724138e-06 1.061119e-06 5.932263e-07 1.377331e-07 5.610290e-07 3.156152e-07 1.373859e-07 1.051688e-06 1.050674e-06 4.888564e-06 3.043588e-06 2.972972e-07 7.536329e-06 1.043610e-06 2.959940e-07 1.291388e-07 2.957760e-07 5.532320e-07 1.039995e-06 3.111530e-07 5.522269e-07 5.828509e-07 9.777847e-07 5.471418e-07 5.466424e-07 5.735899e-07 1.554445e+02
 3.850000e+01 2.290059e-07 4.272315e-07 1.217265e-07 6.617139e-07 1.174665e-06 1.200586e-07 5.199187e-08 4.911149e-08 2.223300e-07 1.166857e-07 2.072246e-07 2.178289e-07 2.059602e-07 3.645902e-07 5.037152e-08 6.288935e-07 3.854140e-07 2.153667e-07 5.001498e-08 2.037493e-07 1.146053e-07 4.989382e-08 3.821172e-07 3.817620e-07 1.813047e-06 1.117227e-06 1.080000e-07 2.826304e-06 3.792875e-07 1.075450e-07 4.692979e-08 1.074688e-07 2.010276e-07 3.780213e-07 1.130506e-07 2.006762e-07 2.117492e-07 3.557770e-07 1.988986e-07 1.987240e-07 2.085166e-07 1.478082e+02
 4.100000e+01 8.528430e-08 1.590922e-07 4.542093e-08 2.476069e-07 4.416368e-07 4.481974e-08 1.942030e-08 1.835506e-08 8.299076e-08 4.360399e-08 7.742374e-08 8.136767e-08 7.696640e-08 1.363232e-07 1.883558e-08 2.356660e-07 1.439867e-07 8.048042e-08 1.870697e-08 7.616859e-08 4.285345e-08 1.866327e-08 1.427910e-07 1.426628e-07 6.880265e-07 4.204942e-07 4.040349e-08 1.082834e-06 1.417697e-07 4.023939e-08 1.756653e-08 4.021193e-08 7.518362e-08 1.413128e-07 4.229138e-08 7.505687e-08 7.917395e-08 1.331294e-07 7.441560e-08 7.435263e-08 7.800941e-08 1.406159e+02
 4.350000e+01 3.230100e-08 6.021339e-08 1.723697e-08 9.406874e-08 1.683219e-07 1.701599e-08 7.378122e-09 6.978011e-09 3.149427e-08 1.656954e-08 2.940920e-08 3.089883e-08 2.924097e-08 5.178980e-08 7.163182e-09 8.965259e-08 5.465719e-08 3.057293e-08 7.115859e-09 2.894751e-08 1.629364e-08 7.099776e-09 5.421961e-08 5.417246e-08 2.642923e-07 1.604448e-07 1.537221e-08 4.194007e-07 5.384408e-08 1.531181e-08 6.688047e-09 1.530171e-08 2.858626e-08 5.367606e-08 1.608762e-08 2.853963e-08 3.009415e-08 5.061479e-08 2.830372e-08 2.828055e-08 2.966632e-08 1.341772e+02
 4.600000e+01 1.267918e-08 2.360866e-08 6.778953e-09 3.698974e-08 6.631796e-08 6.694493e-09 2.904990e-09 2.749386e-09 1.238233e-08 6.523705e-09 1.157285e-08 1.215473e-08 1.150775e-08 2.037191e-08 2.822479e-09 3.529112e-08 2.148348e-08 1.202954e-08 2.804381e-09 1.139561e-08 6.417852e-09 2.798230e-09 2.131647e-08 2.129848e-08 1.047992e-07 6.327011e-08 6.059003e-09 1.675002e-07 2.117316e-08 6.035910e-09 2.638088e-09 6.032046e-09 1.125759e-08 2.110904e-08 6.339154e-09 1.123977e-08 1.184686e-08 1.992254e-08 1.114965e-08 1.114080e-08 1.168364e-08 1.278586e+02
 4.850000e+01 5.164784e-09 9.602632e-09 2.766405e-09 1.507889e-08 2.706257e-08 2.732825e-09 1.186911e-09 1.124159e-09 5.050736e-09 2.665040e-09 4.724948e-09 4.960358e-09 4.699375e-09 8.312370e-09 1.154140e-09 1.440290e-08 8.759383e-09 4.910965e-09 1.146931e-09 4.654771e-09 2.623121e-09 1.144481e-09 8.693056e-09 8.685911e-09 4.300076e-08 2.584366e-08 2.478234e-09 6.915764e-08 8.636145e-09 2.469040e-09 1.079865e-09 2.467501e-09 4.599873e-09 8.610685e-09 2.591819e-09 4.592787e-09 4.838408e-09 8.133557e-09 4.556942e-09 4.553423e-09 4.773583e-09 1.219531e+02
 5.100000e+01 2.162182e-09 4.012657e-09 1.160155e-09 6.311180e-09 1.132981e-08 1.146396e-09 4.983271e-10 4.722920e-10 2.116247e-09 1.118462e-09 1.981655e-09 2.079301e-09 1.971187e-09 3.482729e-09 4.848352e-10 6.032900e-09 3.667206e-09 2.059110e-09 4.818796e-10 1.952929e-09 1.101300e-09 4.808752e-10 3.640109e-09 3.637190e-09 1.807801e-08 1.082621e-08 1.041279e-09 2.923188e-08 3.616860e-09 1.037511e-09 4.541096e-10 1.036880e-09 1.930458e-09 3.606461e-09 1.088484e-09 1.927558e-09 2.029451e-09 3.409541e-09 1.912886e-09 1.911446e-09 2.002955e-09 1.129654e+02
 5.350000e+01 9.073735e-10 1.680703e-09 4.876721e-10 2.646991e-09 4.751061e-09 4.820092e-10 2.097037e-10 1.989219e-10 8.889732e-10 4.705589e-10 8.332226e-10 8.737811e-10 8.289124e-10 1.462767e-09 2.041621e-10 2.532579e-09 1.539062e-09 8.654795e-10 2.029432e-10 8.213951e-10 4.634909e-10 2.025289e-10 1.527930e-09 1.526731e-09 7.608640e-09 4.543369e-09 4.385728e-10 1.236160e-08 1.518380e-09 4.370190e-10 1.914136e-10 4.367591e-10 8.121443e-10 1.514108e-09 4.582133e-10 8.109503e-10 8.532862e-10 1.432645e-09 8.049108e-10 8.043178e-10 8.423937e-10 1.100341e+02
